TPAR
20230501.0000     0.2165     3.1404   102.5495    30.0
20230501.0100     0.2148     3.1184   103.2297    30.0
20230501.0200     0.2111     3.1252   104.5078    30.0
20230501.0300     0.2062     3.1528   105.9834    30.0
20230501.0400     0.2010     3.1874   107.4974    30.0
20230501.0500     0.1961     3.2134   108.8907    30.0
20230501.0600     0.1995     3.1035   111.4359    30.0
20230501.0700     0.2205     2.9094   127.1243    30.0
20230501.0800     0.2355     2.8416   137.8592    30.0
20230501.0900     0.2328     2.8442   139.8834    30.0
20230501.1000     0.2421     2.8279   156.5426    30.0
20230501.1100     0.2376     2.8402   156.4987    30.0
20230501.1200     0.2353     2.8283   156.6468    30.0
20230501.1300     0.2359     2.8091   157.5903    30.0
20230501.1400     0.2352     2.7939   156.8333    30.0
20230501.1500     0.2356     2.7616   154.6940    30.0
20230501.1600     0.2321     2.7659   153.3666    30.0
20230501.1700     0.2260     2.7969   152.3627    30.0
20230501.1800     0.2275     2.7608   149.4006    30.0
20230501.1900     0.2279     2.7428   145.8570    30.0
20230501.2000     0.2280     2.7326   142.8784    30.0
20230501.2100     0.2271     2.7321   141.2876    30.0
20230501.2200     0.2106     2.8082   138.9673    30.0
20230501.2300     0.2124     2.7851   137.6892    30.0
20230502.0000     0.2128     2.7916   135.7419    30.0
20230502.0100     0.2244     2.7147   129.0112    30.0
20230502.0200     0.2513     2.6479   113.0651    30.0
20230502.0300     0.2527     2.6589   110.2182    30.0
20230502.0400     0.2473     2.6957   112.2971    30.0
20230502.0500     0.2571     2.6721   118.0733    30.0
20230502.0600     0.2780     2.6524   125.3854    30.0
20230502.0700     0.2853     2.6712   129.8505    30.0
20230502.0800     0.2800     2.7221   130.2893    30.0
20230502.0900     0.2778     2.7511   130.3442    30.0
20230502.1000     0.2599     2.8234   130.3442    30.0
20230502.1100     0.2531     2.8810   129.7189    30.0
20230502.1200     0.2486     2.9339   129.3459    30.0
20230502.1300     0.2500     2.9390   128.8193    30.0
20230502.1400     0.2553     2.9313   126.6196    30.0
20230502.1500     0.2613     2.9207   124.6394    30.0
20230502.1600     0.2635     2.9380   124.4364    30.0
20230502.1700     0.2665     2.9593   124.1512    30.0
20230502.1800     0.2710     2.9774   123.6355    30.0
20230502.1900     0.2745     3.0155   123.3448    30.0
20230502.2000     0.2948     2.9833   119.2362    30.0
20230502.2100     0.3301     2.9241   114.8424    30.0
20230502.2200     0.3549     2.9330   116.0931    30.0
20230502.2300     0.3644     2.9977   116.7733    30.0
20230503.0000     0.3789     3.0315   117.0749    30.0
20230503.0100     0.3857     3.0895   117.2944    30.0
20230503.0200     0.3839     3.1653   117.6838    30.0
20230503.0300     0.3822     3.2290   118.2653    30.0
20230503.0400     0.3803     3.2943   119.1265    30.0
20230503.0500     0.3779     3.3653   120.2565    30.0
20230503.0600     0.3754     3.4327   121.3097    30.0
20230503.0700     0.3715     3.5189   122.7304    30.0
20230503.0800     0.3723     3.5654   124.7436    30.0
20230503.0900     0.3765     3.5935   127.0584    30.0
20230503.1000     0.3788     3.6286   129.3349    30.0
20230503.1100     0.3857     3.6426   130.7830    30.0
20230503.1200     0.3882     3.6884   131.2658    30.0
20230503.1300     0.3894     3.7442   131.2877    30.0
20230503.1400     0.3894     3.8119   131.1231    30.0
20230503.1500     0.3893     3.8784   130.9257    30.0
20230503.1600     0.3891     3.9496   130.8269    30.0
20230503.1700     0.3901     4.0099   130.7337    30.0
20230503.1800     0.3919     4.0585   130.6624    30.0
20230503.1900     0.3945     4.1006   130.5801    30.0
20230503.2000     0.3970     4.1416   130.5197    30.0
20230503.2100     0.4013     4.1569   130.4320    30.0
20230503.2200     0.4034     4.1846   129.7079    30.0
20230503.2300     0.4081     4.1900   129.6092    30.0
20230504.0000     0.4107     4.2133   129.5817    30.0
20230504.0100     0.4129     4.2293   129.5159    30.0
20230504.0200     0.4150     4.2377   129.5159    30.0
20230504.0300     0.4162     4.2446   129.4227    30.0
20230504.0400     0.4159     4.2609   129.3843    30.0
20230504.0500     0.4165     4.2523   129.6311    30.0
20230504.0600     0.4172     4.2366   129.9986    30.0
20230504.0700     0.4158     4.2356   130.3552    30.0
20230504.0800     0.4157     4.2149   130.9476    30.0
20230504.0900     0.4137     4.2098   131.4852    30.0
20230504.1000     0.4048     4.2622   131.5565    30.0
20230504.1100     0.4003     4.2764   131.2548    30.0
20230504.1200     0.3997     4.2438   131.9734    30.0
20230504.1300     0.3976     4.2278   132.3958    30.0
20230504.1400     0.3940     4.2247   132.2531    30.0
20230504.1500     0.3905     4.2191   131.9898    30.0
20230504.1600     0.3870     4.2156   131.8417    30.0
20230504.1700     0.3912     4.1334   132.7413    30.0
20230504.1800     0.4017     4.0072   134.3979    30.0
20230504.1900     0.4185     3.8559   135.9284    30.0
20230504.2000     0.4373     3.7430   136.6524    30.0
20230504.2100     0.4476     3.7115   136.0216    30.0
20230504.2200     0.4473     3.7367   134.6996    30.0
20230504.2300     0.4496     3.7466   133.9646    30.0
20230505.0000     0.4506     3.7638   133.4874    30.0
20230505.0100     0.4509     3.7834   133.1034    30.0
20230505.0200     0.4520     3.7960   132.7139    30.0
20230505.0300     0.4529     3.8093   132.2641    30.0
20230505.0400     0.4531     3.8216   131.8801    30.0
20230505.0500     0.4526     3.8374   131.4303    30.0
20230505.0600     0.4492     3.8658   131.3535    30.0
20230505.0700     0.4460     3.8881   131.2932    30.0
20230505.0800     0.4435     3.8976   131.2932    30.0
20230505.0900     0.4442     3.8772   131.3590    30.0
20230505.1000     0.4367     3.9160   131.0683    30.0
20230505.1100     0.4338     3.9200   131.1341    30.0
20230505.1200     0.4307     3.9241   131.2767    30.0
20230505.1300     0.4274     3.9329   131.4358    30.0
20230505.1400     0.4232     3.9544   131.5565    30.0
20230505.1500     0.4194     3.9726   131.6607    30.0
20230505.1600     0.4179     3.9755   131.7978    30.0
20230505.1700     0.4162     3.9787   131.8143    30.0
20230505.1800     0.4134     3.9970   131.7924    30.0
20230505.1900     0.4101     4.0169   131.7594    30.0
20230505.2000     0.4061     4.0420   131.6936    30.0
20230505.2100     0.4023     4.0630   131.6059    30.0
20230505.2200     0.4020     4.0340   130.8873    30.0
20230505.2300     0.4055     3.9758   130.1138    30.0
20230506.0000     0.4065     3.9407   129.4610    30.0
20230506.0100     0.4050     3.9245   129.1100    30.0
20230506.0200     0.4042     3.8989   128.6053    30.0
20230506.0300     0.4058     3.8538   127.7770    30.0
20230506.0400     0.4066     3.8250   127.5247    30.0
20230506.0500     0.4063     3.8091   127.6125    30.0
20230506.0600     0.4081     3.7823   127.8977    30.0
20230506.0700     0.4198     3.6982   129.2307    30.0
20230506.0800     0.4432     3.5728   132.0557    30.0
20230506.0900     0.4666     3.4876   133.6025    30.0
20230506.1000     0.4720     3.4953   132.9553    30.0
20230506.1100     0.4844     3.5763   132.2970    30.0
20230506.1200     0.4921     3.5633   131.5949    30.0
20230506.1300     0.5045     3.5423   130.5197    30.0
20230506.1400     0.5122     3.5490   129.4281    30.0
20230506.1500     0.5164     3.5693   128.6163    30.0
20230506.1600     0.5204     3.5871   127.7606    30.0
20230506.1700     0.5216     3.6121   127.1407    30.0
20230506.1800     0.5197     3.6432   126.6251    30.0
20230506.1900     0.5210     3.6488   125.4731    30.0
20230506.2000     0.5209     3.6530   124.5571    30.0
20230506.2100     0.5135     3.6801   124.4035    30.0
20230506.2200     0.5017     3.7099   124.1841    30.0
20230506.2300     0.4926     3.7238   123.9976    30.0
20230507.0000     0.4839     3.7265   123.8824    30.0
20230507.0100     0.4779     3.7123   123.6684    30.0
20230507.0200     0.4723     3.6943   123.5203    30.0
20230507.0300     0.4676     3.6736   123.4710    30.0
20230507.0400     0.4605     3.6660   123.7343    30.0
20230507.0500     0.4553     3.6472   124.4254    30.0
20230507.0600     0.4541     3.6082   125.7529    30.0
20230507.0700     0.4594     3.5449   127.2943    30.0
20230507.0800     0.4872     3.4315   129.7957    30.0
20230507.0900     0.4976     3.4081   130.5636    30.0
20230507.1000     0.4806     3.4610   130.5910    30.0
20230507.1100     0.4623     3.5044   130.2290    30.0
20230507.1200     0.4512     3.5135   129.9767    30.0
20230507.1300     0.4445     3.5089   129.7573    30.0
20230507.1400     0.4381     3.5150   129.6037    30.0
20230507.1500     0.4349     3.5148   129.6421    30.0
20230507.1600     0.4339     3.5148   129.8286    30.0
20230507.1700     0.4280     3.5550   129.7463    30.0
20230507.1800     0.4217     3.6103   129.6146    30.0
20230507.1900     0.4185     3.6537   129.5762    30.0
20230507.2000     0.4177     3.6831   129.4665    30.0
20230507.2100     0.4216     3.6869   129.0167    30.0
20230507.2200     0.4218     3.7142   128.8028    30.0
20230507.2300     0.4304     3.6937   128.0239    30.0
20230508.0000     0.4389     3.6774   127.3053    30.0
20230508.0100     0.4455     3.6748   126.8335    30.0
20230508.0200     0.4493     3.6883   126.4715    30.0
20230508.0300     0.4489     3.7197   126.7128    30.0
20230508.0400     0.4476     3.7488   127.0365    30.0
20230508.0500     0.4445     3.7826   127.5247    30.0
20230508.0600     0.4397     3.8205   128.0952    30.0
20230508.0700     0.4348     3.8539   128.5779    30.0
20230508.0800     0.4306     3.8701   128.9235    30.0
20230508.0900     0.4289     3.8636   128.9399    30.0
20230508.1000     0.4209     3.8955   128.9838    30.0
20230508.1100     0.4174     3.8926   129.0606    30.0
20230508.1200     0.4154     3.8779   129.0880    30.0
20230508.1300     0.4160     3.8424   129.0442    30.0
20230508.1400     0.4241     3.7587   128.5340    30.0
20230508.1500     0.4369     3.6644   128.0952    30.0
20230508.1600     0.4455     3.6175   128.0897    30.0
20230508.1700     0.4462     3.6189   128.2872    30.0
20230508.1800     0.4412     3.6473   128.5505    30.0
20230508.1900     0.4355     3.6727   128.8193    30.0
20230508.2000     0.4304     3.6901   129.0661    30.0
20230508.2100     0.4241     3.7138   129.2087    30.0
20230508.2200     0.4347     3.6304   128.3311    30.0
20230508.2300     0.4559     3.5366   126.8006    30.0
20230509.0000     0.4554     3.5574   126.3234    30.0
20230509.0100     0.4446     3.6180   126.4276    30.0
20230509.0200     0.4324     3.6772   126.7019    30.0
20230509.0300     0.4216     3.7220   127.0036    30.0
20230509.0400     0.4112     3.7596   127.3108    30.0
20230509.0500     0.4072     3.7388   128.3914    30.0
20230509.0600     0.4014     3.7312   129.3733    30.0
20230509.0700     0.4112     3.6294   133.6190    30.0
20230509.0800     0.4175     3.5526   135.3963    30.0
20230509.0900     0.4334     3.4515   137.5959    30.0
20230509.1000     0.4186     3.5125   138.0567    30.0
20230509.1100     0.4094     3.5338   138.2761    30.0
20230509.1200     0.3961     3.5806   138.2268    30.0
20230509.1300     0.3860     3.6003   138.2213    30.0
20230509.1400     0.3833     3.5723   137.8812    30.0
20230509.1500     0.3785     3.5652   137.6069    30.0
20230509.1600     0.3734     3.5645   137.6453    30.0
20230509.1700     0.3694     3.5629   137.7879    30.0
20230509.1800     0.3637     3.5761   137.9909    30.0
20230509.1900     0.3593     3.5826   138.0677    30.0
20230509.2000     0.3587     3.5618   137.6124    30.0
20230509.2100     0.3694     3.4786   135.7254    30.0
20230509.2200     0.3740     3.4436   133.6684    30.0
20230509.2300     0.3959     3.3476   130.0480    30.0
20230510.0000     0.4216     3.2747   124.0689    30.0
20230510.0100     0.4520     3.2181   116.9652    30.0
20230510.0200     0.4825     3.2003   110.7173    30.0
20230510.0300     0.4984     3.2369   107.3273    30.0
20230510.0400     0.4972     3.3037   106.9598    30.0
20230510.0500     0.4903     3.3769   107.7442    30.0
20230510.0600     0.4793     3.4620   110.0317    30.0
20230510.0700     0.4682     3.5505   112.9993    30.0
20230510.0800     0.4633     3.6124   114.8698    30.0
20230510.0900     0.4633     3.6560   115.7365    30.0
20230510.1000     0.4605     3.7154   117.2231    30.0
20230510.1100     0.4594     3.7720   118.9235    30.0
20230510.1200     0.4563     3.8396   120.6021    30.0
20230510.1300     0.4534     3.8998   121.8966    30.0
20230510.1400     0.4539     3.9323   122.3519    30.0
20230510.1500     0.4547     3.9587   122.7579    30.0
20230510.1600     0.4640     3.9202   121.5072    30.0
20230510.1700     0.4765     3.8674   119.5763    30.0
20230510.1800     0.4841     3.8413   117.7442    30.0
20230510.1900     0.4789     3.8853   118.2488    30.0
20230510.2000     0.4686     3.9591   120.1797    30.0
20230510.2100     0.4592     4.0355   122.3574    30.0
20230510.2200     0.4538     4.0781   123.4710    30.0
20230510.2300     0.5447     4.4189   123.3996    30.0
20230511.0000     0.5613     4.4591   123.9153    30.0
20230511.0100     0.5783     4.4535   123.5368    30.0
20230511.0200     0.5894     4.4616   123.3174    30.0
20230511.0300     0.5935     4.4881   123.5368    30.0
20230511.0400     0.5923     4.5230   123.9646    30.0
20230511.0500     0.5857     4.5685   124.5406    30.0
20230511.0600     0.5761     4.6105   125.2482    30.0
20230511.0700     0.5680     4.6157   125.9613    30.0
20230511.0800     0.5636     4.5735   126.7787    30.0
20230511.0900     0.5669     4.4612   127.8483    30.0
20230511.1000     0.5815     4.2876   129.2636    30.0
20230511.1100     0.6038     4.1162   130.2564    30.0
20230511.1200     0.6347     3.9640   130.4210    30.0
20230511.1300     0.6781     3.8445   130.4265    30.0
20230511.1400     0.7227     3.7953   129.9877    30.0
20230511.1500     0.7690     3.8001   129.1100    30.0
20230511.1600     0.8227     3.8423   127.5905    30.0
20230511.1700     0.8674     3.9138   125.6706    30.0
20230511.1800     0.8922     3.9906   124.0963    30.0
20230511.1900     0.9046     4.0548   122.9334    30.0
20230511.2000     0.9095     4.1028   121.9296    30.0
20230511.2100     0.9112     4.1353   120.8873    30.0
20230511.2200     0.8956     4.1722   120.6679    30.0
20230511.2300     0.8768     4.1950   120.5801    30.0
20230512.0000     0.8668     4.1923   120.2346    30.0
20230512.0100     0.8659     4.1765   119.7957    30.0
20230512.0200     0.8723     4.1603   119.3075    30.0
20230512.0300     0.8781     4.1602   119.1868    30.0
20230512.0400     0.8847     4.1716   119.7683    30.0
20230512.0500     0.9014     4.1862   120.6953    30.0
20230512.0600     0.9243     4.2149   121.9844    30.0
20230512.0700     0.9476     4.2589   123.5423    30.0
20230512.0800     0.9669     4.3108   125.2812    30.0
20230512.0900     0.9854     4.3557   126.9597    30.0
20230512.1000     0.9929     4.4019   127.9471    30.0
20230512.1100     1.0209     4.4615   128.4682    30.0
20230512.1200     1.0357     4.4813   128.5176    30.0
20230512.1300     1.0646     4.4898   128.2268    30.0
20230512.1400     1.1004     4.5100   127.6947    30.0
20230512.1500     1.1244     4.5521   127.4040    30.0
20230512.1600     1.1417     4.5956   127.2120    30.0
20230512.1700     1.1504     4.6358   126.9761    30.0
20230512.1800     1.1329     4.6920   127.0310    30.0
20230512.1900     1.0894     4.7707   127.4479    30.0
20230512.2000     1.0430     4.8366   127.8538    30.0
20230512.2100     1.0011     4.8761   128.2323    30.0
20230512.2200     0.9666     4.8792   128.5450    30.0
20230512.2300     0.9469     4.8245   128.6437    30.0
20230513.0000     0.9362     4.7474   128.5779    30.0
20230513.0100     0.9229     4.6928   128.5176    30.0
20230513.0200     0.9032     4.6727   128.6657    30.0
20230513.0300     0.8836     4.6631   129.1319    30.0
20230513.0400     0.8741     4.6245   129.9109    30.0
20230513.0500     0.8607     4.6108   130.5033    30.0
20230513.0600     0.8579     4.5675   131.6059    30.0
20230513.0700     0.8526     4.5470   132.6700    30.0
20230513.0800     0.8433     4.5502   133.3228    30.0
20230513.0900     0.8374     4.5488   133.7616    30.0
20230513.1000     0.8746     4.4404   134.6119    30.0
20230513.1100     0.9253     4.3694   134.8752    30.0
20230513.1200     0.9610     4.3746   134.3760    30.0
20230513.1300     0.9994     4.3939   133.9372    30.0
20230513.1400     1.0409     4.4204   133.4380    30.0
20230513.1500     1.0773     4.4582   132.9004    30.0
20230513.1600     1.1086     4.4991   132.3190    30.0
20230513.1700     1.1304     4.5404   131.8637    30.0
20230513.1800     1.1364     4.5888   131.8527    30.0
20230513.1900     1.1288     4.6259   132.1270    30.0
20230513.2000     1.1139     4.6429   132.5768    30.0
20230513.2100     1.0934     4.6429   133.0979    30.0
20230513.2200     1.0435     4.6860   133.1363    30.0
20230513.2300     1.1587     5.0439   133.2844    30.0
20230514.0000     1.1000     5.0416   133.7123    30.0
20230514.0100     1.0482     5.0189   134.1785    30.0
20230514.0200     1.0035     4.9772   134.6503    30.0
20230514.0300     0.9646     4.9240   135.0726    30.0
20230514.0400     0.9326     4.8554   135.4237    30.0
20230514.0500     0.9041     4.7850   135.6815    30.0
20230514.0600     0.8752     4.7289   135.9009    30.0
20230514.0700     0.8396     4.7132   136.2246    30.0
20230514.0800     0.8020     4.7202   136.6086    30.0
20230514.0900     0.7663     4.7314   137.0145    30.0
20230514.1000     0.7340     4.7368   137.2723    30.0
20230514.1100     0.7079     4.7171   137.5301    30.0
20230514.1200     0.6862     4.6806   137.7331    30.0
20230514.1300     0.6685     4.6264   137.9690    30.0
20230514.1400     0.6582     4.5363   138.2706    30.0
20230514.1500     0.6580     4.4065   138.7863    30.0
20230514.1600     0.6668     4.2631   139.5378    30.0
20230514.1700     0.6749     4.1568   140.3277    30.0
20230514.1800     0.6799     4.0837   141.0134    30.0
20230514.1900     0.6793     4.0420   141.5455    30.0
20230514.2000     0.6745     4.0179   141.8142    30.0
20230514.2100     0.6691     3.9976   141.8252    30.0
20230514.2200     0.6640     3.9781   141.3973    30.0
20230514.2300     0.6626     3.9521   140.9037    30.0
20230515.0000     0.6639     3.9266   140.0205    30.0
20230515.0100     0.6606     3.9218   138.8521    30.0
20230515.0200     0.6616     3.9044   137.3217    30.0
20230515.0300     0.6640     3.8899   135.8955    30.0
20230515.0400     0.6630     3.8887   134.5790    30.0
20230515.0500     0.6565     3.9013   133.5203    30.0
20230515.0600     0.6481     3.9157   132.6591    30.0
20230515.0700     0.6382     3.9295   132.0776    30.0
20230515.0800     0.6263     3.9468   131.8582    30.0
20230515.0900     0.6137     3.9623   131.9898    30.0
20230515.1000     0.5959     3.9960   131.7594    30.0
20230515.1100     0.5904     4.0348   131.8801    30.0
20230515.1200     0.5843     4.0092   132.0557    30.0
20230515.1300     0.5804     3.9799   132.2422    30.0
20230515.1400     0.5739     3.9661   132.8675    30.0
20230515.1500     0.5652     3.9625   133.7671    30.0
20230515.1600     0.5606     3.9385   134.8039    30.0
20230515.1700     0.5622     3.8921   135.6925    30.0
20230515.1800     0.5711     3.8326   136.4440    30.0
20230515.1900     0.5811     3.7876   136.7841    30.0
20230515.2000     0.5911     3.7572   136.7567    30.0
20230515.2100     0.6035     3.7311   136.3782    30.0
20230515.2200     0.5947     3.7679   135.9777    30.0
20230515.2300     0.5864     3.7934   135.7144    30.0
20230516.0000     0.5760     3.8207   135.5828    30.0
20230516.0100     0.5673     3.8362   135.2482    30.0
20230516.0200     0.5608     3.8389   134.7106    30.0
20230516.0300     0.5539     3.8450   134.2279    30.0
20230516.0400     0.5468     3.8503   133.8329    30.0
20230516.0500     0.5394     3.8555   133.6464    30.0
20230516.0600     0.5332     3.8531   133.6464    30.0
20230516.0700     0.5274     3.8486   133.7616    30.0
20230516.0800     0.5214     3.8443   133.8823    30.0
20230516.0900     0.5161     3.8352   133.9097    30.0
20230516.1000     0.5019     3.8703   133.6903    30.0
20230516.1100     0.4976     3.8462   133.6355    30.0
20230516.1200     0.4985     3.7950   133.6300    30.0
20230516.1300     0.4991     3.7566   133.8604    30.0
20230516.1400     0.4998     3.7218   134.2718    30.0
20230516.1500     0.4988     3.6988   134.5570    30.0
20230516.1600     0.4977     3.6768   134.8093    30.0
20230516.1700     0.5000     3.6423   135.1440    30.0
20230516.1800     0.5059     3.6006   135.4182    30.0
20230516.1900     0.5131     3.5671   135.3908    30.0
20230516.2000     0.5182     3.5498   135.1714    30.0
20230516.2100     0.5207     3.5448   135.0123    30.0
20230516.2200     0.5123     3.5714   134.7271    30.0
20230516.2300     0.5135     3.6094   134.3266    30.0
20230517.0000     0.5076     3.6179   133.8220    30.0
20230517.0100     0.4997     3.6289   133.1857    30.0
20230517.0200     0.4953     3.6185   132.0941    30.0
20230517.0300     0.4917     3.6025   131.0573    30.0
20230517.0400     0.4899     3.5813   130.1687    30.0
20230517.0500     0.4913     3.5497   129.3733    30.0
20230517.0600     0.4915     3.5311   128.9728    30.0
20230517.0700     0.4883     3.5256   129.0112    30.0
20230517.0800     0.4845     3.5190   129.1703    30.0
20230517.0900     0.4902     3.4788   129.5872    30.0
20230517.1000     0.4880     3.4682   130.7172    30.0
20230517.1100     0.4897     3.4522   131.7924    30.0
20230517.1200     0.4944     3.4401   131.7046    30.0
20230517.1300     0.5007     3.4321   131.5291    30.0
20230517.1400     0.5104     3.4224   131.5784    30.0
20230517.1500     0.5172     3.4273   131.9130    30.0
20230517.1600     0.5236     3.4378   132.3190    30.0
20230517.1700     0.5241     3.4644   132.4890    30.0
20230517.1800     0.5220     3.4940   132.5877    30.0
20230517.1900     0.5218     3.5108   132.5713    30.0
20230517.2000     0.5263     3.5120   132.4342    30.0
20230517.2100     0.5284     3.5200   132.4451    30.0
20230517.2200     0.5313     3.5199   132.5055    30.0
20230517.2300     0.5343     3.5206   132.4342    30.0
20230518.0000     0.5353     3.5265   132.0447    30.0
20230518.0100     0.5311     3.5455   131.5126    30.0
20230518.0200     0.5228     3.5730   131.0518    30.0
20230518.0300     0.5154     3.5900   130.7776    30.0
20230518.0400     0.5092     3.5952   130.5417    30.0
20230518.0500     0.4958     3.6365   130.8105    30.0
20230518.0600     0.4820     3.6762   131.3864    30.0
20230518.0700     0.4700     3.7026   131.8966    30.0
20230518.0800     0.4593     3.7194   132.3244    30.0
20230518.0900     0.4523     3.7104   132.6261    30.0
20230518.1000     0.4399     3.7319   132.6920    30.0
20230518.1100     0.4339     3.7173   132.8840    30.0
20230518.1200     0.4354     3.6519   133.2021    30.0
20230518.1300     0.4467     3.5489   133.2844    30.0
20230518.1400     0.4646     3.4568   133.1418    30.0
20230518.1500     0.4901     3.3917   132.9333    30.0
20230518.1600     0.5156     3.3713   132.8949    30.0
20230518.1700     0.5362     3.3842   132.9443    30.0
20230518.1800     0.5464     3.4249   133.1527    30.0
20230518.1900     0.5418     3.4900   133.4874    30.0
20230518.2000     0.5359     3.5382   134.0359    30.0
20230518.2100     0.5280     3.5807   134.5680    30.0
20230518.2200     0.5163     3.6241   134.2005    30.0
20230518.2300     0.5044     3.6676   134.1511    30.0
20230519.0000     0.4927     3.7050   134.2773    30.0
20230519.0100     0.4825     3.7275   134.3047    30.0
20230519.0200     0.4732     3.7417   134.2827    30.0
20230519.0300     0.4651     3.7470   134.2059    30.0
20230519.0400     0.4597     3.7334   134.0633    30.0
20230519.0500     0.4537     3.7259   133.9920    30.0
20230519.0600     0.4578     3.6638   134.8203    30.0
20230519.0700     0.4619     3.6082   135.5279    30.0
20230519.0800     0.4648     3.5696   136.3069    30.0
20230519.0900     0.4621     3.5641   136.5592    30.0
20230519.1000     0.4450     3.6303   136.4056    30.0
20230519.1100     0.4365     3.6482   136.2849    30.0
20230519.1200     0.4311     3.6503   136.0436    30.0
20230519.1300     0.4310     3.6260   135.6047    30.0
20230519.1400     0.4382     3.5706   134.7490    30.0
20230519.1500     0.4553     3.4938   132.8401    30.0
20230519.1600     0.4796     3.4321   130.6514    30.0
20230519.1700     0.4885     3.4411   129.5378    30.0
20230519.1800     0.4890     3.4722   129.1100    30.0
20230519.1900     0.4820     3.5225   129.2032    30.0
20230519.2000     0.4730     3.5705   129.5269    30.0
20230519.2100     0.4689     3.5864   129.4994    30.0
20230519.2200     0.4711     3.5713   128.8357    30.0
20230519.2300     0.4748     3.5630   128.0787    30.0
20230520.0000     0.4841     3.5406   126.6141    30.0
20230520.0100     0.4957     3.5232   125.1495    30.0
20230520.0200     0.5076     3.5191   124.2389    30.0
20230520.0300     0.5139     3.5433   124.2663    30.0
20230520.0400     0.5208     3.5624   124.6174    30.0
20230520.0500     0.5352     3.5561   124.8039    30.0
20230520.0600     0.5570     3.5411   125.0398    30.0
20230520.0700     0.5778     3.5413   125.6816    30.0
20230520.0800     0.5910     3.5591   126.4825    30.0
20230520.0900     0.5977     3.5819   127.2285    30.0
20230520.1000     0.5876     3.6293   127.7331    30.0
20230520.1100     0.5816     3.6491   128.3036    30.0
20230520.1200     0.5799     3.6521   128.8577    30.0
20230520.1300     0.5801     3.6530   128.9344    30.0
20230520.1400     0.5827     3.6519   128.5889    30.0
20230520.1500     0.5857     3.6542   128.0129    30.0
20230520.1600     0.5929     3.6513   127.5741    30.0
20230520.1700     0.5994     3.6582   127.3272    30.0
20230520.1800     0.6030     3.6752   126.9871    30.0
20230520.1900     0.6010     3.7028   126.6690    30.0
20230520.2000     0.6000     3.7198   126.2850    30.0
20230520.2100     0.6035     3.7208   125.6761    30.0
20230520.2200     0.6140     3.7085   124.6723    30.0
20230520.2300     0.6288     3.6978   123.6794    30.0
20230521.0000     0.6492     3.7013   122.8676    30.0
20230521.0100     0.6713     3.7119   122.7249    30.0
20230521.0200     0.6842     3.7402   123.3229    30.0
20230521.0300     0.6878     3.7758   123.8440    30.0
20230521.0400     0.6903     3.8043   124.1292    30.0
20230521.0500     0.6892     3.8355   124.4583    30.0
20230521.0600     0.6826     3.8710   124.9301    30.0
20230521.0700     0.6758     3.8977   125.6103    30.0
20230521.0800     0.6737     3.9052   126.4166    30.0
20230521.0900     0.6753     3.9014   127.3108    30.0
20230521.1000     0.6666     3.9260   127.7496    30.0
20230521.1100     0.6659     3.9262   128.2762    30.0
20230521.1200     0.6722     3.9133   128.9674    30.0
20230521.1300     0.6875     3.8925   130.0425    30.0
20230521.1400     0.7148     3.8691   131.2767    30.0
20230521.1500     0.7484     3.8678   132.3574    30.0
20230521.1600     0.7702     3.9013   132.7578    30.0
20230521.1700     0.7840     3.9431   132.7797    30.0
20230521.1800     0.7881     3.9874   132.6371    30.0
20230521.1900     0.7836     4.0284   132.4232    30.0
20230521.2000     0.7766     4.0564   132.0721    30.0
20230521.2100     0.7727     4.0642   131.5894    30.0
20230521.2200     0.7573     4.0904   130.9970    30.0
20230521.2300     0.7464     4.0942   130.5307    30.0
20230522.0000     0.7458     4.0689   130.0535    30.0
20230522.0100     0.7515     4.0373   129.3239    30.0
20230522.0200     0.7634     4.0076   128.2104    30.0
20230522.0300     0.7736     3.9968   127.0859    30.0
20230522.0400     0.7812     4.0002   126.3892    30.0
20230522.0500     0.7830     4.0160   126.2137    30.0
20230522.0600     0.7769     4.0410   126.5483    30.0
20230522.0700     0.7678     4.0605   127.0749    30.0
20230522.0800     0.7574     4.0733   127.5686    30.0
20230522.0900     0.7487     4.0735   128.2049    30.0
20230522.1000     0.7239     4.1154   128.8247    30.0
20230522.1100     0.7145     4.1353   129.4117    30.0
20230522.1200     0.7062     4.1163   129.9383    30.0
20230522.1300     0.7069     4.0741   130.4484    30.0
20230522.1400     0.7220     4.0120   130.7172    30.0
20230522.1500     0.7417     3.9716   130.7995    30.0
20230522.1600     0.7541     3.9687   130.6569    30.0
20230522.1700     0.7578     3.9867   130.3058    30.0
20230522.1800     0.7592     4.0051   129.7189    30.0
20230522.1900     0.7566     4.0261   129.0990    30.0
20230522.2000     0.7493     4.0498   128.5395    30.0
20230522.2100     0.7371     4.0760   128.0019    30.0
20230522.2200     0.7162     4.1174   127.7935    30.0
20230522.2300     0.7020     4.1261   127.4918    30.0
20230523.0000     0.6920     4.1179   127.1517    30.0
20230523.0100     0.6810     4.1105   126.9432    30.0
20230523.0200     0.6683     4.1088   126.8829    30.0
20230523.0300     0.6535     4.1152   127.0694    30.0
20230523.0400     0.6384     4.1225   127.4424    30.0
20230523.0500     0.6290     4.1001   127.8538    30.0
20230523.0600     0.6265     4.0511   128.4024    30.0
20230523.0700     0.6267     4.0000   129.1594    30.0
20230523.0800     0.6266     3.9573   130.3168    30.0
20230523.0900     0.6346     3.8971   131.8417    30.0
20230523.1000     0.6265     3.8992   132.4561    30.0
20230523.1100     0.6237     3.8795   133.0759    30.0
20230523.1200     0.6297     3.8368   133.5367    30.0
20230523.1300     0.6392     3.7983   133.4709    30.0
20230523.1400     0.6482     3.7752   132.9498    30.0
20230523.1500     0.6478     3.7816   132.2476    30.0
20230523.1600     0.6489     3.7840   131.5894    30.0
20230523.1700     0.6548     3.7788   131.0628    30.0
20230523.1800     0.6567     3.7873   130.6898    30.0
20230523.1900     0.6496     3.8149   130.4813    30.0
20230523.2000     0.6381     3.8468   130.3442    30.0
20230523.2100     0.6278     3.8657   130.1467    30.0
20230523.2200     0.6202     3.8653   129.3678    30.0
20230523.2300     0.6212     3.8869   128.4737    30.0
20230524.0000     0.6125     3.8970   127.8209    30.0
20230524.0100     0.6011     3.9172   127.5850    30.0
20230524.0200     0.5883     3.9416   127.5411    30.0
20230524.0300     0.5761     3.9632   127.5905    30.0
20230524.0400     0.5648     3.9796   127.6673    30.0
20230524.0500     0.5561     3.9845   127.7770    30.0
20230524.0600     0.5520     3.9652   127.9306    30.0
20230524.0700     0.5536     3.9243   128.3091    30.0
20230524.0800     0.5626     3.8609   128.7754    30.0
20230524.0900     0.5778     3.7970   128.9838    30.0
20230524.1000     0.5950     3.7494   127.8922    30.0
20230524.1100     0.6087     3.7294   127.7167    30.0
20230524.1200     0.6227     3.7193   128.0623    30.0
20230524.1300     0.6379     3.7190   128.1610    30.0
20230524.1400     0.6492     3.7361   128.0019    30.0
20230524.1500     0.6535     3.7669   127.7661    30.0
20230524.1600     0.6564     3.7949   127.4589    30.0
20230524.1700     0.6610     3.8171   126.8884    30.0
20230524.1800     0.6644     3.8400   126.1204    30.0
20230524.1900     0.6650     3.8644   125.4183    30.0
20230524.2000     0.6635     3.8887   125.0288    30.0
20230524.2100     0.6623     3.9033   124.9740    30.0
20230524.2200     0.6571     3.9203   124.8423    30.0
20230524.2300     0.6608     3.9075   124.6064    30.0
20230525.0000     0.6710     3.8844   124.3431    30.0
20230525.0100     0.6846     3.8643   124.4254    30.0
20230525.0200     0.7101     3.8380   125.2647    30.0
20230525.0300     0.7404     3.8334   125.9888    30.0
20230525.0400     0.7683     3.8532   126.2137    30.0
20230525.0500     0.7875     3.8901   126.1533    30.0
20230525.0600     0.7939     3.9370   126.1149    30.0
20230525.0700     0.7978     3.9759   126.5812    30.0
20230525.0800     0.8102     3.9967   127.3272    30.0
20230525.0900     0.8131     4.0287   128.1226    30.0
20230525.1000     0.8019     4.0732   128.3804    30.0
20230525.1100     0.8759     4.2293   128.8631    30.0
20230525.1200     0.8934     4.2590   128.8796    30.0
20230525.1300     0.9003     4.2818   128.5176    30.0
20230525.1400     0.9022     4.2980   128.2652    30.0
20230525.1500     0.9017     4.3076   127.7496    30.0
20230525.1600     0.8966     4.3138   127.1407    30.0
20230525.1700     0.8990     4.2959   126.4879    30.0
20230525.1800     0.9008     4.2778   125.9943    30.0
20230525.1900     0.9010     4.2593   125.6761    30.0
20230525.2000     0.9072     4.2322   125.4731    30.0
20230525.2100     0.9073     4.2182   125.5664    30.0
20230525.2200     0.8986     4.2137   125.2482    30.0
20230525.2300     0.9016     4.1952   124.8094    30.0
20230526.0000     0.9051     4.1860   124.4145    30.0
20230526.0100     0.8988     4.1927   124.1676    30.0
20230526.0200     0.8856     4.2033   124.0524    30.0
20230526.0300     0.8760     4.2034   123.7727    30.0
20230526.0400     0.8705     4.1975   123.4271    30.0
20230526.0500     0.8733     4.1863   123.4051    30.0
20230526.0600     0.8705     4.1909   123.9482    30.0
20230526.0700     0.8627     4.2029   124.9904    30.0
20230526.0800     0.8575     4.2066   126.4441    30.0
20230526.0900     0.8555     4.2021   127.8648    30.0
20230526.1000     0.8468     4.2101   128.0348    30.0
20230526.1100     0.8337     4.2225   127.9910    30.0
20230526.1200     0.8198     4.2262   127.6509    30.0
20230526.1300     0.8124     4.2053   127.0365    30.0
20230526.1400     0.8126     4.1677   126.2850    30.0
20230526.1500     0.8197     4.1270   125.6212    30.0
20230526.1600     0.8261     4.1013   125.1879    30.0
20230526.1700     0.8235     4.0974   125.1221    30.0
20230526.1800     0.8162     4.1019   125.4347    30.0
20230526.1900     0.8129     4.0965   125.9778    30.0
20230526.2000     0.8257     4.0738   126.4221    30.0
20230526.2100     0.8431     4.0673   126.3673    30.0
20230526.2200     0.8382     4.1005   126.0601    30.0
20230526.2300     1.2216     4.9529   125.6980    30.0
20230527.0000     1.1966     5.0323   126.1698    30.0
20230527.0100     1.1748     5.0761   126.6415    30.0
20230527.0200     1.1527     5.1006   127.0584    30.0
20230527.0300     1.1262     5.1210   127.4698    30.0
20230527.0400     1.1046     5.1100   127.9196    30.0
20230527.0500     1.0815     5.0917   128.3749    30.0
20230527.0600     1.0594     5.0617   128.8577    30.0
20230527.0700     1.0362     5.0302   129.4062    30.0
20230527.0800     1.0106     5.0018   130.1028    30.0
20230527.0900     0.9945     4.9341   131.0847    30.0
20230527.1000     0.9796     4.8625   132.1325    30.0
20230527.1100     0.9647     4.7969   133.0814    30.0
20230527.1200     0.9486     4.7385   133.6848    30.0
20230527.1300     0.9402     4.6593   134.1730    30.0
20230527.1400     0.9418     4.5679   134.4199    30.0
20230527.1500     0.9435     4.4980   134.3486    30.0
20230527.1600     0.9262     4.4868   134.1840    30.0
20230527.1700     0.9014     4.4922   134.0085    30.0
20230527.1800     0.8778     4.4892   133.9097    30.0
20230527.1900     0.8573     4.4728   133.7397    30.0
20230527.2000     0.8534     4.4082   133.2899    30.0
20230527.2100     0.8611     4.3297   132.5109    30.0
20230527.2200     0.8465     4.3181   131.7265    30.0
20230527.2300     0.8463     4.2738   130.4100    30.0
20230528.0000     0.8624     4.2130   128.6986    30.0
20230528.0100     0.8837     4.1793   127.4808    30.0
20230528.0200     0.9153     4.1727   126.8829    30.0
20230528.0300     0.9497     4.2008   126.9816    30.0
20230528.0400     0.9710     4.2587   127.3217    30.0
20230528.0500     0.9851     4.3187   127.4479    30.0
20230528.0600     0.9971     4.3673   127.6234    30.0
20230528.0700     0.9971     4.4156   128.1007    30.0
20230528.0800     0.9846     4.4622   128.8522    30.0
20230528.0900     0.9706     4.4870   129.6969    30.0
20230528.1000     0.9557     4.4944   130.0206    30.0
20230528.1100     1.0313     4.5988   130.2455    30.0
20230528.1200     1.0263     4.5578   130.7446    30.0
20230528.1300     1.0044     4.5454   131.4084    30.0
20230528.1400     0.9736     4.5474   132.1654    30.0
20230528.1500     0.9439     4.5466   132.8401    30.0
20230528.1600     0.9237     4.5222   133.3283    30.0
20230528.1700     0.9109     4.4881   133.8165    30.0
20230528.1800     0.9034     4.4527   134.4199    30.0
20230528.1900     0.9038     4.4105   134.8971    30.0
20230528.2000     0.9174     4.3603   134.8313    30.0
20230528.2100     0.9405     4.3234   134.0304    30.0
20230528.2200     0.9486     4.3264   132.8072    30.0
20230528.2300     0.9397     4.3534   131.8088    30.0
20230529.0000     0.9201     4.3853   131.0244    30.0
20230529.0100     0.8981     4.4051   130.3826    30.0
20230529.0200     0.8795     4.4049   129.7957    30.0
20230529.0300     0.8594     4.4041   129.6146    30.0
20230529.0400     0.8401     4.4008   129.7298    30.0
20230529.0500     0.8220     4.3950   129.9931    30.0
20230529.0600     0.8058     4.3866   130.4265    30.0
20230529.0700     0.7950     4.3663   131.0738    30.0
20230529.0800     0.7952     4.3189   131.8527    30.0
20230529.0900     0.8065     4.2594   132.5384    30.0
20230529.1000     0.7996     4.2646   132.7359    30.0
20230529.1100     0.8025     4.2384   132.6645    30.0
20230529.1200     0.8080     4.2100   132.5329    30.0
20230529.1300     0.8207     4.1736   132.5439    30.0
20230529.1400     0.8355     4.1462   132.7468    30.0
20230529.1500     0.8480     4.1359   132.8236    30.0
20230529.1600     0.8566     4.1400   132.3848    30.0
20230529.1700     0.8579     4.1578   131.6168    30.0
20230529.1800     0.8557     4.1762   130.7117    30.0
20230529.1900     0.8540     4.1844   129.5269    30.0
20230529.2000     0.8508     4.1874   128.2927    30.0
20230529.2100     0.8416     4.1940   127.2778    30.0
20230529.2200     0.8331     4.1903   126.2685    30.0
20230529.2300     0.8612     4.2888   125.7913    30.0
20230530.0000     0.8367     4.3096   125.7858    30.0
20230530.0100     0.8087     4.3322   125.8791    30.0
20230530.0200     0.7820     4.3483   126.0327    30.0
20230530.0300     0.7620     4.3402   126.0820    30.0
20230530.0400     0.7497     4.3085   126.0052    30.0
20230530.0500     0.7418     4.2718   125.9175    30.0
20230530.0600     0.7345     4.2444   126.0162    30.0
20230530.0700     0.7327     4.2068   126.3563    30.0
20230530.0800     0.7343     4.1715   126.7951    30.0
20230530.0900     0.7414     4.1319   127.4753    30.0
20230530.1000     0.7385     4.1309   128.2707    30.0
20230530.1100     0.7369     4.1278   129.1868    30.0
20230530.1200     0.7316     4.1359   129.8889    30.0
20230530.1300     0.7242     4.1461   130.7337    30.0
20230530.1400     0.7201     4.1440   131.6936    30.0
20230530.1500     0.7119     4.1585   132.3519    30.0
20230530.1600     0.7015     4.1775   132.7029    30.0
20230530.1700     0.6965     4.1714   132.8894    30.0
20230530.1800     0.6889     4.1771   132.8894    30.0
20230530.1900     0.6780     4.1947   132.7907    30.0
20230530.2000     0.6696     4.1977   132.6042    30.0
20230530.2100     0.6713     4.1580   132.2751    30.0
20230530.2200     0.6866     4.0814   131.3974    30.0
20230530.2300     0.7116     4.0078   130.4155    30.0
20230531.0000     0.7342     3.9672   129.6256    30.0
20230531.0100     0.7554     3.9506   129.0387    30.0
20230531.0200     0.7691     3.9581   128.6657    30.0
20230531.0300     0.7798     3.9709   128.4024    30.0
20230531.0400     0.7890     3.9870   128.3914    30.0
20230531.0500     0.7912     4.0134   128.7095    30.0
20230531.0600     0.7873     4.0452   129.2800    30.0
20230531.0700     0.7804     4.0734   130.0315    30.0
20230531.0800     0.7737     4.0898   130.9147    30.0
20230531.0900     0.7728     4.0855   131.9734    30.0
20230531.1000     0.7656     4.0919   132.3793    30.0
20230531.1100     0.8060     4.1262   132.8126    30.0
20230531.1200     0.8335     4.0830   133.0705    30.0
20230531.1300     0.8548     4.0787   133.1143    30.0
20230531.1400     0.8758     4.0911   132.6536    30.0
20230531.1500     0.9066     4.1105   131.7594    30.0
20230531.1600     0.9250     4.1538   130.8050    30.0
20230531.1700     0.9325     4.2028   129.8999    30.0
20230531.1800     0.9338     4.2418   128.9674    30.0
20230531.1900     0.9337     4.2636   128.1391    30.0
20230531.2000     0.9255     4.2796   127.6344    30.0
20230531.2100     0.9172     4.2799   127.2559    30.0
20230531.2200     0.9001     4.2845   126.6854    30.0
20230531.2300     0.8943     4.2655   125.9284    30.0
20230601.0000     0.9046     4.2312   124.9081    30.0
20230601.0100     0.9100     4.2187   124.0195    30.0
20230601.0200     0.9038     4.2252   123.5313    30.0
20230601.0300     0.8903     4.2339   123.4161    30.0
20230601.0400     0.8759     4.2341   123.6739    30.0
20230601.0500     0.8632     4.2240   124.2499    30.0
20230601.0600     0.8509     4.2131   124.9740    30.0
20230601.0700     0.8393     4.2026   125.7639    30.0
20230601.0800     0.8345     4.1817   126.6415    30.0
20230601.0900     0.8384     4.1554   127.3437    30.0
20230601.1000     0.8329     4.1932   127.6947    30.0
20230601.1100     0.8282     4.1945   127.8209    30.0
20230601.1200     0.8352     4.1688   127.6125    30.0
20230601.1300     0.8425     4.1556   127.2888    30.0
20230601.1400     0.8503     4.1483   127.0968    30.0
20230601.1500     0.8550     4.1491   127.1078    30.0
20230601.1600     0.8553     4.1575   127.0804    30.0
20230601.1700     0.8546     4.1658   126.7348    30.0
20230601.1800     0.8516     4.1761   126.2850    30.0
20230601.1900     0.8426     4.1914   125.8516    30.0
20230601.2000     0.8290     4.2061   125.7968    30.0
20230601.2100     0.8157     4.2089   126.1533    30.0
20230601.2200     0.7914     4.2331   126.4605    30.0
20230601.2300     0.8170     4.3359   126.6690    30.0
20230602.0000     0.8083     4.2858   126.7951    30.0
20230602.0100     0.8129     4.2121   126.6525    30.0
20230602.0200     0.8282     4.1453   126.8061    30.0
20230602.0300     0.8543     4.1005   127.3162    30.0
20230602.0400     0.8905     4.0849   127.8264    30.0
20230602.0500     0.9197     4.1031   127.9690    30.0
20230602.0600     0.9251     4.1417   127.8264    30.0
20230602.0700     0.9219     4.1706   127.8099    30.0
20230602.0800     0.9188     4.1820   127.9745    30.0
20230602.0900     0.9234     4.1777   128.4572    30.0
20230602.1000     0.9000     4.2025   128.8357    30.0
20230602.1100     0.8946     4.1886   129.3020    30.0
20230602.1200     0.9025     4.1670   129.4446    30.0
20230602.1300     0.9232     4.1548   128.7918    30.0
20230602.1400     0.9458     4.1649   127.5960    30.0
20230602.1500     0.9709     4.1871   126.7074    30.0
20230602.1600     1.0115     4.2170   126.3014    30.0
20230602.1700     1.0357     4.2725   125.9559    30.0
20230602.1800     1.0394     4.3356   125.7858    30.0
20230602.1900     1.0399     4.3833   125.8571    30.0
20230602.2000     1.0385     4.4179   125.8462    30.0
20230602.2100     1.0199     4.4631   125.7748    30.0
20230602.2200     0.9967     4.5028   125.7310    30.0
20230602.2300     0.9801     4.5222   125.6487    30.0
20230603.0000     0.9683     4.5171   125.5554    30.0
20230603.0100     0.9544     4.5115   125.6103    30.0
20230603.0200     0.9427     4.5015   125.7364    30.0
20230603.0300     0.9386     4.4759   126.0162    30.0
20230603.0400     0.9361     4.4519   126.2685    30.0
20230603.0500     0.9293     4.4388   126.6086    30.0
20230603.0600     0.9164     4.4369   126.8939    30.0
20230603.0700     0.9014     4.4314   127.0913    30.0
20230603.0800     0.8926     4.4036   127.4753    30.0
20230603.0900     0.8909     4.3620   127.5247    30.0
20230603.1000     0.8902     4.3320   127.7496    30.0
20230603.1100     0.9121     4.3691   128.0184    30.0
20230603.1200     0.9074     4.3590   128.3969    30.0
20230603.1300     0.9073     4.3413   128.6986    30.0
20230603.1400     0.8963     4.3471   128.6327    30.0
20230603.1500     0.8756     4.3681   128.6273    30.0
20230603.1600     0.8585     4.3662   128.5395    30.0
20230603.1700     0.8500     4.3350   128.2652    30.0
20230603.1800     0.8457     4.2958   127.5960    30.0
20230603.1900     0.8341     4.2737   126.8390    30.0
20230603.2000     0.8078     4.2852   126.5428    30.0
20230603.2100     0.7743     4.3166   126.7128    30.0
20230603.2200     0.7477     4.3184   127.0200    30.0
20230603.2300     0.7261     4.3060   127.1572    30.0
20230604.0000     0.7124     4.2651   126.8006    30.0
20230604.0100     0.7057     4.2091   126.1095    30.0
20230604.0200     0.7017     4.1584   124.8313    30.0
20230604.0300     0.6924     4.1390   124.1896    30.0
20230604.0400     0.6856     4.1182   123.9317    30.0
20230604.0500     0.6734     4.1266   124.3870    30.0
20230604.0600     0.6590     4.1429   125.1660    30.0
20230604.0700     0.6497     4.1345   125.9613    30.0
20230604.0800     0.6496     4.0881   126.8445    30.0
20230604.0900     0.6637     4.0044   127.6838    30.0
20230604.1000     0.6717     3.9627   127.7112    30.0
20230604.1100     0.6736     3.9472   128.0074    30.0
20230604.1200     0.6671     3.9525   128.5669    30.0
20230604.1300     0.6588     3.9602   129.0716    30.0
20230604.1400     0.6489     3.9707   129.2526    30.0
20230604.1500     0.6357     3.9953   129.4501    30.0
20230604.1600     0.6194     4.0298   129.6860    30.0
20230604.1700     0.6028     4.0627   129.8944    30.0
20230604.1800     0.5874     4.0860   129.9163    30.0
20230604.1900     0.5718     4.1085   129.8999    30.0
20230604.2000     0.5600     4.1058   129.4940    30.0
20230604.2100     0.5476     4.1041   129.2526    30.0
20230604.2200     0.5335     4.1089   129.1648    30.0
20230604.2300     0.5416     4.0313   127.8483    30.0
20230605.0000     0.5440     3.9536   126.9926    30.0
20230605.0100     0.5509     3.8704   126.2630    30.0
20230605.0200     0.5484     3.8447   125.9449    30.0
20230605.0300     0.5375     3.8527   126.2027    30.0
20230605.0400     0.5324     3.8285   126.4550    30.0
20230605.0500     0.5340     3.7839   126.6251    30.0
20230605.0600     0.5299     3.7791   126.9761    30.0
20230605.0700     0.5368     3.7273   126.9542    30.0
20230605.0800     0.5487     3.6819   126.7787    30.0
20230605.0900     0.5566     3.6696   126.5318    30.0
20230605.1000     0.5628     3.6638   124.4967    30.0
20230605.1100     0.5553     3.7186   124.6119    30.0
20230605.1200     0.5575     3.7270   124.5351    30.0
20230605.1300     0.5777     3.6844   123.2296    30.0
20230605.1400     0.5995     3.6663   122.3629    30.0
20230605.1500     0.6096     3.6867   122.0777    30.0
20230605.1600     0.6123     3.7151   121.9734    30.0
20230605.1700     0.6189     3.7235   121.5456    30.0
20230605.1800     0.6247     3.7306   121.0190    30.0
20230605.1900     0.6280     3.7402   120.5472    30.0
20230605.2000     0.6314     3.7447   120.0535    30.0
20230605.2100     0.6345     3.7489   119.6092    30.0
20230605.2200     0.6196     3.7982   119.9219    30.0
20230605.2300     0.6103     3.8156   120.1084    30.0
20230606.0000     0.6063     3.8091   119.8670    30.0
20230606.0100     0.6087     3.7856   119.3404    30.0
20230606.0200     0.6222     3.7488   118.7315    30.0
20230606.0300     0.6284     3.7500   118.9290    30.0
20230606.0400     0.6196     3.7913   120.0535    30.0
20230606.0500     0.6064     3.8385   121.5017    30.0
20230606.0600     0.5930     3.8840   123.0102    30.0
20230606.0700     0.5812     3.9261   124.2773    30.0
20230606.0800     0.5717     3.9623   125.4677    30.0
20230606.0900     0.5675     3.9793   126.5373    30.0
20230606.1000     0.5865     3.9060   127.5631    30.0
20230606.1100     0.6118     3.8586   128.4298    30.0
20230606.1200     0.6352     3.8540   128.9399    30.0
20230606.1300     0.6650     3.8493   128.9015    30.0
20230606.1400     0.6948     3.8588   128.4408    30.0
20230606.1500     0.7145     3.8898   127.9800    30.0
20230606.1600     0.7186     3.9386   127.6289    30.0
20230606.1700     0.7165     3.9801   127.3272    30.0
20230606.1800     0.7135     4.0078   127.0529    30.0
20230606.1900     0.7109     4.0233   126.8171    30.0
20230606.2000     0.7180     4.0092   126.1917    30.0
20230606.2100     0.7296     3.9936   125.5554    30.0
20230606.2200     0.7438     3.9835   125.4786    30.0
20230606.2300     0.7596     3.9783   125.5609    30.0
20230607.0000     0.7728     3.9818   125.1714    30.0
20230607.0100     0.7923     3.9743   123.8440    30.0
20230607.0200     0.8192     3.9691   122.2697    30.0
20230607.0300     0.8354     3.9890   121.2603    30.0
20230607.0400     0.8462     4.0190   120.7996    30.0
20230607.0500     0.8552     4.0496   120.6789    30.0
20230607.0600     0.8580     4.0815   120.8544    30.0
20230607.0700     0.8762     4.0907   120.8544    30.0
20230607.0800     0.8822     4.1183   121.6059    30.0
20230607.0900     0.9002     4.1358   122.9992    30.0
20230607.1000     0.8933     4.1881   124.8752    30.0
20230607.1100     0.9381     4.2636   125.9284    30.0
20230607.1200     0.9585     4.2826   125.9723    30.0
20230607.1300     0.9695     4.3167   125.6651    30.0
20230607.1400     0.9811     4.3472   124.9520    30.0
20230607.1500     1.0037     4.3649   123.9592    30.0
20230607.1600     1.0368     4.3826   122.8127    30.0
20230607.1700     1.0744     4.4113   121.8308    30.0
20230607.1800     1.1022     4.4544   121.3042    30.0
20230607.1900     1.1215     4.4952   121.0409    30.0
20230607.2000     1.1333     4.5272   120.8654    30.0
20230607.2100     1.1419     4.5462   120.6624    30.0
20230607.2200     1.1334     4.5648   121.0299    30.0
20230607.2300     1.1757     4.6255   121.2329    30.0
20230608.0000     1.1533     4.6336   121.4523    30.0
20230608.0100     1.1305     4.6247   121.3700    30.0
20230608.0200     1.1082     4.6025   121.2878    30.0
20230608.0300     1.0801     4.5814   121.2878    30.0
20230608.0400     1.0480     4.5598   121.2878    30.0
20230608.0500     1.0175     4.5301   121.3865    30.0
20230608.0600     0.9880     4.4958   121.7376    30.0
20230608.0700     0.9664     4.4469   122.0831    30.0
20230608.0800     0.9489     4.3965   122.3300    30.0
20230608.0900     0.9323     4.3539   122.6207    30.0
20230608.1000     0.9205     4.3126   122.6427    30.0
20230608.1100     0.9275     4.2602   123.1418    30.0
20230608.1200     0.9320     4.2359   123.8495    30.0
20230608.1300     0.9253     4.2396   124.4309    30.0
20230608.1400     0.9098     4.2573   124.8259    30.0
20230608.1500     0.8913     4.2766   125.1769    30.0
20230608.1600     0.8753     4.2852   125.6432    30.0
20230608.1700     0.8641     4.2798   126.0052    30.0
20230608.1800     0.8534     4.2715   126.2246    30.0
20230608.1900     0.8420     4.2627   126.4221    30.0
20230608.2000     0.8351     4.2406   126.5867    30.0
20230608.2100     0.8329     4.2104   126.7238    30.0
20230608.2200     0.8225     4.1984   126.6525    30.0
20230608.2300     0.8279     4.1955   126.6635    30.0
20230609.0000     0.8237     4.1732   126.6525    30.0
20230609.0100     0.8159     4.1562   126.4934    30.0
20230609.0200     0.8053     4.1413   126.2137    30.0
20230609.0300     0.7916     4.1299   125.9339    30.0
20230609.0400     0.7754     4.1223   125.7584    30.0
20230609.0500     0.7559     4.1203   125.7364    30.0
20230609.0600     0.7368     4.1128   125.8352    30.0
20230609.0700     0.7216     4.0936   125.9504    30.0
20230609.0800     0.7113     4.0590   125.9997    30.0
20230609.0900     0.7054     4.0167   125.8626    30.0
20230609.1000     0.7037     3.9717   125.9284    30.0
20230609.1100     0.7001     3.9385   125.9943    30.0
20230609.1200     0.6936     3.9156   126.1753    30.0
20230609.1300     0.6854     3.8973   126.5099    30.0
20230609.1400     0.6748     3.8850   126.7183    30.0
20230609.1500     0.6680     3.8644   126.8061    30.0
20230609.1600     0.6695     3.8328   126.8829    30.0
20230609.1700     0.6798     3.8009   127.0145    30.0
20230609.1800     0.6881     3.7900   127.2449    30.0
20230609.1900     0.6975     3.7866   127.6125    30.0
20230609.2000     0.7066     3.7891   128.1061    30.0
20230609.2100     0.7173     3.7927   128.6711    30.0
20230609.2200     0.7275     3.8009   128.3201    30.0
20230609.2300     0.7347     3.8162   128.0348    30.0
20230610.0000     0.7405     3.8340   127.6618    30.0
20230610.0100     0.7473     3.8505   126.8280    30.0
20230610.0200     0.7469     3.8725   125.8407    30.0
20230610.0300     0.7411     3.8959   125.1056    30.0
20230610.0400     0.7321     3.9141   124.7271    30.0
20230610.0500     0.7259     3.9182   124.5516    30.0
20230610.0600     0.7246     3.9063   124.6010    30.0
20230610.0700     0.7279     3.8878   124.8807    30.0
20230610.0800     0.7312     3.8726   125.1495    30.0
20230610.0900     0.7316     3.8657   125.4347    30.0
20230610.1000     0.7272     3.8683   125.4457    30.0
20230610.1100     0.7199     3.8370   125.3963    30.0
20230610.1200     0.7195     3.8315   125.2537    30.0
20230610.1300     0.7132     3.8339   125.1769    30.0
20230610.1400     0.7087     3.8304   124.9904    30.0
20230610.1500     0.7048     3.8259   124.7929    30.0
20230610.1600     0.7027     3.8200   124.7600    30.0
20230610.1700     0.7035     3.8161   124.9191    30.0
20230610.1800     0.7045     3.8185   125.3854    30.0
20230610.1900     0.7116     3.8200   125.9175    30.0
20230610.2000     0.7178     3.8315   126.4221    30.0
20230610.2100     0.7192     3.8533   126.8445    30.0
20230610.2200     0.7229     3.8690   126.8829    30.0
20230610.2300     0.7208     3.8954   127.1462    30.0
20230611.0000     0.7049     3.9434   127.7222    30.0
20230611.0100     0.6834     3.9949   128.3969    30.0
20230611.0200     0.6641     4.0285   129.0935    30.0
20230611.0300     0.6494     4.0368   129.7134    30.0
20230611.0400     0.6384     4.0315   130.3552    30.0
20230611.0500     0.6314     4.0147   130.9695    30.0
20230611.0600     0.6255     4.0046   131.5784    30.0
20230611.0700     0.6245     3.9864   132.2476    30.0
20230611.0800     0.6239     3.9862   132.9717    30.0
20230611.0900     0.6441     3.9301   134.2279    30.0
20230611.1000     0.6829     3.8746   136.6908    30.0
20230611.1100     0.7570     3.8468   138.3090    30.0
20230611.1200     0.8506     3.9022   138.4901    30.0
20230611.1300     0.9401     4.0170   138.5614    30.0
20230611.1400     1.0185     4.1463   138.4462    30.0
20230611.1500     1.0776     4.2656   137.5191    30.0
20230611.1600     1.1080     4.3682   135.9393    30.0
20230611.1700     1.0971     4.4636   134.4089    30.0
20230611.1800     1.0646     4.5538   133.4435    30.0
20230611.1900     1.0330     4.6215   132.6920    30.0
20230611.2000     1.0096     4.6606   131.9789    30.0
20230611.2100     0.9884     4.6957   131.6223    30.0
20230611.2200     0.9685     4.7268   131.5071    30.0
20230611.2300     1.0170     4.8495   131.0354    30.0
20230612.0000     1.0164     4.8281   130.2619    30.0
20230612.0100     1.0172     4.8082   129.4227    30.0
20230612.0200     1.0097     4.8133   128.7809    30.0
20230612.0300     0.9925     4.8419   128.4408    30.0
20230612.0400     0.9713     4.8734   128.4298    30.0
20230612.0500     0.9552     4.8763   128.4298    30.0
20230612.0600     0.9401     4.8712   128.6053    30.0
20230612.0700     0.9250     4.8635   128.9838    30.0
20230612.0800     0.9242     4.8038   129.3020    30.0
20230612.0900     0.9503     4.6852   129.0826    30.0
20230612.1000     0.9408     4.6963   128.7205    30.0
20230612.1100     0.9416     4.6712   128.1391    30.0
20230612.1200     0.9621     4.6063   127.1133    30.0
20230612.1300     0.9891     4.5577   126.2137    30.0
20230612.1400     1.0149     4.5385   125.6048    30.0
20230612.1500     1.0392     4.5380   125.0837    30.0
20230612.1600     1.0499     4.5600   124.8039    30.0
20230612.1700     1.0557     4.5785   124.5461    30.0
20230612.1800     1.0638     4.5812   124.0414    30.0
20230612.1900     1.0801     4.5689   123.2625    30.0
20230612.2000     1.0955     4.5626   122.4671    30.0
20230612.2100     1.1044     4.5676   121.9515    30.0
20230612.2200     1.0927     4.5902   121.5401    30.0
20230612.2300     1.0771     4.6091   121.0738    30.0
20230613.0000     1.0571     4.6254   120.6953    30.0
20230613.0100     1.0352     4.6381   120.6295    30.0
20230613.0200     1.0165     4.6372   120.8489    30.0
20230613.0300     1.0101     4.6056   120.8380    30.0
20230613.0400     1.0228     4.5501   121.0299    30.0
20230613.0500     1.0502     4.5022   121.5730    30.0
20230613.0600     1.0723     4.4893   122.6097    30.0
20230613.0700     1.0898     4.4949   123.9317    30.0
20230613.0800     1.1146     4.4993   124.9849    30.0
20230613.0900     1.1481     4.5099   125.6980    30.0
20230613.1000     1.1506     4.5497   125.8352    30.0
20230613.1100     1.1833     4.6352   125.6761    30.0
20230613.1200     1.1775     4.6643   125.5225    30.0
20230613.1300     1.1718     4.6789   125.2044    30.0
20230613.1400     1.1687     4.6830   124.8478    30.0
20230613.1500     1.1565     4.6918   124.4693    30.0
20230613.1600     1.1334     4.6975   124.3157    30.0
20230613.1700     1.1103     4.6993   124.3431    30.0
20230613.1800     1.0815     4.7020   124.4913    30.0
20230613.1900     1.0682     4.6697   124.3102    30.0
20230613.2000     1.0685     4.6218   123.7452    30.0
20230613.2100     1.0570     4.6012   123.7617    30.0
20230613.2200     1.0374     4.5904   123.9592    30.0
20230613.2300     1.0222     4.5690   123.8604    30.0
20230614.0000     1.0123     4.5413   123.7123    30.0
20230614.0100     1.0009     4.5222   123.7343    30.0
20230614.0200     0.9870     4.5099   123.2296    30.0
20230614.0300     0.9686     4.5111   122.8785    30.0
20230614.0400     0.9406     4.5338   123.4710    30.0
20230614.0500     0.9252     4.5171   124.1621    30.0
20230614.0600     0.9317     4.4567   124.7326    30.0
20230614.0700     0.9433     4.4052   125.5554    30.0
20230614.0800     0.9331     4.4035   126.3782    30.0
20230614.0900     0.9209     4.4068   127.4040    30.0
20230614.1000     0.8756     4.5074   128.2488    30.0
20230614.1100     0.8413     4.5608   128.9948    30.0
20230614.1200     0.8147     4.5786   129.5488    30.0
20230614.1300     0.7895     4.5938   129.8725    30.0
20230614.1400     0.7662     4.6018   130.0535    30.0
20230614.1500     0.7423     4.6185   130.3826    30.0
20230614.1600     0.7185     4.6385   130.8489    30.0
20230614.1700     0.6984     4.6388   131.3700    30.0
20230614.1800     0.6806     4.6237   131.8911    30.0
20230614.1900     0.6665     4.5854   132.3574    30.0
20230614.2000     0.6537     4.5408   132.6591    30.0
20230614.2100     0.6443     4.4763   132.5987    30.0
20230614.2200     0.6289     4.4562   132.6042    30.0
20230614.2300     0.7290     4.7568   132.0941    30.0
20230615.0000     0.7244     4.7256   132.0063    30.0
20230615.0100     0.7137     4.7212   132.2531    30.0
20230615.0200     0.6967     4.7414   132.3190    30.0
20230615.0300     0.6774     4.7573   132.1983    30.0
20230615.0400     0.6615     4.7322   131.9405    30.0
20230615.0500     0.6509     4.6589   131.3755    30.0
20230615.0600     0.6434     4.5643   130.8105    30.0
20230615.0700     0.6411     4.4454   130.2400    30.0
20230615.0800     0.6472     4.2995   129.4336    30.0
20230615.0900     0.6615     4.1512   128.2927    30.0
20230615.1000     0.6732     4.0496   126.4605    30.0
20230615.1100     0.6818     3.9883   125.0014    30.0
20230615.1200     0.6854     3.9651   123.9592    30.0
20230615.1300     0.6893     3.9546   123.0321    30.0
20230615.1400     0.6817     3.9871   123.0266    30.0
20230615.1500     0.6719     4.0212   123.3887    30.0
20230615.1600     0.6626     4.0469   123.7672    30.0
20230615.1700     0.6565     4.0535   123.8220    30.0
20230615.1800     0.6553     4.0375   123.5039    30.0
20230615.1900     0.6533     4.0268   123.2022    30.0
20230615.2000     0.6475     4.0280   123.1528    30.0
20230615.2100     0.6381     4.0382   123.3887    30.0
20230615.2200     0.6174     4.0964   124.1128    30.0
20230615.2300     0.5987     4.1385   124.6448    30.0
20230616.0000     0.5840     4.1559   124.7216    30.0
20230616.0100     0.5712     4.1619   124.5955    30.0
20230616.0200     0.5570     4.1795   124.8313    30.0
20230616.0300     0.5443     4.1867   125.0508    30.0
20230616.0400     0.5324     4.1917   125.4128    30.0
20230616.0500     0.5223     4.1851   125.9833    30.0
20230616.0600     0.5142     4.1641   126.6909    30.0
20230616.0700     0.5111     4.1126   128.3640    30.0
20230616.0800     0.5112     4.0423   130.5581    30.0
20230616.0900     0.5152     3.9592   132.6042    30.0
20230616.1000     0.5058     3.9693   132.9443    30.0
20230616.1100     0.5206     4.0426   132.8785    30.0
20230616.1200     0.5122     4.0477   132.7468    30.0
20230616.1300     0.5063     4.0425   132.8401    30.0
20230616.1400     0.5016     4.0365   132.8949    30.0
20230616.1500     0.5003     4.0153   132.9717    30.0
20230616.1600     0.5015     3.9851   133.0650    30.0
20230616.1700     0.5071     3.9366   133.0705    30.0
20230616.1800     0.5165     3.8830   132.5384    30.0
20230616.1900     0.5208     3.8650   132.0776    30.0
20230616.2000     0.5197     3.8742   131.6388    30.0
20230616.2100     0.5235     3.8511   130.7830    30.0
20230616.2200     0.5495     3.7407   128.2652    30.0
20230616.2300     0.5803     3.6643   126.2576    30.0
20230617.0000     0.6064     3.6325   124.6174    30.0
20230617.0100     0.6267     3.6267   123.3393    30.0
20230617.0200     0.6493     3.6267   122.2422    30.0
20230617.0300     0.6735     3.6387   121.2932    30.0
20230617.0400     0.7006     3.6609   120.1248    30.0
20230617.0500     0.7285     3.6965   119.3624    30.0
20230617.0600     0.7556     3.7437   118.9181    30.0
20230617.0700     0.7802     3.7983   118.7151    30.0
20230617.0800     0.8006     3.8554   118.8522    30.0
20230617.0900     0.8070     3.9179   119.6257    30.0
20230617.1000     0.7932     3.9852   120.6076    30.0
20230617.1100     0.7732     4.0381   121.6059    30.0
20230617.1200     0.7564     4.0645   122.7359    30.0
20230617.1300     0.7371     4.0876   123.9537    30.0
20230617.1400     0.7167     4.1078   124.9904    30.0
20230617.1500     0.6930     4.1395   125.7200    30.0
20230617.1600     0.6690     4.1722   126.3014    30.0
20230617.1700     0.6475     4.1928   126.7567    30.0
20230617.1800     0.6292     4.1960   127.0859    30.0
20230617.1900     0.6141     4.1811   127.3272    30.0
20230617.2000     0.6025     4.1478   127.3821    30.0
20230617.2100     0.5953     4.0937   127.2011    30.0
20230617.2200     0.5883     4.0416   126.7403    30.0
20230617.2300     0.6297     4.1470   126.1588    30.0
20230618.0000     0.6149     4.1203   125.9504    30.0
20230618.0100     0.6008     4.0884   125.5170    30.0
20230618.0200     0.5905     4.0405   124.8643    30.0
20230618.0300     0.5829     3.9850   124.0360    30.0
20230618.0400     0.5811     3.9128   122.9005    30.0
20230618.0500     0.5806     3.8512   121.9570    30.0
20230618.0600     0.5731     3.8278   121.6608    30.0
20230618.0700     0.5582     3.8348   121.9844    30.0
20230618.0800     0.5418     3.8430   122.4068    30.0
20230618.0900     0.5263     3.8480   122.9060    30.0
20230618.1000     0.5028     3.9059   123.5532    30.0
20230618.1100     0.4850     3.9322   124.0689    30.0
20230618.1200     0.4699     3.9459   124.4693    30.0
20230618.1300     0.4592     3.9325   124.6668    30.0
20230618.1400     0.4521     3.8999   124.7875    30.0
20230618.1500     0.4452     3.8721   125.0453    30.0
20230618.1600     0.4368     3.8611   125.5170    30.0
20230618.1700     0.4284     3.8539   126.0107    30.0
20230618.1800     0.4210     3.8465   126.4605    30.0
20230618.1900     0.4126     3.8522   126.8006    30.0
20230618.2000     0.4079     3.8318   127.0365    30.0
20230618.2100     0.4086     3.7764   126.8335    30.0
20230618.2200     0.4160     3.6841   125.6212    30.0
20230618.2300     0.4185     3.6454   124.5626    30.0
20230619.0000     0.4111     3.6687   124.3651    30.0
20230619.0100     0.4040     3.6859   123.8495    30.0
20230619.0200     0.3967     3.6992   123.5862    30.0
20230619.0300     0.3891     3.7158   123.4600    30.0
20230619.0400     0.3811     3.7379   123.6849    30.0
20230619.0500     0.3735     3.7557   123.9921    30.0
20230619.0600     0.3672     3.7651   124.4748    30.0
20230619.0700     0.3638     3.7476   125.4786    30.0
20230619.0800     0.3667     3.6892   128.0403    30.0
20230619.0900     0.3650     3.6741   128.6547    30.0
20230619.1000     0.3554     3.7123   129.5982    30.0
20230619.1100     0.3518     3.7066   129.9163    30.0
20230619.1200     0.3503     3.6785   130.3332    30.0
20230619.1300     0.3486     3.6595   130.8763    30.0
20230619.1400     0.3477     3.6348   131.7869    30.0
20230619.1500     0.3470     3.6106   132.3903    30.0
20230619.1600     0.3443     3.6029   132.0611    30.0
20230619.1700     0.3418     3.5925   130.9805    30.0
20230619.1800     0.3389     3.5833   129.7902    30.0
20230619.1900     0.3369     3.5560   128.8412    30.0
20230619.2000     0.3307     3.5779   128.4846    30.0
20230619.2100     0.3243     3.5997   128.3475    30.0
20230619.2200     0.3293     3.5269   121.0080    30.0
20230619.2300     0.3244     3.5183   121.1397    30.0
20230620.0000     0.3178     3.5240   121.4907    30.0
20230620.0100     0.3096     3.5557   121.9899    30.0
20230620.0200     0.3024     3.5732   122.4068    30.0
20230620.0300     0.2954     3.5946   122.8127    30.0
20230620.0400     0.2908     3.5798   122.8895    30.0
20230620.0500     0.2887     3.5401   122.2313    30.0
20230620.0600     0.2847     3.5260   121.3920    30.0
20230620.0700     0.2803     3.5138   121.3207    30.0
20230620.0800     0.2762     3.5018   120.7612    30.0
20230620.0900     0.2752     3.4676   118.9949    30.0
20230620.1000     0.2679     3.4945   116.6745    30.0
20230620.1100     0.2767     3.3816   113.3010    30.0
20230620.1200     0.2872     3.2733   110.9258    30.0
20230620.1300     0.2909     3.2184   110.3224    30.0
20230620.1400     0.2965     3.1666   110.1743    30.0
20230620.1500     0.3056     3.1124   109.6312    30.0
20230620.1600     0.3197     3.0534   108.9181    30.0
20230620.1700     0.3386     3.0076   108.3696    30.0
20230620.1800     0.3555     2.9973   109.0388    30.0
20230620.1900     0.3696     3.0123   110.6460    30.0
20230620.2000     0.3885     3.0245   112.0997    30.0
20230620.2100     0.4140     3.0393   113.1803    30.0
20230620.2200     0.4147     3.1119   114.7820    30.0
20230620.2300     0.4222     3.1568   116.0217    30.0
20230621.0000     0.4346     3.1910   117.2285    30.0
20230621.0100     0.4516     3.2165   118.3695    30.0
20230621.0200     0.4684     3.2502   119.8177    30.0
20230621.0300     0.4890     3.2813   121.4304    30.0
20230621.0400     0.5155     3.3109   123.0815    30.0
20230621.0500     0.5476     3.3471   124.4913    30.0
20230621.0600     0.5790     3.3970   125.6048    30.0
20230621.0700     0.6020     3.4588   126.4495    30.0
20230621.0800     0.6162     3.5229   127.4973    30.0
20230621.0900     0.6255     3.5828   128.6382    30.0
20230621.1000     0.6233     3.6513   129.6805    30.0
20230621.1100     0.6357     3.6821   130.2345    30.0
20230621.1200     0.6627     3.6970   130.4704    30.0
20230621.1300     0.6921     3.7286   129.9986    30.0
20230621.1400     0.7203     3.7717   128.6273    30.0
20230621.1500     0.7417     3.8249   127.3327    30.0
20230621.1600     0.7573     3.8750   126.3453    30.0
20230621.1700     0.7658     3.9183   125.6542    30.0
20230621.1800     0.7705     3.9449   124.7491    30.0
20230621.1900     0.7681     3.9622   123.6575    30.0
20230621.2000     0.7586     3.9700   122.3848    30.0
20230621.2100     0.7490     3.9606   120.8764    30.0
20230621.2200     0.7496     3.9263   119.4117    30.0
20230621.2300     0.7578     3.8899   118.0184    30.0
20230622.0000     0.7678     3.8713   117.1079    30.0
20230622.0100     0.7761     3.8683   116.5977    30.0
20230622.0200     0.7773     3.8796   116.6251    30.0
20230622.0300     0.7702     3.8963   117.1353    30.0
20230622.0400     0.7659     3.9024   117.7771    30.0
20230622.0500     0.7641     3.9054   118.5066    30.0
20230622.0600     0.7601     3.9161   119.4063    30.0
20230622.0700     0.7492     3.9398   120.3388    30.0
20230622.0800     0.7401     3.9552   121.0135    30.0
20230622.0900     0.7378     3.9568   121.4304    30.0
20230622.1000     0.7302     3.9685   122.1380    30.0
20230622.1100     0.7184     3.9880   122.8511    30.0
20230622.1200     0.7024     4.0072   123.7343    30.0
20230622.1300     0.6891     4.0096   124.7326    30.0
20230622.1400     0.6780     4.0018   125.6926    30.0
20230622.1500     0.6693     3.9856   126.4276    30.0
20230622.1600     0.6663     3.9544   127.0145    30.0
20230622.1700     0.6713     3.9091   127.6673    30.0
20230622.1800     0.6809     3.8673   128.4078    30.0
20230622.1900     0.6906     3.8382   129.0222    30.0
20230622.2000     0.6996     3.8192   129.4720    30.0
20230622.2100     0.7036     3.8110   129.7627    30.0
20230622.2200     0.6972     3.8148   129.4830    30.0
20230622.2300     0.6851     3.8206   129.1813    30.0
20230623.0000     0.6640     3.8356   128.9125    30.0
20230623.0100     0.6432     3.8415   128.6163    30.0
20230623.0200     0.6289     3.8277   128.3311    30.0
20230623.0300     0.6225     3.8018   128.1829    30.0
20230623.0400     0.6213     3.7769   128.1007    30.0
20230623.0500     0.6259     3.7519   127.9635    30.0
20230623.0600     0.6313     3.7371   127.8044    30.0
20230623.0700     0.6332     3.7377   127.7880    30.0
20230623.0800     0.6325     3.7415   128.0732    30.0
20230623.0900     0.6312     3.7430   128.5998    30.0
20230623.1000     0.6122     3.7888   128.3640    30.0
20230623.1100     0.5965     3.7753   128.3256    30.0
20230623.1200     0.5942     3.7467   128.1171    30.0
20230623.1300     0.5926     3.7257   127.8812    30.0
20230623.1400     0.5862     3.7257   127.7331    30.0
20230623.1500     0.5826     3.7161   127.5576    30.0
20230623.1600     0.5802     3.7089   127.5028    30.0
20230623.1700     0.5743     3.7225   127.4644    30.0
20230623.1800     0.5670     3.7426   127.4698    30.0
20230623.1900     0.5617     3.7576   127.4260    30.0
20230623.2000     0.5572     3.7699   127.2943    30.0
20230623.2100     0.5562     3.7655   127.0475    30.0
20230623.2200     0.5561     3.7559   126.4825    30.0
20230623.2300     0.5575     3.7432   126.1753    30.0
20230624.0000     0.5568     3.7378   126.1204    30.0
20230624.0100     0.5559     3.7282   126.1862    30.0
20230624.0200     0.5564     3.7112   126.2411    30.0
20230624.0300     0.5549     3.7010   126.2740    30.0
20230624.0400     0.5493     3.7045   126.4166    30.0
20230624.0500     0.5427     3.7064   126.6799    30.0
20230624.0600     0.5357     3.7041   127.0913    30.0
20230624.0700     0.5286     3.6986   127.6783    30.0
20230624.0800     0.5225     3.6878   128.3640    30.0
20230624.0900     0.5223     3.6521   129.2032    30.0
20230624.1000     0.5163     3.6416   129.1758    30.0
20230624.1100     0.5214     3.5965   129.0222    30.0
20230624.1200     0.5364     3.5405   128.7150    30.0
20230624.1300     0.5462     3.5229   128.4462    30.0
20230624.1400     0.5495     3.5290   128.5176    30.0
20230624.1500     0.5445     3.5572   128.5614    30.0
20230624.1600     0.5354     3.5918   128.5889    30.0
20230624.1700     0.5258     3.6228   128.5669    30.0
20230624.1800     0.5190     3.6357   128.6108    30.0
20230624.1900     0.5146     3.6374   128.7699    30.0
20230624.2000     0.5095     3.6437   128.8851    30.0
20230624.2100     0.5000     3.6710   128.7863    30.0
20230624.2200     0.4905     3.6870   128.4188    30.0
20230624.2300     0.4876     3.6733   127.8812    30.0
20230625.0000     0.4878     3.6456   127.2011    30.0
20230625.0100     0.4931     3.6057   126.7622    30.0
20230625.0200     0.5078     3.5465   126.4715    30.0
20230625.0300     0.5289     3.5015   126.2027    30.0
20230625.0400     0.5472     3.4911   126.1204    30.0
20230625.0500     0.5569     3.5087   126.3014    30.0
20230625.0600     0.5585     3.5371   126.6799    30.0
20230625.0700     0.5597     3.5531   127.4260    30.0
20230625.0800     0.5599     3.5628   128.4792    30.0
20230625.0900     0.5592     3.5651   129.7024    30.0
20230625.1000     0.5411     3.6171   129.6311    30.0
20230625.1100     0.5235     3.6582   129.4227    30.0
20230625.1200     0.5090     3.6782   129.0167    30.0
20230625.1300     0.5015     3.6613   128.2927    30.0
20230625.1400     0.4998     3.6222   127.5686    30.0
20230625.1500     0.5008     3.5826   127.3876    30.0
20230625.1600     0.5028     3.5522   127.7551    30.0
20230625.1700     0.5039     3.5338   128.0787    30.0
20230625.1800     0.5004     3.5370   128.1720    30.0
20230625.1900     0.4896     3.5687   128.0897    30.0
20230625.2000     0.4776     3.6014   127.9306    30.0
20230625.2100     0.4669     3.6220   127.6947    30.0
20230625.2200     0.4533     3.6537   127.3272    30.0
20230625.2300     0.4440     3.6627   126.9542    30.0
20230626.0000     0.4373     3.6569   126.4386    30.0
20230626.0100     0.4309     3.6503   126.1259    30.0
20230626.0200     0.4233     3.6511   126.0052    30.0
20230626.0300     0.4151     3.6590   126.0107    30.0
20230626.0400     0.4078     3.6604   126.2630    30.0
20230626.0500     0.4016     3.6566   126.9268    30.0
20230626.0600     0.3977     3.6387   128.1445    30.0
20230626.0700     0.3979     3.5968   129.7189    30.0
20230626.0800     0.4127     3.4805   133.0156    30.0
20230626.0900     0.4213     3.4176   134.6996    30.0
20230626.1000     0.4154     3.4293   134.6887    30.0
20230626.1100     0.4026     3.4307   134.0249    30.0
20230626.1200     0.3982     3.4104   133.8165    30.0
20230626.1300     0.3971     3.3764   133.9646    30.0
20230626.1400     0.3973     3.3406   134.3650    30.0
20230626.1500     0.4021     3.2916   134.9739    30.0
20230626.1600     0.4076     3.2561   135.3634    30.0
20230626.1700     0.4074     3.2486   135.3743    30.0
20230626.1800     0.4022     3.2587   135.1549    30.0
20230626.1900     0.3945     3.2723   134.7929    30.0
20230626.2000     0.3884     3.2735   134.4308    30.0
20230626.2100     0.3859     3.2567   134.2718    30.0
20230626.2200     0.3755     3.2796   133.8329    30.0
20230626.2300     0.3724     3.2672   133.6903    30.0
20230627.0000     0.3720     3.2411   133.7287    30.0
20230627.0100     0.3732     3.2163   133.6958    30.0
20230627.0200     0.3791     3.1788   133.8165    30.0
20230627.0300     0.3887     3.1448   133.9975    30.0
20230627.0400     0.4050     3.1083   134.0962    30.0
20230627.0500     0.4217     3.0943   134.1237    30.0
20230627.0600     0.4344     3.0993   134.3211    30.0
20230627.0700     0.4455     3.1086   134.7984    30.0
20230627.0800     0.4564     3.1180   135.6376    30.0
20230627.0900     0.4675     3.1295   136.5318    30.0
20230627.1000     0.4654     3.1620   136.6305    30.0
20230627.1100     0.4733     3.1699   136.2959    30.0
20230627.1200     0.4830     3.1828   135.8461    30.0
20230627.1300     0.4983     3.1997   135.2317    30.0
20230627.1400     0.5262     3.2245   134.0359    30.0
20230627.1500     0.5568     3.2778   132.6645    30.0
20230627.1600     0.5825     3.3516   131.6333    30.0
20230627.1700     0.6015     3.4277   130.7556    30.0
20230627.1800     0.6224     3.4886   129.4391    30.0
20230627.1900     0.6421     3.5410   128.0074    30.0
20230627.2000     0.6570     3.5876   126.9871    30.0
20230627.2100     0.6634     3.6304   126.5647    30.0
20230627.2200     0.6655     3.6631   126.4166    30.0
20230627.2300     0.6718     3.7117   126.1643    30.0
20230628.0000     0.6756     3.7179   125.9120    30.0
20230628.0100     0.6987     3.7052   125.5993    30.0
20230628.0200     0.7315     3.7101   125.3031    30.0
20230628.0300     0.7487     3.7436   125.0179    30.0
20230628.0400     0.7527     3.7819   124.7326    30.0
20230628.0500     0.7489     3.8145   124.6503    30.0
20230628.0600     0.7451     3.8341   124.9795    30.0
20230628.0700     0.7427     3.8432   125.6048    30.0
20230628.0800     0.7399     3.8467   126.4057    30.0
20230628.0900     0.7369     3.8460   127.3766    30.0
20230628.1000     0.7340     3.8415   128.6382    30.0
20230628.1100     0.7442     3.8275   129.8505    30.0
20230628.1200     0.7573     3.8254   130.7776    30.0
20230628.1300     0.7714     3.8339   131.5071    30.0
20230628.1400     0.7861     3.8510   131.8637    30.0
20230628.1500     0.7944     3.8790   131.8637    30.0
20230628.1600     0.7950     3.9094   131.7156    30.0
20230628.1700     0.7921     3.9345   131.4687    30.0
20230628.1800     0.7830     3.9562   131.1725    30.0
20230628.1900     0.7712     3.9688   130.7392    30.0
20230628.2000     0.7518     3.9838   130.1632    30.0
20230628.2100     0.7249     4.0027   129.7847    30.0
20230628.2200     0.7006     3.9996   129.7682    30.0
20230628.2300     0.6864     3.9624   129.8286    30.0
20230629.0000     0.6852     3.8995   129.9657    30.0
20230629.0100     0.7040     3.8279   130.0754    30.0
20230629.0200     0.7186     3.7987   130.3881    30.0
20230629.0300     0.7342     3.7863   130.8324    30.0
20230629.0400     0.7373     3.8015   131.2548    30.0
20230629.0500     0.7303     3.8218   131.6004    30.0
20230629.0600     0.7193     3.8384   132.0118    30.0
20230629.0700     0.7078     3.8464   132.7194    30.0
20230629.0800     0.7156     3.8198   133.9646    30.0
20230629.0900     0.7388     3.7937   135.2646    30.0
20230629.1000     0.7398     3.8078   135.3908    30.0
20230629.1100     0.8025     3.9425   135.3469    30.0
20230629.1200     0.7957     3.9694   134.8916    30.0
20230629.1300     0.7824     3.9952   134.3650    30.0
20230629.1400     0.7714     4.0050   133.7068    30.0
20230629.1500     0.7634     4.0022   132.9662    30.0
20230629.1600     0.7562     3.9934   131.9514    30.0
20230629.1700     0.7424     3.9952   130.9476    30.0
20230629.1800     0.7206     4.0085   130.2510    30.0
20230629.1900     0.6997     4.0090   129.5982    30.0
20230629.2000     0.6820     3.9950   128.8796    30.0
20230629.2100     0.6844     3.9301   127.6673    30.0
20230629.2200     0.6782     3.9005   126.4989    30.0
20230629.2300     0.6597     3.9064   126.3398    30.0
20230630.0000     0.6403     3.9047   126.2411    30.0
20230630.0100     0.6321     3.8642   125.5883    30.0
20230630.0200     0.6341     3.8054   124.6394    30.0
20230630.0300     0.6348     3.7692   123.8549    30.0
20230630.0400     0.6274     3.7571   123.5478    30.0
20230630.0500     0.6107     3.7629   123.6465    30.0
20230630.0600     0.5947     3.7574   124.2279    30.0
20230630.0700     0.5779     3.7510   124.9136    30.0
20230630.0800     0.5648     3.7281   126.0327    30.0
20230630.0900     0.5556     3.6981   127.1352    30.0
20230630.1000     0.5566     3.6415   127.9196    30.0
20230630.1100     0.5612     3.5997   128.8138    30.0
20230630.1200     0.5612     3.5846   129.3184    30.0
20230630.1300     0.5696     3.5584   129.7244    30.0
20230630.1400     0.5884     3.5336   130.0206    30.0
20230630.1500     0.6056     3.5363   130.1851    30.0
20230630.1600     0.6158     3.5598   130.3936    30.0
20230630.1700     0.6218     3.5879   130.2510    30.0
20230630.1800     0.6182     3.6233   129.9109    30.0
20230630.1900     0.6105     3.6491   129.3129    30.0
20230630.2000     0.6052     3.6581   128.6382    30.0
20230630.2100     0.6021     3.6576   128.0623    30.0
20230630.2200     0.5995     3.6508   127.3382    30.0
20230630.2300     0.6437     3.7871   127.5631    30.0
