TPAR
20230501.0000     0.2269     3.2526   106.4332    30.0
20230501.0100     0.2286     3.2038   104.8370    30.0
20230501.0200     0.2278     3.1869   103.6521    30.0
20230501.0300     0.2275     3.1613   102.4673    30.0
20230501.0400     0.2256     3.1520   101.9242    30.0
20230501.0500     0.2214     3.1739   101.9297    30.0
20230501.0600     0.2172     3.1912   102.1710    30.0
20230501.0700     0.2135     3.1968   102.6922    30.0
20230501.0800     0.2336     2.9631   115.4129    30.0
20230501.0900     0.2356     2.9222   120.0974    30.0
20230501.1000     0.2335     2.9308   134.2608    30.0
20230501.1100     0.2301     2.9252   135.3579    30.0
20230501.1200     0.2332     2.8761   138.2652    30.0
20230501.1300     0.2407     2.8272   142.8510    30.0
20230501.1400     0.2409     2.8135   143.0320    30.0
20230501.1500     0.2405     2.7955   140.9201    30.0
20230501.1600     0.2373     2.8019   139.2964    30.0
20230501.1700     0.2349     2.7961   138.1609    30.0
20230501.1800     0.2330     2.8064   136.4879    30.0
20230501.1900     0.2320     2.8071   134.5625    30.0
20230501.2000     0.2344     2.7871   132.6645    30.0
20230501.2100     0.2357     2.7733   131.5949    30.0
20230501.2200     0.2228     2.8170   128.3914    30.0
20230501.2300     0.2222     2.8316   127.3437    30.0
20230502.0000     0.2275     2.7979   126.0436    30.0
20230502.0100     0.2376     2.7615   120.7666    30.0
20230502.0200     0.2552     2.7226   113.8605    30.0
20230502.0300     0.2634     2.7283   110.9697    30.0
20230502.0400     0.2658     2.7656   110.6131    30.0
20230502.0500     0.2743     2.7714   111.7980    30.0
20230502.0600     0.2823     2.7819   113.4710    30.0
20230502.0700     0.2841     2.8186   114.4474    30.0
20230502.0800     0.2860     2.8484   114.8314    30.0
20230502.0900     0.2887     2.8736   115.7584    30.0
20230502.1000     0.2788     2.9343   116.9214    30.0
20230502.1100     0.2767     2.9888   117.2724    30.0
20230502.1200     0.2756     3.0337   117.7497    30.0
20230502.1300     0.2774     3.0615   118.2982    30.0
20230502.1400     0.2823     3.0617   118.1720    30.0
20230502.1500     0.2903     3.0476   117.2834    30.0
20230502.1600     0.2964     3.0530   117.1188    30.0
20230502.1700     0.3007     3.0750   117.3437    30.0
20230502.1800     0.3087     3.0806   117.4370    30.0
20230502.1900     0.3183     3.0970   117.2889    30.0
20230502.2000     0.3392     3.0756   115.0453    30.0
20230502.2100     0.3816     3.0194   110.8874    30.0
20230502.2200     0.4117     3.0400   110.9861    30.0
20230502.2300     0.4292     3.0947   111.0629    30.0
20230503.0000     0.4561     3.1257   110.6241    30.0
20230503.0100     0.4649     3.1916   110.3114    30.0
20230503.0200     0.4633     3.2630   110.6625    30.0
20230503.0300     0.4637     3.3183   111.2275    30.0
20230503.0400     0.4640     3.3735   112.0613    30.0
20230503.0500     0.4602     3.4432   112.9773    30.0
20230503.0600     0.4540     3.5249   114.0360    30.0
20230503.0700     0.4465     3.6208   115.3525    30.0
20230503.0800     0.4406     3.7093   116.6471    30.0
20230503.0900     0.4390     3.7710   117.9910    30.0
20230503.1000     0.4365     3.8361   119.5873    30.0
20230503.1100     0.4397     3.8663   120.8489    30.0
20230503.1200     0.4429     3.8998   121.8253    30.0
20230503.1300     0.4455     3.9379   122.4781    30.0
20230503.1400     0.4475     3.9841   122.9444    30.0
20230503.1500     0.4491     4.0343   123.2515    30.0
20230503.1600     0.4505     4.0862   123.4819    30.0
20230503.1700     0.4540     4.1196   123.6410    30.0
20230503.1800     0.4574     4.1525   123.7343    30.0
20230503.1900     0.4604     4.1867   123.8056    30.0
20230503.2000     0.4629     4.2228   123.8769    30.0
20230503.2100     0.4665     4.2409   123.9153    30.0
20230503.2200     0.4702     4.2496   123.6904    30.0
20230503.2300     0.4758     4.2421   123.6849    30.0
20230504.0000     0.4800     4.2419   123.6849    30.0
20230504.0100     0.4841     4.2342   123.6191    30.0
20230504.0200     0.4863     4.2369   123.5258    30.0
20230504.0300     0.4849     4.2634   123.2570    30.0
20230504.0400     0.4825     4.2867   123.0541    30.0
20230504.0500     0.4793     4.3108   122.9279    30.0
20230504.0600     0.4755     4.3348   122.8730    30.0
20230504.0700     0.4709     4.3597   122.8401    30.0
20230504.0800     0.4666     4.3792   122.8456    30.0
20230504.0900     0.4651     4.3563   123.1967    30.0
20230504.1000     0.4563     4.4008   123.2625    30.0
20230504.1100     0.4522     4.4063   123.2845    30.0
20230504.1200     0.4512     4.3733   123.8933    30.0
20230504.1300     0.4472     4.3718   123.9866    30.0
20230504.1400     0.4438     4.3624   124.1128    30.0
20230504.1500     0.4401     4.3555   124.0360    30.0
20230504.1600     0.4379     4.3326   124.0798    30.0
20230504.1700     0.4427     4.2474   125.0453    30.0
20230504.1800     0.4577     4.0947   127.1572    30.0
20230504.1900     0.4823     3.9159   129.3678    30.0
20230504.2000     0.5119     3.7794   130.5472    30.0
20230504.2100     0.5328     3.7250   130.1906    30.0
20230504.2200     0.5354     3.7426   129.3129    30.0
20230504.2300     0.5378     3.7557   128.5669    30.0
20230505.0000     0.5390     3.7714   127.9142    30.0
20230505.0100     0.5387     3.7896   127.4314    30.0
20230505.0200     0.5386     3.8047   126.9432    30.0
20230505.0300     0.5364     3.8264   126.2850    30.0
20230505.0400     0.5339     3.8446   125.4951    30.0
20230505.0500     0.5282     3.8751   124.9630    30.0
20230505.0600     0.5223     3.9019   124.5900    30.0
20230505.0700     0.5153     3.9316   124.3212    30.0
20230505.0800     0.5094     3.9500   124.1731    30.0
20230505.0900     0.5081     3.9359   124.1018    30.0
20230505.1000     0.5003     3.9629   123.9592    30.0
20230505.1100     0.4978     3.9603   124.0634    30.0
20230505.1200     0.4953     3.9628   124.2225    30.0
20230505.1300     0.4909     3.9805   124.3925    30.0
20230505.1400     0.4847     4.0165   124.5077    30.0
20230505.1500     0.4794     4.0459   124.5955    30.0
20230505.1600     0.4759     4.0610   124.6778    30.0
20230505.1700     0.4728     4.0708   124.6887    30.0
20230505.1800     0.4688     4.0874   124.6229    30.0
20230505.1900     0.4642     4.1104   124.5351    30.0
20230505.2000     0.4589     4.1302   124.4309    30.0
20230505.2100     0.4538     4.1434   124.3047    30.0
20230505.2200     0.4542     4.0943   124.0963    30.0
20230505.2300     0.4593     4.0200   123.4819    30.0
20230506.0000     0.4632     3.9602   122.7579    30.0
20230506.0100     0.4628     3.9354   122.2093    30.0
20230506.0200     0.4629     3.9097   121.6443    30.0
20230506.0300     0.4671     3.8647   120.8928    30.0
20230506.0400     0.4700     3.8466   120.4924    30.0
20230506.0500     0.4707     3.8468   120.3936    30.0
20230506.0600     0.4752     3.8223   120.5088    30.0
20230506.0700     0.4829     3.7808   120.9093    30.0
20230506.0800     0.4871     3.7618   121.6114    30.0
20230506.0900     0.4888     3.7517   122.0886    30.0
20230506.1000     0.4936     3.7184   122.1161    30.0
20230506.1100     0.5111     3.7581   122.1929    30.0
20230506.1200     0.5228     3.7046   122.2861    30.0
20230506.1300     0.5411     3.6466   122.2093    30.0
20230506.1400     0.5556     3.6241   121.7924    30.0
20230506.1500     0.5634     3.6296   121.3700    30.0
20230506.1600     0.5696     3.6393   120.8709    30.0
20230506.1700     0.5720     3.6595   120.4595    30.0
20230506.1800     0.5688     3.6901   120.0700    30.0
20230506.1900     0.5656     3.7098   119.6037    30.0
20230506.2000     0.5608     3.7253   118.6986    30.0
20230506.2100     0.5505     3.7540   118.2379    30.0
20230506.2200     0.5409     3.7633   117.3218    30.0
20230506.2300     0.5353     3.7521   116.6032    30.0
20230507.0000     0.5305     3.7345   116.1150    30.0
20230507.0100     0.5281     3.7065   115.7749    30.0
20230507.0200     0.5245     3.6876   115.7255    30.0
20230507.0300     0.5197     3.6737   115.8572    30.0
20230507.0400     0.5122     3.6731   116.1534    30.0
20230507.0500     0.5030     3.6788   116.5977    30.0
20230507.0600     0.4908     3.6985   117.2011    30.0
20230507.0700     0.4813     3.6994   117.9471    30.0
20230507.0800     0.4849     3.6368   119.3679    30.0
20230507.0900     0.4920     3.5750   120.8489    30.0
20230507.1000     0.4753     3.6266   121.0354    30.0
20230507.1100     0.4634     3.6543   121.1561    30.0
20230507.1200     0.4603     3.6376   121.4359    30.0
20230507.1300     0.4634     3.6037   121.9131    30.0
20230507.1400     0.4631     3.6095   122.1709    30.0
20230507.1500     0.4637     3.6201   122.4726    30.0
20230507.1600     0.4686     3.6170   123.0157    30.0
20230507.1700     0.4757     3.6166   123.5697    30.0
20230507.1800     0.4797     3.6417   123.8549    30.0
20230507.1900     0.4830     3.6704   124.1128    30.0
20230507.2000     0.4876     3.6911   124.3925    30.0
20230507.2100     0.4918     3.7156   124.5351    30.0
20230507.2200     0.5009     3.7052   124.9630    30.0
20230507.2300     0.5112     3.7009   124.8862    30.0
20230508.0000     0.5208     3.6974   124.0634    30.0
20230508.0100     0.5260     3.7088   123.1363    30.0
20230508.0200     0.5239     3.7461   122.6975    30.0
20230508.0300     0.5185     3.7893   122.5165    30.0
20230508.0400     0.5126     3.8265   122.4397    30.0
20230508.0500     0.5047     3.8670   122.5220    30.0
20230508.0600     0.4964     3.9060   122.6975    30.0
20230508.0700     0.4890     3.9332   122.7524    30.0
20230508.0800     0.4832     3.9431   122.7140    30.0
20230508.0900     0.4823     3.9183   122.2367    30.0
20230508.1000     0.4725     3.9517   122.0722    30.0
20230508.1100     0.4694     3.9419   121.9570    30.0
20230508.1200     0.4682     3.9198   121.7650    30.0
20230508.1300     0.4694     3.8860   121.6498    30.0
20230508.1400     0.4770     3.8163   121.3975    30.0
20230508.1500     0.4869     3.7496   121.0519    30.0
20230508.1600     0.4898     3.7316   121.0464    30.0
20230508.1700     0.4857     3.7501   121.1616    30.0
20230508.1800     0.4787     3.7785   121.3371    30.0
20230508.1900     0.4733     3.7923   121.6772    30.0
20230508.2000     0.4688     3.7970   122.0283    30.0
20230508.2100     0.4641     3.8037   122.2532    30.0
20230508.2200     0.4764     3.7103   122.0228    30.0
20230508.2300     0.4939     3.6339   121.1835    30.0
20230509.0000     0.4876     3.6722   120.5253    30.0
20230509.0100     0.4740     3.7385   120.3388    30.0
20230509.0200     0.4608     3.7966   120.3333    30.0
20230509.0300     0.4492     3.8399   120.4156    30.0
20230509.0400     0.4390     3.8739   120.5911    30.0
20230509.0500     0.4328     3.8744   121.2110    30.0
20230509.0600     0.4273     3.8671   121.9021    30.0
20230509.0700     0.4281     3.8174   124.2444    30.0
20230509.0800     0.4332     3.7442   126.4550    30.0
20230509.0900     0.4465     3.6380   129.1374    30.0
20230509.1000     0.4336     3.6918   129.8889    30.0
20230509.1100     0.4257     3.7079   130.2729    30.0
20230509.1200     0.4171     3.7273   130.5965    30.0
20230509.1300     0.4147     3.7047   131.0189    30.0
20230509.1400     0.4158     3.6649   130.7062    30.0
20230509.1500     0.4181     3.6270   130.5362    30.0
20230509.1600     0.4220     3.5885   130.6185    30.0
20230509.1700     0.4201     3.5907   130.7666    30.0
20230509.1800     0.4153     3.6107   131.0738    30.0
20230509.1900     0.4133     3.6084   131.3974    30.0
20230509.2000     0.4204     3.5572   131.7320    30.0
20230509.2100     0.4476     3.4439   131.1944    30.0
20230509.2200     0.4534     3.4491   130.3387    30.0
20230509.2300     0.4699     3.4191   128.2378    30.0
20230510.0000     0.4921     3.3870   125.0782    30.0
20230510.0100     0.5252     3.3594   120.6734    30.0
20230510.0200     0.5591     3.3676   116.5593    30.0
20230510.0300     0.5727     3.4205   113.6575    30.0
20230510.0400     0.5735     3.4869   111.8309    30.0
20230510.0500     0.5711     3.5452   109.9439    30.0
20230510.0600     0.5655     3.6147   109.5764    30.0
20230510.0700     0.5574     3.6923   110.4376    30.0
20230510.0800     0.5514     3.7597   111.1452    30.0
20230510.0900     0.5494     3.8093   111.3262    30.0
20230510.1000     0.5461     3.8619   112.3630    30.0
20230510.1100     0.5430     3.9170   113.7234    30.0
20230510.1200     0.5391     3.9697   115.2373    30.0
20230510.1300     0.5415     3.9793   116.5483    30.0
20230510.1400     0.5523     3.9443   117.4534    30.0
20230510.1500     0.5685     3.8977   117.9307    30.0
20230510.1600     0.5876     3.8508   117.2834    30.0
20230510.1700     0.6126     3.7924   113.4107    30.0
20230510.1800     0.6163     3.8120   111.5511    30.0
20230510.1900     0.6009     3.8956   112.4014    30.0
20230510.2000     0.5837     3.9883   114.2774    30.0
20230510.2100     0.5697     4.0762   116.3070    30.0
20230510.2200     0.5598     4.1466   117.8374    30.0
20230510.2300     0.6750     4.5803   118.6602    30.0
20230511.0000     0.6811     4.6301   119.4666    30.0
20230511.0100     0.6890     4.6428   119.5928    30.0
20230511.0200     0.6946     4.6478   119.4008    30.0
20230511.0300     0.6958     4.6502   119.0716    30.0
20230511.0400     0.6932     4.6501   118.6767    30.0
20230511.0500     0.6846     4.6621   118.5121    30.0
20230511.0600     0.6727     4.6755   118.5944    30.0
20230511.0700     0.6605     4.6686   118.6822    30.0
20230511.0800     0.6505     4.6327   118.7206    30.0
20230511.0900     0.6421     4.5762   118.8906    30.0
20230511.1000     0.6393     4.4788   119.6092    30.0
20230511.1100     0.6472     4.3358   120.6953    30.0
20230511.1200     0.6717     4.1609   121.6608    30.0
20230511.1300     0.7131     4.0053   122.5933    30.0
20230511.1400     0.7630     3.9180   123.0212    30.0
20230511.1500     0.8133     3.9031   122.9444    30.0
20230511.1600     0.8639     3.9356   122.4232    30.0
20230511.1700     0.9069     3.9951   121.2823    30.0
20230511.1800     0.9328     4.0618   119.9932    30.0
20230511.1900     0.9447     4.1204   118.8522    30.0
20230511.2000     0.9463     4.1661   117.7771    30.0
20230511.2100     0.9476     4.1959   116.7239    30.0
20230511.2200     0.9373     4.2275   116.3618    30.0
20230511.2300     0.9296     4.2428   116.3454    30.0
20230512.0000     0.9361     4.2377   116.2686    30.0
20230512.0100     0.9468     4.2340   115.7420    30.0
20230512.0200     0.9652     4.2339   114.8588    30.0
20230512.0300     0.9887     4.2512   114.4255    30.0
20230512.0400     1.0158     4.2875   114.8753    30.0
20230512.0500     1.0480     4.3347   115.8572    30.0
20230512.0600     1.0799     4.3906   117.1517    30.0
20230512.0700     1.1018     4.4522   118.5396    30.0
20230512.0800     1.1056     4.5149   119.9329    30.0
20230512.0900     1.1117     4.5573   121.2055    30.0
20230512.1000     1.1013     4.5990   121.7595    30.0
20230512.1100     1.1289     4.6504   122.2093    30.0
20230512.1200     1.1477     4.6564   122.4891    30.0
20230512.1300     1.1872     4.6606   122.4507    30.0
20230512.1400     1.2322     4.6813   122.1764    30.0
20230512.1500     1.2579     4.7247   122.0777    30.0
20230512.1600     1.2727     4.7668   122.0338    30.0
20230512.1700     1.2746     4.8024   121.9954    30.0
20230512.1800     1.2509     4.8423   121.9021    30.0
20230512.1900     1.2088     4.8789   121.7924    30.0
20230512.2000     1.1615     4.9151   121.6772    30.0
20230512.2100     1.1138     4.9503   121.7211    30.0
20230512.2200     1.0781     4.9459   121.9844    30.0
20230512.2300     1.0567     4.8988   122.3190    30.0
20230513.0000     1.0423     4.8407   122.7304    30.0
20230513.0100     1.0273     4.7992   122.9992    30.0
20230513.0200     1.0114     4.7744   123.1583    30.0
20230513.0300     0.9918     4.7721   123.3996    30.0
20230513.0400     0.9733     4.7748   123.8111    30.0
20230513.0500     0.9540     4.7924   124.1237    30.0
20230513.0600     0.9382     4.8044   124.5516    30.0
20230513.0700     0.9289     4.7986   125.1440    30.0
20230513.0800     0.9225     4.7880   125.6651    30.0
20230513.0900     0.9224     4.7594   126.1862    30.0
20230513.1000     0.9657     4.6206   127.7441    30.0
20230513.1100     1.0313     4.5141   129.0112    30.0
20230513.1200     1.0751     4.5057   129.0990    30.0
20230513.1300     1.1089     4.5328   128.9619    30.0
20230513.1400     1.1429     4.5650   128.7699    30.0
20230513.1500     1.1733     4.6049   128.5724    30.0
20230513.1600     1.1950     4.6503   128.1500    30.0
20230513.1700     1.2062     4.6869   127.6509    30.0
20230513.1800     1.2041     4.7141   127.4479    30.0
20230513.1900     1.1907     4.7321   127.4753    30.0
20230513.2000     1.1691     4.7400   127.7386    30.0
20230513.2100     1.1433     4.7304   128.1226    30.0
20230513.2200     1.0930     4.7589   127.9032    30.0
20230513.2300     1.2335     5.1481   127.9251    30.0
20230514.0000     1.1720     5.1440   128.1281    30.0
20230514.0100     1.1167     5.1284   128.3969    30.0
20230514.0200     1.0699     5.0937   128.7205    30.0
20230514.0300     1.0299     5.0438   129.0332    30.0
20230514.0400     0.9954     4.9839   129.3239    30.0
20230514.0500     0.9650     4.9200   129.5543    30.0
20230514.0600     0.9355     4.8626   129.7298    30.0
20230514.0700     0.8999     4.8397   129.9109    30.0
20230514.0800     0.8613     4.8434   130.1412    30.0
20230514.0900     0.8241     4.8538   130.4155    30.0
20230514.1000     0.7908     4.8535   130.6075    30.0
20230514.1100     0.7638     4.8264   130.8160    30.0
20230514.1200     0.7412     4.7831   131.0079    30.0
20230514.1300     0.7225     4.7268   131.2822    30.0
20230514.1400     0.7105     4.6424   131.6772    30.0
20230514.1500     0.7062     4.5295   132.3354    30.0
20230514.1600     0.7091     4.4048   133.1911    30.0
20230514.1700     0.7106     4.3097   133.9701    30.0
20230514.1800     0.7091     4.2450   134.5844    30.0
20230514.1900     0.7024     4.2087   134.9410    30.0
20230514.2000     0.6920     4.1883   135.0068    30.0
20230514.2100     0.6837     4.1651   134.8861    30.0
20230514.2200     0.6771     4.1358   134.5625    30.0
20230514.2300     0.6779     4.0903   134.2059    30.0
20230515.0000     0.6875     4.0309   133.6684    30.0
20230515.0100     0.6927     4.0023   132.6700    30.0
20230515.0200     0.6988     3.9785   131.1725    30.0
20230515.0300     0.7047     3.9617   129.7792    30.0
20230515.0400     0.7057     3.9597   128.4901    30.0
20230515.0500     0.6982     3.9776   127.4150    30.0
20230515.0600     0.6854     4.0049   126.5428    30.0
20230515.0700     0.6705     4.0331   125.9504    30.0
20230515.0800     0.6558     4.0583   125.6542    30.0
20230515.0900     0.6418     4.0789   125.6926    30.0
20230515.1000     0.6278     4.0940   125.3360    30.0
20230515.1100     0.6280     4.1414   125.4402    30.0
20230515.1200     0.6203     4.1210   125.7419    30.0
20230515.1300     0.6144     4.0959   126.0107    30.0
20230515.1400     0.6060     4.0874   126.5318    30.0
20230515.1500     0.5950     4.0928   127.2833    30.0
20230515.1600     0.5870     4.0823   128.1610    30.0
20230515.1700     0.5854     4.0445   129.0606    30.0
20230515.1800     0.5903     3.9850   129.8779    30.0
20230515.1900     0.5974     3.9331   130.3223    30.0
20230515.2000     0.6056     3.8903   130.3716    30.0
20230515.2100     0.6184     3.8459   130.1358    30.0
20230515.2200     0.6094     3.8749   129.9547    30.0
20230515.2300     0.6019     3.8903   129.8999    30.0
20230516.0000     0.5932     3.9061   129.8999    30.0
20230516.0100     0.5863     3.9107   129.6366    30.0
20230516.0200     0.5824     3.9009   129.0880    30.0
20230516.0300     0.5779     3.8961   128.5230    30.0
20230516.0400     0.5726     3.8947   128.0348    30.0
20230516.0500     0.5663     3.8978   127.7441    30.0
20230516.0600     0.5591     3.9020   127.5960    30.0
20230516.0700     0.5514     3.9070   127.4973    30.0
20230516.0800     0.5430     3.9127   127.4479    30.0
20230516.0900     0.5355     3.9103   127.4369    30.0
20230516.1000     0.5218     3.9358   127.2559    30.0
20230516.1100     0.5176     3.9054   127.4479    30.0
20230516.1200     0.5229     3.8292   128.0678    30.0
20230516.1300     0.5283     3.7680   128.7973    30.0
20230516.1400     0.5312     3.7272   129.4446    30.0
20230516.1500     0.5311     3.7024   129.7682    30.0
20230516.1600     0.5305     3.6795   129.9712    30.0
20230516.1700     0.5323     3.6499   130.2564    30.0
20230516.1800     0.5379     3.6143   130.4759    30.0
20230516.1900     0.5448     3.5846   130.3113    30.0
20230516.2000     0.5487     3.5721   129.8066    30.0
20230516.2100     0.5481     3.5737   129.3184    30.0
20230516.2200     0.5352     3.6059   128.7260    30.0
20230516.2300     0.5408     3.6633   128.2104    30.0
20230517.0000     0.5336     3.6618   127.7002    30.0
20230517.0100     0.5249     3.6643   127.1627    30.0
20230517.0200     0.5198     3.6495   126.1972    30.0
20230517.0300     0.5160     3.6303   125.1111    30.0
20230517.0400     0.5130     3.6104   124.2334    30.0
20230517.0500     0.5131     3.5837   123.3942    30.0
20230517.0600     0.5111     3.5690   122.9279    30.0
20230517.0700     0.5059     3.5682   122.9444    30.0
20230517.0800     0.5002     3.5657   123.1089    30.0
20230517.0900     0.5044     3.5285   123.5916    30.0
20230517.1000     0.5024     3.5188   124.4693    30.0
20230517.1100     0.5143     3.4726   126.3289    30.0
20230517.1200     0.5351     3.4344   126.9597    30.0
20230517.1300     0.5451     3.4403   126.5483    30.0
20230517.1400     0.5502     3.4546   126.2685    30.0
20230517.1500     0.5531     3.4706   126.2630    30.0
20230517.1600     0.5582     3.4800   126.5867    30.0
20230517.1700     0.5598     3.4995   126.6964    30.0
20230517.1800     0.5610     3.5158   126.7403    30.0
20230517.1900     0.5633     3.5273   126.6251    30.0
20230517.2000     0.5688     3.5302   126.2850    30.0
20230517.2100     0.5696     3.5439   125.9175    30.0
20230517.2200     0.5706     3.5495   125.9888    30.0
20230517.2300     0.5759     3.5438   125.9229    30.0
20230518.0000     0.5823     3.5404   125.6212    30.0
20230518.0100     0.5843     3.5497   125.1111    30.0
20230518.0200     0.5779     3.5729   124.4309    30.0
20230518.0300     0.5698     3.5914   123.8769    30.0
20230518.0400     0.5610     3.6048   123.5148    30.0
20230518.0500     0.5464     3.6380   123.6355    30.0
20230518.0600     0.5278     3.6848   124.1073    30.0
20230518.0700     0.5119     3.7135   124.6010    30.0
20230518.0800     0.4982     3.7288   125.1001    30.0
20230518.0900     0.4905     3.7079   125.5280    30.0
20230518.1000     0.4771     3.7211   125.7310    30.0
20230518.1100     0.4693     3.7051   126.0875    30.0
20230518.1200     0.4717     3.6351   126.8610    30.0
20230518.1300     0.4874     3.5258   127.7386    30.0
20230518.1400     0.5122     3.4410   128.4846    30.0
20230518.1500     0.5452     3.3945   129.0112    30.0
20230518.1600     0.5775     3.3927   129.4665    30.0
20230518.1700     0.6016     3.4211   129.6530    30.0
20230518.1800     0.6159     3.4642   129.7244    30.0
20230518.1900     0.6102     3.5255   129.4610    30.0
20230518.2000     0.5946     3.5851   129.4501    30.0
20230518.2100     0.5822     3.6200   129.5872    30.0
20230518.2200     0.5699     3.6438   129.0058    30.0
20230518.2300     0.5558     3.6745   128.4956    30.0
20230519.0000     0.5412     3.7051   128.1116    30.0
20230519.0100     0.5280     3.7265   127.5960    30.0
20230519.0200     0.5136     3.7563   127.3217    30.0
20230519.0300     0.5011     3.7769   127.0749    30.0
20230519.0400     0.4914     3.7838   126.8335    30.0
20230519.0500     0.4833     3.7855   126.7622    30.0
20230519.0600     0.4767     3.7810   127.0310    30.0
20230519.0700     0.4732     3.7606   127.5905    30.0
20230519.0800     0.4725     3.7310   128.1829    30.0
20230519.0900     0.4737     3.6956   128.7863    30.0
20230519.1000     0.4648     3.7236   128.8796    30.0
20230519.1100     0.4629     3.7128   128.7918    30.0
20230519.1200     0.4661     3.6797   128.6437    30.0
20230519.1300     0.4701     3.6512   128.3365    30.0
20230519.1400     0.4800     3.6060   127.8648    30.0
20230519.1500     0.5029     3.5337   126.3124    30.0
20230519.1600     0.5320     3.4839   124.2170    30.0
20230519.1700     0.5461     3.4915   122.8237    30.0
20230519.1800     0.5466     3.5274   122.1929    30.0
20230519.1900     0.5391     3.5729   122.0722    30.0
20230519.2000     0.5306     3.6097   122.2258    30.0
20230519.2100     0.5287     3.6149   122.2313    30.0
20230519.2200     0.5395     3.5834   122.0831    30.0
20230519.2300     0.5533     3.5783   121.7156    30.0
20230520.0000     0.5678     3.5753   120.9861    30.0
20230520.0100     0.5814     3.5823   120.1084    30.0
20230520.0200     0.5949     3.5944   119.5215    30.0
20230520.0300     0.6031     3.6212   119.3679    30.0
20230520.0400     0.6083     3.6476   119.4776    30.0
20230520.0500     0.6179     3.6574   119.5708    30.0
20230520.0600     0.6320     3.6580   119.5434    30.0
20230520.0700     0.6429     3.6671   119.8615    30.0
20230520.0800     0.6475     3.6848   120.4046    30.0
20230520.0900     0.6480     3.7007   121.0683    30.0
20230520.1000     0.6366     3.7333   121.5017    30.0
20230520.1100     0.6302     3.7425   122.0064    30.0
20230520.1200     0.6303     3.7318   122.7140    30.0
20230520.1300     0.6350     3.7190   122.9663    30.0
20230520.1400     0.6412     3.7134   122.6481    30.0
20230520.1500     0.6446     3.7207   121.9680    30.0
20230520.1600     0.6489     3.7286   121.3865    30.0
20230520.1700     0.6512     3.7437   121.0958    30.0
20230520.1800     0.6517     3.7612   120.8489    30.0
20230520.1900     0.6487     3.7833   120.5253    30.0
20230520.2000     0.6494     3.7923   120.1907    30.0
20230520.2100     0.6578     3.7853   119.7848    30.0
20230520.2200     0.6745     3.7709   119.1649    30.0
20230520.2300     0.7012     3.7998   118.6383    30.0
20230521.0000     0.7197     3.8108   118.2104    30.0
20230521.0100     0.7367     3.8294   117.9197    30.0
20230521.0200     0.7506     3.8535   118.0843    30.0
20230521.0300     0.7615     3.8805   118.2214    30.0
20230521.0400     0.7680     3.9091   118.1995    30.0
20230521.0500     0.7647     3.9465   118.2598    30.0
20230521.0600     0.7541     3.9864   118.5012    30.0
20230521.0700     0.7409     4.0222   118.9894    30.0
20230521.0800     0.7315     4.0396   119.7299    30.0
20230521.0900     0.7288     4.0369   120.7392    30.0
20230521.1000     0.7235     4.0436   121.4962    30.0
20230521.1100     0.7275     4.0291   122.3739    30.0
20230521.1200     0.7384     4.0079   123.3064    30.0
20230521.1300     0.7551     3.9892   124.4693    30.0
20230521.1400     0.7802     3.9747   125.6651    30.0
20230521.1500     0.8067     3.9795   126.6251    30.0
20230521.1600     0.8196     4.0122   126.8994    30.0
20230521.1700     0.8235     4.0511   126.7567    30.0
20230521.1800     0.8194     4.0898   126.4660    30.0
20230521.1900     0.8102     4.1237   126.1588    30.0
20230521.2000     0.8031     4.1399   125.8023    30.0
20230521.2100     0.8050     4.1309   125.4512    30.0
20230521.2200     0.7952     4.1445   124.9904    30.0
20230521.2300     0.7934     4.1349   124.7052    30.0
20230522.0000     0.8036     4.1068   124.4967    30.0
20230522.0100     0.8173     4.0856   123.9921    30.0
20230522.0200     0.8353     4.0730   123.0157    30.0
20230522.0300     0.8481     4.0798   121.8912    30.0
20230522.0400     0.8537     4.0991   121.1561    30.0
20230522.0500     0.8500     4.1269   120.8873    30.0
20230522.0600     0.8370     4.1606   121.0025    30.0
20230522.0700     0.8213     4.1854   121.2987    30.0
20230522.0800     0.8062     4.2003   121.5840    30.0
20230522.0900     0.7945     4.2002   121.9734    30.0
20230522.1000     0.7704     4.2353   122.4507    30.0
20230522.1100     0.7642     4.2496   122.9389    30.0
20230522.1200     0.7586     4.2204   123.4655    30.0
20230522.1300     0.7637     4.1675   124.1073    30.0
20230522.1400     0.7805     4.1068   124.6010    30.0
20230522.1500     0.7979     4.0725   124.8039    30.0
20230522.1600     0.8087     4.0661   124.7271    30.0
20230522.1700     0.8111     4.0782   124.2993    30.0
20230522.1800     0.8116     4.0897   123.5697    30.0
20230522.1900     0.8097     4.1023   122.7249    30.0
20230522.2000     0.8021     4.1210   122.0173    30.0
20230522.2100     0.7886     4.1461   121.4359    30.0
20230522.2200     0.7654     4.1889   121.1671    30.0
20230522.2300     0.7543     4.1959   120.9312    30.0
20230523.0000     0.7511     4.1710   120.8050    30.0
20230523.0100     0.7470     4.1474   120.7008    30.0
20230523.0200     0.7384     4.1380   120.6514    30.0
20230523.0300     0.7251     4.1432   120.7392    30.0
20230523.0400     0.7092     4.1567   120.9751    30.0
20230523.0500     0.6960     4.1572   121.2494    30.0
20230523.0600     0.6858     4.1452   121.6279    30.0
20230523.0700     0.6796     4.1188   122.2642    30.0
20230523.0800     0.6735     4.0926   123.1747    30.0
20230523.0900     0.6752     4.0416   124.4529    30.0
20230523.1000     0.6699     4.0182   125.3141    30.0
20230523.1100     0.6686     3.9858   126.1698    30.0
20230523.1200     0.6706     3.9471   126.8061    30.0
20230523.1300     0.6749     3.9112   127.0091    30.0
20230523.1400     0.6846     3.8728   126.7512    30.0
20230523.1500     0.6906     3.8586   126.1040    30.0
20230523.1600     0.6941     3.8556   125.4293    30.0
20230523.1700     0.6974     3.8563   124.9575    30.0
20230523.1800     0.6977     3.8644   124.6558    30.0
20230523.1900     0.6946     3.8777   124.4309    30.0
20230523.2000     0.6865     3.8987   124.2225    30.0
20230523.2100     0.6780     3.9131   123.9646    30.0
20230523.2200     0.6729     3.9113   123.1254    30.0
20230523.2300     0.6827     3.9283   122.1983    30.0
20230524.0000     0.6780     3.9341   121.4414    30.0
20230524.0100     0.6663     3.9583   121.0793    30.0
20230524.0200     0.6516     3.9908   120.8873    30.0
20230524.0300     0.6374     4.0206   120.7118    30.0
20230524.0400     0.6251     4.0421   120.5253    30.0
20230524.0500     0.6158     4.0519   120.2949    30.0
20230524.0600     0.6087     4.0541   120.1139    30.0
20230524.0700     0.6040     4.0509   120.1907    30.0
20230524.0800     0.6045     4.0245   120.5143    30.0
20230524.0900     0.6135     3.9715   121.0080    30.0
20230524.1000     0.6324     3.9027   120.5966    30.0
20230524.1100     0.6504     3.8634   120.7228    30.0
20230524.1200     0.6679     3.8416   121.4633    30.0
20230524.1300     0.6864     3.8330   122.0777    30.0
20230524.1400     0.6992     3.8461   122.2587    30.0
20230524.1500     0.7063     3.8707   122.2258    30.0
20230524.1600     0.7143     3.8910   122.0338    30.0
20230524.1700     0.7255     3.9075   121.4468    30.0
20230524.1800     0.7328     3.9323   120.5143    30.0
20230524.1900     0.7358     3.9604   119.6312    30.0
20230524.2000     0.7352     3.9883   119.1155    30.0
20230524.2100     0.7329     4.0079   119.1046    30.0
20230524.2200     0.7272     4.0238   119.1814    30.0
20230524.2300     0.7338     4.0051   119.2417    30.0
20230525.0000     0.7509     3.9744   119.2856    30.0
20230525.0100     0.7717     3.9547   119.6312    30.0
20230525.0200     0.7972     3.9463   120.5582    30.0
20230525.0300     0.8231     3.9553   121.4084    30.0
20230525.0400     0.8445     3.9801   121.7156    30.0
20230525.0500     0.8615     4.0125   121.6443    30.0
20230525.0600     0.8756     4.0495   121.5346    30.0
20230525.0700     0.8783     4.0928   121.5730    30.0
20230525.0800     0.8853     4.1210   122.0777    30.0
20230525.0900     0.8915     4.1448   122.7524    30.0
20230525.1000     0.8739     4.1914   122.6317    30.0
20230525.1100     0.9777     4.4037   123.2790    30.0
20230525.1200     0.9815     4.3930   123.5039    30.0
20230525.1300     0.9825     4.3895   122.9553    30.0
20230525.1400     0.9757     4.3971   122.4562    30.0
20230525.1500     0.9650     4.4039   121.8253    30.0
20230525.1600     0.9510     4.4070   121.1671    30.0
20230525.1700     0.9391     4.3969   120.7282    30.0
20230525.1800     0.9279     4.3800   120.5198    30.0
20230525.1900     0.9205     4.3521   120.4759    30.0
20230525.2000     0.9260     4.3050   120.7173    30.0
20230525.2100     0.9336     4.2689   121.1781    30.0
20230525.2200     0.9311     4.2559   120.7996    30.0
20230525.2300     0.9394     4.2372   120.4101    30.0
20230526.0000     0.9485     4.2286   120.1523    30.0
20230526.0100     0.9486     4.2357   119.9274    30.0
20230526.0200     0.9463     4.2438   119.7189    30.0
20230526.0300     0.9497     4.2465   119.4227    30.0
20230526.0400     0.9589     4.2494   119.0881    30.0
20230526.0500     0.9677     4.2596   118.9949    30.0
20230526.0600     0.9672     4.2802   119.2252    30.0
20230526.0700     0.9549     4.3087   119.6805    30.0
20230526.0800     0.9385     4.3305   120.5088    30.0
20230526.0900     0.9283     4.3290   121.6279    30.0
20230526.1000     0.9138     4.3310   121.5730    30.0
20230526.1100     0.9001     4.3235   121.5072    30.0
20230526.1200     0.8859     4.3123   121.2603    30.0
20230526.1300     0.8763     4.2885   120.7666    30.0
20230526.1400     0.8732     4.2541   120.0974    30.0
20230526.1500     0.8746     4.2199   119.6147    30.0
20230526.1600     0.8776     4.1929   119.4831    30.0
20230526.1700     0.8768     4.1803   119.6366    30.0
20230526.1800     0.8709     4.1784   120.0755    30.0
20230526.1900     0.8690     4.1700   120.8270    30.0
20230526.2000     0.8860     4.1433   121.7376    30.0
20230526.2100     0.9155     4.1303   122.1490    30.0
20230526.2200     0.9205     4.1555   121.6059    30.0
20230526.2300     1.3830     5.0238   121.0848    30.0
20230527.0000     1.3492     5.1375   120.9202    30.0
20230527.0100     1.3229     5.2065   121.0190    30.0
20230527.0200     1.3033     5.2360   121.2439    30.0
20230527.0300     1.2821     5.2489   121.5072    30.0
20230527.0400     1.2599     5.2459   121.8912    30.0
20230527.0500     1.2341     5.2348   122.3794    30.0
20230527.0600     1.2051     5.2180   122.9334    30.0
20230527.0700     1.1741     5.1951   123.5203    30.0
20230527.0800     1.1402     5.1713   124.1676    30.0
20230527.0900     1.1108     5.1235   125.0946    30.0
20230527.1000     1.0810     5.0712   126.0985    30.0
20230527.1100     1.0563     5.0004   127.1846    30.0
20230527.1200     1.0305     4.9368   127.9032    30.0
20230527.1300     1.0113     4.8549   128.4462    30.0
20230527.1400     1.0061     4.7446   128.7918    30.0
20230527.1500     1.0059     4.6466   128.8741    30.0
20230527.1600     0.9898     4.6042   128.7479    30.0
20230527.1700     0.9644     4.5905   128.5066    30.0
20230527.1800     0.9403     4.5726   128.3859    30.0
20230527.1900     0.9208     4.5439   128.1665    30.0
20230527.2000     0.9134     4.4879   127.7057    30.0
20230527.2100     0.9206     4.4142   126.9378    30.0
20230527.2200     0.9162     4.3809   125.8352    30.0
20230527.2300     0.9218     4.3410   124.6613    30.0
20230528.0000     0.9482     4.2939   123.4271    30.0
20230528.0100     0.9843     4.2782   122.5878    30.0
20230528.0200     1.0269     4.2979   122.1270    30.0
20230528.0300     1.0636     4.3492   122.2203    30.0
20230528.0400     1.0816     4.4190   122.5714    30.0
20230528.0500     1.0872     4.4843   122.7195    30.0
20230528.0600     1.0899     4.5308   122.8895    30.0
20230528.0700     1.0834     4.5682   123.2241    30.0
20230528.0800     1.0618     4.6081   123.7452    30.0
20230528.0900     1.0385     4.6299   124.3486    30.0
20230528.1000     1.0175     4.6305   124.5790    30.0
20230528.1100     1.0899     4.7440   124.8752    30.0
20230528.1200     1.0751     4.6896   125.4183    30.0
20230528.1300     1.0543     4.6551   126.0985    30.0
20230528.1400     1.0314     4.6314   126.8555    30.0
20230528.1500     1.0078     4.6151   127.5850    30.0
20230528.1600     0.9928     4.5830   128.2213    30.0
20230528.1700     0.9825     4.5521   128.7534    30.0
20230528.1800     0.9728     4.5293   129.2526    30.0
20230528.1900     0.9694     4.5002   129.5817    30.0
20230528.2000     0.9815     4.4549   129.4940    30.0
20230528.2100     1.0059     4.4159   128.7315    30.0
20230528.2200     1.0119     4.4143   127.2395    30.0
20230528.2300     1.0033     4.4327   126.1698    30.0
20230529.0000     0.9853     4.4543   125.4238    30.0
20230529.0100     0.9655     4.4653   124.9685    30.0
20230529.0200     0.9521     4.4557   124.6613    30.0
20230529.0300     0.9396     4.4447   124.5790    30.0
20230529.0400     0.9270     4.4379   124.6394    30.0
20230529.0500     0.9151     4.4340   124.7436    30.0
20230529.0600     0.9034     4.4329   124.9849    30.0
20230529.0700     0.8951     4.4253   125.4347    30.0
20230529.0800     0.8939     4.4009   126.0052    30.0
20230529.0900     0.9006     4.3642   126.5154    30.0
20230529.1000     0.8868     4.3755   126.5318    30.0
20230529.1100     0.8823     4.3549   126.5044    30.0
20230529.1200     0.8804     4.3258   126.5263    30.0
20230529.1300     0.8866     4.2852   126.6854    30.0
20230529.1400     0.8937     4.2540   126.9707    30.0
20230529.1500     0.8999     4.2362   127.2065    30.0
20230529.1600     0.9059     4.2286   127.0091    30.0
20230529.1700     0.9075     4.2339   126.2960    30.0
20230529.1800     0.9065     4.2423   125.3799    30.0
20230529.1900     0.9062     4.2470   124.2389    30.0
20230529.2000     0.9052     4.2506   123.0157    30.0
20230529.2100     0.8992     4.2588   121.9570    30.0
20230529.2200     0.8987     4.2507   120.8489    30.0
20230529.2300     0.9409     4.3518   120.2400    30.0
20230530.0000     0.9193     4.3559   119.9877    30.0
20230530.0100     0.8964     4.3634   119.7464    30.0
20230530.0200     0.8754     4.3676   119.4721    30.0
20230530.0300     0.8596     4.3606   119.2252    30.0
20230530.0400     0.8513     4.3413   119.0771    30.0
20230530.0500     0.8467     4.3215   118.8851    30.0
20230530.0600     0.8428     4.3074   118.8467    30.0
20230530.0700     0.8390     4.2993   119.1155    30.0
20230530.0800     0.8356     4.2943   119.5928    30.0
20230530.0900     0.8340     4.2870   120.2510    30.0
20230530.1000     0.8245     4.2998   120.9312    30.0
20230530.1100     0.8188     4.2968   122.0173    30.0
20230530.1200     0.8132     4.2913   123.1254    30.0
20230530.1300     0.8062     4.2869   124.1786    30.0
20230530.1400     0.8019     4.2746   125.2812    30.0
20230530.1500     0.7947     4.2738   126.0711    30.0
20230530.1600     0.7817     4.2924   126.3234    30.0
20230530.1700     0.7723     4.2974   126.3947    30.0
20230530.1800     0.7622     4.3039   126.3673    30.0
20230530.1900     0.7529     4.3065   126.3234    30.0
20230530.2000     0.7492     4.2891   126.2740    30.0
20230530.2100     0.7532     4.2501   126.0875    30.0
20230530.2200     0.7626     4.2037   125.3799    30.0
20230530.2300     0.7820     4.1506   124.6119    30.0
20230531.0000     0.8071     4.1098   124.0085    30.0
20230531.0100     0.8341     4.0900   123.5478    30.0
20230531.0200     0.8511     4.0957   123.1583    30.0
20230531.0300     0.8638     4.1074   122.8347    30.0
20230531.0400     0.8762     4.1215   122.7524    30.0
20230531.0500     0.8778     4.1504   122.9224    30.0
20230531.0600     0.8692     4.1876   123.2625    30.0
20230531.0700     0.8542     4.2229   123.7617    30.0
20230531.0800     0.8398     4.2422   124.4309    30.0
20230531.0900     0.8319     4.2373   125.4073    30.0
20230531.1000     0.8226     4.2313   125.8352    30.0
20230531.1100     0.8703     4.2627   126.5647    30.0
20230531.1200     0.9013     4.2006   127.2888    30.0
20230531.1300     0.9298     4.1815   127.7002    30.0
20230531.1400     0.9543     4.1922   127.3217    30.0
20230531.1500     0.9838     4.2164   126.4002    30.0
20230531.1600     1.0012     4.2598   125.3525    30.0
20230531.1700     1.0003     4.3097   124.3870    30.0
20230531.1800     0.9876     4.3510   123.5039    30.0
20230531.1900     0.9732     4.3719   122.7195    30.0
20230531.2000     0.9579     4.3776   122.1435    30.0
20230531.2100     0.9533     4.3580   121.7266    30.0
20230531.2200     0.9459     4.3450   121.1451    30.0
20230531.2300     0.9507     4.3212   120.4375    30.0
20230601.0000     0.9659     4.2991   119.5434    30.0
20230601.0100     0.9690     4.3025   118.6986    30.0
20230601.0200     0.9581     4.3183   118.1611    30.0
20230601.0300     0.9430     4.3280   117.9142    30.0
20230601.0400     0.9304     4.3251   118.0075    30.0
20230601.0500     0.9222     4.3145   118.2872    30.0
20230601.0600     0.9134     4.3087   118.5670    30.0
20230601.0700     0.9029     4.3083   118.9071    30.0
20230601.0800     0.8967     4.2996   119.4611    30.0
20230601.0900     0.9021     4.2755   120.1852    30.0
20230601.1000     0.9043     4.3177   120.5911    30.0
20230601.1100     0.8919     4.2958   120.8105    30.0
20230601.1200     0.8990     4.2740   120.8489    30.0
20230601.1300     0.9036     4.2647   120.6953    30.0
20230601.1400     0.9072     4.2585   120.5801    30.0
20230601.1500     0.9110     4.2526   120.6734    30.0
20230601.1600     0.9146     4.2487   120.8434    30.0
20230601.1700     0.9177     4.2478   120.6076    30.0
20230601.1800     0.9171     4.2524   120.2675    30.0
20230601.1900     0.9120     4.2589   120.0426    30.0
20230601.2000     0.9022     4.2645   119.9548    30.0
20230601.2100     0.8887     4.2666   120.0535    30.0
20230601.2200     0.8615     4.2876   119.9767    30.0
20230601.2300     0.8979     4.4161   120.0042    30.0
20230602.0000     0.8870     4.3684   120.3552    30.0
20230602.0100     0.8981     4.2928   120.9531    30.0
20230602.0200     0.9229     4.2330   121.8912    30.0
20230602.0300     0.9464     4.2114   122.5110    30.0
20230602.0400     0.9658     4.2146   122.6207    30.0
20230602.0500     0.9770     4.2308   122.3794    30.0
20230602.0600     0.9723     4.2544   121.9680    30.0
20230602.0700     0.9624     4.2688   121.7595    30.0
20230602.0800     0.9542     4.2697   121.8198    30.0
20230602.0900     0.9524     4.2585   122.1929    30.0
20230602.1000     0.9364     4.2637   122.4287    30.0
20230602.1100     0.9319     4.2490   122.9553    30.0
20230602.1200     0.9514     4.2175   123.4984    30.0
20230602.1300     0.9841     4.2069   123.4216    30.0
20230602.1400     1.0115     4.2278   122.3080    30.0
20230602.1500     1.0382     4.2619   121.1671    30.0
20230602.1600     1.0818     4.2997   120.7282    30.0
20230602.1700     1.1192     4.3540   120.5472    30.0
20230602.1800     1.1286     4.4182   120.3333    30.0
20230602.1900     1.1256     4.4696   120.3388    30.0
20230602.2000     1.1282     4.4984   120.4375    30.0
20230602.2100     1.1294     4.5192   120.2730    30.0
20230602.2200     1.1207     4.5650   119.8451    30.0
20230602.2300     1.1038     4.5779   119.5598    30.0
20230603.0000     1.0928     4.5752   119.5379    30.0
20230603.0100     1.0883     4.5641   119.7573    30.0
20230603.0200     1.0807     4.5589   119.9658    30.0
20230603.0300     1.0701     4.5556   120.2126    30.0
20230603.0400     1.0577     4.5502   120.4101    30.0
20230603.0500     1.0407     4.5471   120.4869    30.0
20230603.0600     1.0178     4.5481   120.4485    30.0
20230603.0700     0.9952     4.5424   120.4320    30.0
20230603.0800     0.9765     4.5243   120.6953    30.0
20230603.0900     0.9712     4.4804   121.0025    30.0
20230603.1000     0.9739     4.4359   121.5401    30.0
20230603.1100     1.0036     4.4802   121.9734    30.0
20230603.1200     0.9908     4.4813   122.1435    30.0
20230603.1300     0.9812     4.4706   122.3903    30.0
20230603.1400     0.9679     4.4628   122.4232    30.0
20230603.1500     0.9466     4.4670   122.3245    30.0
20230603.1600     0.9256     4.4607   122.2148    30.0
20230603.1700     0.9127     4.4301   122.0118    30.0
20230603.1800     0.9045     4.3899   121.5291    30.0
20230603.1900     0.8954     4.3561   120.7008    30.0
20230603.2000     0.8813     4.3324   120.2181    30.0
20230603.2100     0.8552     4.3413   119.9383    30.0
20230603.2200     0.8338     4.3350   120.1029    30.0
20230603.2300     0.8088     4.3422   120.0097    30.0
20230604.0000     0.8008     4.2935   119.8286    30.0
20230604.0100     0.8047     4.2272   119.3404    30.0
20230604.0200     0.8094     4.1809   118.6822    30.0
20230604.0300     0.8097     4.1577   117.8100    30.0
20230604.0400     0.8079     4.1443   117.1133    30.0
20230604.0500     0.7965     4.1558   117.0640    30.0
20230604.0600     0.7790     4.1778   117.5686    30.0
20230604.0700     0.7661     4.1769   118.3531    30.0
20230604.0800     0.7628     4.1455   119.3459    30.0
20230604.0900     0.7664     4.1012   120.5253    30.0
20230604.1000     0.7624     4.0816   120.8544    30.0
20230604.1100     0.7573     4.0763   121.3262    30.0
20230604.1200     0.7483     4.0649   121.9789    30.0
20230604.1300     0.7419     4.0459   122.6317    30.0
20230604.1400     0.7349     4.0333   122.7908    30.0
20230604.1500     0.7213     4.0417   122.7140    30.0
20230604.1600     0.7001     4.0721   122.5275    30.0
20230604.1700     0.6777     4.1043   122.4068    30.0
20230604.1800     0.6557     4.1353   122.2422    30.0
20230604.1900     0.6351     4.1589   122.0447    30.0
20230604.2000     0.6190     4.1573   121.6553    30.0
20230604.2100     0.6053     4.1432   120.9696    30.0
20230604.2200     0.5936     4.1176   120.3168    30.0
20230604.2300     0.6155     4.0574   119.2033    30.0
20230605.0000     0.6164     3.9849   118.7699    30.0
20230605.0100     0.6196     3.9199   118.6657    30.0
20230605.0200     0.6160     3.8900   118.6548    30.0
20230605.0300     0.6118     3.8628   118.5834    30.0
20230605.0400     0.6158     3.8196   118.6328    30.0
20230605.0500     0.6209     3.7901   118.8029    30.0
20230605.0600     0.6173     3.7948   119.3075    30.0
20230605.0700     0.6269     3.7636   119.6476    30.0
20230605.0800     0.6517     3.7228   120.1468    30.0
20230605.0900     0.6716     3.7151   120.3717    30.0
20230605.1000     0.6921     3.7145   118.6822    30.0
20230605.1100     0.6927     3.7530   117.6783    30.0
20230605.1200     0.6955     3.7750   116.9598    30.0
20230605.1300     0.7151     3.7691   115.6981    30.0
20230605.1400     0.7298     3.7821   114.8917    30.0
20230605.1500     0.7312     3.8127   114.7382    30.0
20230605.1600     0.7236     3.8428   114.8040    30.0
20230605.1700     0.7250     3.8465   114.5791    30.0
20230605.1800     0.7272     3.8480   114.1841    30.0
20230605.1900     0.7267     3.8529   113.7947    30.0
20230605.2000     0.7280     3.8527   113.5533    30.0
20230605.2100     0.7355     3.8447   113.3394    30.0
20230605.2200     0.7242     3.8663   113.2187    30.0
20230605.2300     0.7180     3.8709   112.9883    30.0
20230606.0000     0.7204     3.8594   112.8073    30.0
20230606.0100     0.7299     3.8452   112.7250    30.0
20230606.0200     0.7464     3.8371   112.5879    30.0
20230606.0300     0.7513     3.8582   112.8676    30.0
20230606.0400     0.7428     3.9012   113.6520    30.0
20230606.0500     0.7285     3.9486   114.6010    30.0
20230606.0600     0.7118     3.9994   115.6817    30.0
20230606.0700     0.6997     4.0366   116.7403    30.0
20230606.0800     0.6903     4.0695   117.9965    30.0
20230606.0900     0.6896     4.0755   119.1814    30.0
20230606.1000     0.7173     4.0070   120.5856    30.0
20230606.1100     0.7495     3.9782   121.9570    30.0
20230606.1200     0.7671     3.9976   122.5384    30.0
20230606.1300     0.7836     4.0148   122.5055    30.0
20230606.1400     0.7992     4.0283   122.0393    30.0
20230606.1500     0.8076     4.0472   121.5017    30.0
20230606.1600     0.8074     4.0686   120.9531    30.0
20230606.1700     0.8043     4.0847   120.3991    30.0
20230606.1800     0.7997     4.0982   119.9383    30.0
20230606.1900     0.7965     4.1034   119.5763    30.0
20230606.2000     0.8075     4.0832   119.0003    30.0
20230606.2100     0.8276     4.0662   118.4408    30.0
20230606.2200     0.8323     4.0798   118.3695    30.0
20230606.2300     0.8522     4.0734   118.5615    30.0
20230607.0000     0.8637     4.0813   118.5396    30.0
20230607.0100     0.8812     4.0813   117.8978    30.0
20230607.0200     0.9135     4.0806   116.7787    30.0
20230607.0300     0.9410     4.1008   115.7584    30.0
20230607.0400     0.9563     4.1366   115.3525    30.0
20230607.0500     0.9607     4.1760   115.3032    30.0
20230607.0600     0.9636     4.2073   115.3361    30.0
20230607.0700     0.9870     4.2215   115.4403    30.0
20230607.0800     1.0037     4.2508   115.7200    30.0
20230607.0900     1.0183     4.2836   116.7787    30.0
20230607.1000     1.0073     4.3331   118.4134    30.0
20230607.1100     1.0371     4.4099   119.3130    30.0
20230607.1200     1.0509     4.4237   119.3185    30.0
20230607.1300     1.0628     4.4460   118.8632    30.0
20230607.1400     1.0723     4.4728   118.0349    30.0
20230607.1500     1.0926     4.4913   117.1572    30.0
20230607.1600     1.1315     4.5063   116.4661    30.0
20230607.1700     1.1765     4.5345   115.9285    30.0
20230607.1800     1.2049     4.5797   115.5884    30.0
20230607.1900     1.2204     4.6257   115.5226    30.0
20230607.2000     1.2277     4.6639   115.6323    30.0
20230607.2100     1.2315     4.6839   115.7475    30.0
20230607.2200     1.2247     4.6946   116.1808    30.0
20230607.2300     1.2702     4.7611   116.4496    30.0
20230608.0000     1.2446     4.7609   116.4606    30.0
20230608.0100     1.2164     4.7488   116.1918    30.0
20230608.0200     1.1881     4.7254   115.9614    30.0
20230608.0300     1.1565     4.6986   115.7365    30.0
20230608.0400     1.1242     4.6609   115.4293    30.0
20230608.0500     1.0906     4.6250   115.1550    30.0
20230608.0600     1.0538     4.5959   115.1221    30.0
20230608.0700     1.0229     4.5575   115.2428    30.0
20230608.0800     1.0009     4.5098   115.4074    30.0
20230608.0900     0.9835     4.4662   115.6433    30.0
20230608.1000     0.9665     4.4314   115.6707    30.0
20230608.1100     0.9664     4.3829   116.0985    30.0
20230608.1200     0.9683     4.3521   116.7623    30.0
20230608.1300     0.9629     4.3431   117.4041    30.0
20230608.1400     0.9533     4.3428   117.9800    30.0
20230608.1500     0.9384     4.3504   118.4353    30.0
20230608.1600     0.9208     4.3580   119.0113    30.0
20230608.1700     0.9071     4.3516   119.5489    30.0
20230608.1800     0.8972     4.3356   119.9383    30.0
20230608.1900     0.8882     4.3164   120.3223    30.0
20230608.2000     0.8812     4.2941   120.7392    30.0
20230608.2100     0.8771     4.2678   121.1616    30.0
20230608.2200     0.8663     4.2565   121.2548    30.0
20230608.2300     0.8718     4.2667   121.2713    30.0
20230609.0000     0.8633     4.2512   121.2384    30.0
20230609.0100     0.8517     4.2401   121.0793    30.0
20230609.0200     0.8395     4.2275   120.8599    30.0
20230609.0300     0.8270     4.2127   120.6460    30.0
20230609.0400     0.8134     4.2007   120.4869    30.0
20230609.0500     0.7953     4.1984   120.3662    30.0
20230609.0600     0.7757     4.1985   120.2620    30.0
20230609.0700     0.7566     4.1956   120.1358    30.0
20230609.0800     0.7416     4.1770   119.9493    30.0
20230609.0900     0.7319     4.1429   119.6586    30.0
20230609.1000     0.7246     4.1040   119.5105    30.0
20230609.1100     0.7167     4.0719   119.4611    30.0
20230609.1200     0.7063     4.0487   119.5050    30.0
20230609.1300     0.6965     4.0234   119.8670    30.0
20230609.1400     0.6894     3.9918   120.2894    30.0
20230609.1500     0.6898     3.9454   120.7721    30.0
20230609.1600     0.6984     3.8949   121.4030    30.0
20230609.1700     0.7113     3.8576   122.2038    30.0
20230609.1800     0.7194     3.8447   122.9169    30.0
20230609.1900     0.7250     3.8417   123.5423    30.0
20230609.2000     0.7292     3.8431   124.0908    30.0
20230609.2100     0.7370     3.8409   124.6339    30.0
20230609.2200     0.7440     3.8433   124.2554    30.0
20230609.2300     0.7555     3.8467   124.0085    30.0
20230610.0000     0.7689     3.8553   123.7397    30.0
20230610.0100     0.7822     3.8702   123.0705    30.0
20230610.0200     0.7892     3.8914   122.1654    30.0
20230610.0300     0.7888     3.9154   121.2494    30.0
20230610.0400     0.7821     3.9370   120.5308    30.0
20230610.0500     0.7743     3.9503   119.9987    30.0
20230610.0600     0.7687     3.9519   119.6915    30.0
20230610.0700     0.7640     3.9501   119.5269    30.0
20230610.0800     0.7612     3.9431   119.4282    30.0
20230610.0900     0.7635     3.9307   119.5269    30.0
20230610.1000     0.7529     3.9416   119.4063    30.0
20230610.1100     0.7319     3.8994   119.3679    30.0
20230610.1200     0.7308     3.8852   119.3898    30.0
20230610.1300     0.7266     3.8801   119.3679    30.0
20230610.1400     0.7252     3.8713   119.3240    30.0
20230610.1500     0.7253     3.8643   119.3240    30.0
20230610.1600     0.7281     3.8582   119.4556    30.0
20230610.1700     0.7348     3.8550   119.7573    30.0
20230610.1800     0.7423     3.8604   120.3059    30.0
20230610.1900     0.7551     3.8676   121.0135    30.0
20230610.2000     0.7673     3.8820   121.8144    30.0
20230610.2100     0.7756     3.9030   122.5659    30.0
20230610.2200     0.7882     3.9168   122.9937    30.0
20230610.2300     0.7923     3.9385   123.4380    30.0
20230611.0000     0.7793     3.9731   123.7727    30.0
20230611.0100     0.7605     4.0026   124.0908    30.0
20230611.0200     0.7433     4.0189   124.5077    30.0
20230611.0300     0.7307     4.0229   124.9630    30.0
20230611.0400     0.7224     4.0235   125.5390    30.0
20230611.0500     0.7184     4.0242   126.1095    30.0
20230611.0600     0.7173     4.0306   126.7348    30.0
20230611.0700     0.7256     4.0236   127.6070    30.0
20230611.0800     0.7404     4.0206   128.5834    30.0
20230611.0900     0.7765     3.9979   130.2400    30.0
20230611.1000     0.8302     3.9910   132.7029    30.0
20230611.1100     0.9130     4.0210   134.2224    30.0
20230611.1200     1.0094     4.1072   134.3266    30.0
20230611.1300     1.0843     4.2209   134.0633    30.0
20230611.1400     1.1298     4.3287   133.4435    30.0
20230611.1500     1.1643     4.4179   132.1489    30.0
20230611.1600     1.1982     4.4910   130.2948    30.0
20230611.1700     1.2075     4.5605   128.3365    30.0
20230611.1800     1.1942     4.6285   126.6141    30.0
20230611.1900     1.1694     4.6960   125.2976    30.0
20230611.2000     1.1488     4.7483   124.4035    30.0
20230611.2100     1.1199     4.8150   124.3157    30.0
20230611.2200     1.0850     4.8902   124.3212    30.0
20230611.2300     1.1391     5.0445   124.2005    30.0
20230612.0000     1.1455     5.0128   123.5862    30.0
20230612.0100     1.1633     4.9631   122.7963    30.0
20230612.0200     1.1738     4.9368   122.0886    30.0
20230612.0300     1.1704     4.9310   121.5456    30.0
20230612.0400     1.1560     4.9369   121.2603    30.0
20230612.0500     1.1441     4.9264   121.0354    30.0
20230612.0600     1.1310     4.9170   121.0629    30.0
20230612.0700     1.1140     4.9156   121.3152    30.0
20230612.0800     1.1099     4.8844   121.5181    30.0
20230612.0900     1.1273     4.8314   121.3371    30.0
20230612.1000     1.1180     4.8286   120.9477    30.0
20230612.1100     1.1186     4.8050   120.3662    30.0
20230612.1200     1.1341     4.7696   119.7957    30.0
20230612.1300     1.1570     4.7461   119.4063    30.0
20230612.1400     1.1751     4.7440   119.2143    30.0
20230612.1500     1.1892     4.7522   119.0881    30.0
20230612.1600     1.1890     4.7725   118.9839    30.0
20230612.1700     1.1821     4.7889   118.8687    30.0
20230612.1800     1.1762     4.7910   118.5176    30.0
20230612.1900     1.1819     4.7739   117.9142    30.0
20230612.2000     1.1933     4.7565   117.2285    30.0
20230612.2100     1.2045     4.7486   116.7733    30.0
20230612.2200     1.2001     4.7572   116.4770    30.0
20230612.2300     1.2006     4.7586   116.1753    30.0
20230613.0000     1.1971     4.7612   115.8298    30.0
20230613.0100     1.1840     4.7662   115.3964    30.0
20230613.0200     1.1623     4.7716   115.2373    30.0
20230613.0300     1.1510     4.7612   115.2977    30.0
20230613.0400     1.1579     4.7350   115.7036    30.0
20230613.0500     1.1794     4.7086   116.4935    30.0
20230613.0600     1.1914     4.7052   117.5083    30.0
20230613.0700     1.1959     4.7095   118.6493    30.0
20230613.0800     1.2109     4.7058   119.5105    30.0
20230613.0900     1.2376     4.7037   120.1907    30.0
20230613.1000     1.2356     4.7269   120.2894    30.0
20230613.1100     1.2684     4.8105   120.2620    30.0
20230613.1200     1.2533     4.8262   120.2565    30.0
20230613.1300     1.2512     4.8218   120.2291    30.0
20230613.1400     1.2508     4.8160   120.1248    30.0
20230613.1500     1.2445     4.8154   119.8999    30.0
20230613.1600     1.2309     4.8161   119.5708    30.0
20230613.1700     1.2126     4.8161   119.3624    30.0
20230613.1800     1.1915     4.8156   119.0442    30.0
20230613.1900     1.1736     4.8070   118.7754    30.0
20230613.2000     1.1624     4.7868   118.2653    30.0
20230613.2100     1.1397     4.7744   117.8210    30.0
20230613.2200     1.1191     4.7577   118.2269    30.0
20230613.2300     1.1034     4.7311   118.1117    30.0
20230614.0000     1.0941     4.7007   118.2708    30.0
20230614.0100     1.0897     4.6702   118.5944    30.0
20230614.0200     1.0906     4.6385   118.4299    30.0
20230614.0300     1.0747     4.6395   118.0020    30.0
20230614.0400     1.0423     4.6683   118.3476    30.0
20230614.0500     1.0246     4.6528   118.9071    30.0
20230614.0600     1.0310     4.5908   118.9729    30.0
20230614.0700     1.0384     4.5435   119.9054    30.0
20230614.0800     1.0327     4.5260   121.0464    30.0
20230614.0900     1.0204     4.5193   122.2367    30.0
20230614.1000     0.9736     4.5929   122.7140    30.0
20230614.1100     0.9361     4.6382   123.0157    30.0
20230614.1200     0.9037     4.6662   123.2296    30.0
20230614.1300     0.8758     4.6788   123.3722    30.0
20230614.1400     0.8505     4.6813   123.3996    30.0
20230614.1500     0.8227     4.7005   123.6465    30.0
20230614.1600     0.7964     4.7121   124.0744    30.0
20230614.1700     0.7734     4.7091   124.5406    30.0
20230614.1800     0.7548     4.6802   124.9465    30.0
20230614.1900     0.7410     4.6253   125.1714    30.0
20230614.2000     0.7267     4.5786   125.2428    30.0
20230614.2100     0.7145     4.5220   125.2318    30.0
20230614.2200     0.6906     4.5394   125.3031    30.0
20230614.2300     0.8184     4.9674   125.1495    30.0
20230615.0000     0.8014     4.9888   124.8972    30.0
20230615.0100     0.7817     5.0083   124.7162    30.0
20230615.0200     0.7621     5.0061   124.5571    30.0
20230615.0300     0.7445     4.9705   124.2718    30.0
20230615.0400     0.7328     4.8817   123.8549    30.0
20230615.0500     0.7239     4.7730   123.2790    30.0
20230615.0600     0.7166     4.6609   122.7469    30.0
20230615.0700     0.7136     4.5373   122.3903    30.0
20230615.0800     0.7176     4.3994   121.7979    30.0
20230615.0900     0.7312     4.2585   121.1232    30.0
20230615.1000     0.7437     4.1606   119.5928    30.0
20230615.1100     0.7579     4.0939   118.3256    30.0
20230615.1200     0.7725     4.0570   117.2176    30.0
20230615.1300     0.7815     4.0518   116.4825    30.0
20230615.1400     0.7774     4.0785   116.4002    30.0
20230615.1500     0.7694     4.1059   116.7733    30.0
20230615.1600     0.7565     4.1341   117.1847    30.0
20230615.1700     0.7477     4.1385   117.3108    30.0
20230615.1800     0.7471     4.1155   117.2340    30.0
20230615.1900     0.7444     4.1026   117.0695    30.0
20230615.2000     0.7344     4.1076   116.7787    30.0
20230615.2100     0.7211     4.1189   116.5100    30.0
20230615.2200     0.6959     4.1704   117.0585    30.0
20230615.2300     0.6730     4.2137   117.4480    30.0
20230616.0000     0.6546     4.2366   117.5686    30.0
20230616.0100     0.6397     4.2405   117.5083    30.0
20230616.0200     0.6276     4.2354   117.4480    30.0
20230616.0300     0.6175     4.2180   117.3931    30.0
20230616.0400     0.6051     4.2207   117.4754    30.0
20230616.0500     0.5908     4.2370   117.7826    30.0
20230616.0600     0.5766     4.2545   118.2927    30.0
20230616.0700     0.5646     4.2627   119.0168    30.0
20230616.0800     0.5581     4.2325   120.4430    30.0
20230616.0900     0.5547     4.1890   121.7047    30.0
20230616.1000     0.5519     4.1481   122.6591    30.0
20230616.1100     0.5847     4.2230   123.2461    30.0
20230616.1200     0.5811     4.1964   123.7452    30.0
20230616.1300     0.5782     4.1728   124.3322    30.0
20230616.1400     0.5761     4.1488   124.8423    30.0
20230616.1500     0.5751     4.1239   125.2208    30.0
20230616.1600     0.5764     4.0911   125.6103    30.0
20230616.1700     0.5818     4.0442   126.0107    30.0
20230616.1800     0.5900     3.9940   125.9394    30.0
20230616.1900     0.5919     3.9789   125.5115    30.0
20230616.2000     0.5906     3.9737   125.1166    30.0
20230616.2100     0.5945     3.9427   124.5242    30.0
20230616.2200     0.6166     3.8553   123.0431    30.0
20230616.2300     0.6438     3.7894   121.4962    30.0
20230617.0000     0.6684     3.7555   119.8506    30.0
20230617.0100     0.6925     3.7409   118.3201    30.0
20230617.0200     0.7241     3.7377   117.0749    30.0
20230617.0300     0.7591     3.7572   116.1534    30.0
20230617.0400     0.7941     3.7952   115.1002    30.0
20230617.0500     0.8251     3.8460   114.2719    30.0
20230617.0600     0.8538     3.9026   113.6850    30.0
20230617.0700     0.8801     3.9611   113.2406    30.0
20230617.0800     0.9005     4.0186   113.1803    30.0
20230617.0900     0.9052     4.0759   113.5533    30.0
20230617.1000     0.8830     4.1329   114.2390    30.0
20230617.1100     0.8569     4.1733   114.9960    30.0
20230617.1200     0.8327     4.1960   115.8517    30.0
20230617.1300     0.8075     4.2149   116.7403    30.0
20230617.1400     0.7820     4.2303   117.5083    30.0
20230617.1500     0.7564     4.2478   117.9965    30.0
20230617.1600     0.7304     4.2656   118.3585    30.0
20230617.1700     0.7074     4.2718   118.6822    30.0
20230617.1800     0.6867     4.2667   118.9565    30.0
20230617.1900     0.6688     4.2494   119.1868    30.0
20230617.2000     0.6545     4.2166   119.3130    30.0
20230617.2100     0.6460     4.1598   119.2911    30.0
20230617.2200     0.6414     4.0921   119.1155    30.0
20230617.2300     0.7012     4.2085   118.8522    30.0
20230618.0000     0.6888     4.1562   118.7590    30.0
20230618.0100     0.6768     4.1088   118.4408    30.0
20230618.0200     0.6673     4.0588   117.8703    30.0
20230618.0300     0.6587     4.0125   117.2505    30.0
20230618.0400     0.6542     3.9604   116.5154    30.0
20230618.0500     0.6492     3.9196   115.7749    30.0
20230618.0600     0.6355     3.9142   115.4348    30.0
20230618.0700     0.6145     3.9372   115.6268    30.0
20230618.0800     0.5929     3.9612   115.9395    30.0
20230618.0900     0.5729     3.9799   116.3015    30.0
20230618.1000     0.5482     4.0339   116.7019    30.0
20230618.1100     0.5300     4.0549   117.1188    30.0
20230618.1200     0.5153     4.0609   117.4425    30.0
20230618.1300     0.5037     4.0490   117.7003    30.0
20230618.1400     0.4969     4.0116   117.9855    30.0
20230618.1500     0.4929     3.9638   118.3805    30.0
20230618.1600     0.4878     3.9324   118.9784    30.0
20230618.1700     0.4815     3.9148   119.6202    30.0
20230618.1800     0.4763     3.8958   120.1687    30.0
20230618.1900     0.4696     3.8920   120.4869    30.0
20230618.2000     0.4617     3.9026   120.4814    30.0
20230618.2100     0.4567     3.8928   120.1523    30.0
20230618.2200     0.4592     3.8292   119.2911    30.0
20230618.2300     0.4629     3.7786   118.4792    30.0
20230619.0000     0.4585     3.7800   118.2982    30.0
20230619.0100     0.4510     3.8015   118.1062    30.0
20230619.0200     0.4441     3.8146   117.6016    30.0
20230619.0300     0.4372     3.8277   117.2121    30.0
20230619.0400     0.4293     3.8456   117.0695    30.0
20230619.0500     0.4217     3.8636   117.0914    30.0
20230619.0600     0.4143     3.8795   117.2669    30.0
20230619.0700     0.4067     3.8983   117.5467    30.0
20230619.0800     0.4030     3.8850   118.5231    30.0
20230619.0900     0.4050     3.8242   120.2181    30.0
20230619.1000     0.3971     3.8433   121.3536    30.0
20230619.1100     0.3978     3.7941   122.7688    30.0
20230619.1200     0.4008     3.7330   124.1457    30.0
20230619.1300     0.3986     3.7179   124.6284    30.0
20230619.1400     0.3910     3.7466   124.4419    30.0
20230619.1500     0.3842     3.7658   124.0908    30.0
20230619.1600     0.3816     3.7451   123.6246    30.0
20230619.1700     0.3793     3.7186   122.9389    30.0
20230619.1800     0.3758     3.7065   122.1380    30.0
20230619.1900     0.3696     3.7151   121.6279    30.0
20230619.2000     0.3624     3.7352   121.3865    30.0
20230619.2100     0.3556     3.7479   121.1671    30.0
20230619.2200     0.3559     3.6841   117.2669    30.0
20230619.2300     0.3536     3.6466   115.9120    30.0
20230620.0000     0.3475     3.6449   115.5555    30.0
20230620.0100     0.3398     3.6603   115.4293    30.0
20230620.0200     0.3324     3.6745   115.4019    30.0
20230620.0300     0.3256     3.6852   115.4129    30.0
20230620.0400     0.3207     3.6741   115.4129    30.0
20230620.0500     0.3192     3.6244   114.6175    30.0
20230620.0600     0.3158     3.6028   113.9647    30.0
20230620.0700     0.3115     3.5895   113.4601    30.0
20230620.0800     0.3082     3.5659   113.0212    30.0
20230620.0900     0.3072     3.5226   112.2203    30.0
20230620.1000     0.3012     3.5242   110.8161    30.0
20230620.1100     0.3107     3.4219   107.7771    30.0
20230620.1200     0.3275     3.2919   104.9247    30.0
20230620.1300     0.3385     3.2183   103.9483    30.0
20230620.1400     0.3505     3.1634   103.9483    30.0
20230620.1500     0.3669     3.1212   104.8205    30.0
20230620.1600     0.3910     3.0810   106.1699    30.0
20230620.1700     0.4236     3.0559   107.9362    30.0
20230620.1800     0.4509     3.0673   109.3844    30.0
20230620.1900     0.4736     3.0974   110.7228    30.0
20230620.2000     0.4994     3.1326   111.6389    30.0
20230620.2100     0.5260     3.1787   112.1545    30.0
20230620.2200     0.5195     3.2618   113.0761    30.0
20230620.2300     0.5351     3.3447   113.6959    30.0
20230621.0000     0.5486     3.3690   114.6284    30.0
20230621.0100     0.5640     3.3982   115.5390    30.0
20230621.0200     0.5757     3.4355   116.5758    30.0
20230621.0300     0.5920     3.4675   117.6070    30.0
20230621.0400     0.6139     3.5003   118.7096    30.0
20230621.0500     0.6378     3.5409   119.7080    30.0
20230621.0600     0.6620     3.5866   120.5801    30.0
20230621.0700     0.6827     3.6362   121.2658    30.0
20230621.0800     0.6975     3.6860   122.0447    30.0
20230621.0900     0.7083     3.7307   123.0376    30.0
20230621.1000     0.7051     3.7841   123.8988    30.0
20230621.1100     0.7143     3.8085   124.3212    30.0
20230621.1200     0.7366     3.8188   124.3815    30.0
20230621.1300     0.7639     3.8390   123.8769    30.0
20230621.1400     0.7924     3.8698   122.5220    30.0
20230621.1500     0.8084     3.9152   121.0629    30.0
20230621.1600     0.8141     3.9595   119.8451    30.0
20230621.1700     0.8090     3.9985   118.8851    30.0
20230621.1800     0.7995     4.0221   117.8265    30.0
20230621.1900     0.7862     4.0324   116.5483    30.0
20230621.2000     0.7725     4.0272   115.1057    30.0
20230621.2100     0.7650     4.0008   113.4491    30.0
20230621.2200     0.7706     3.9570   112.2258    30.0
20230621.2300     0.7881     3.9176   111.2769    30.0
20230622.0000     0.8089     3.9042   110.7832    30.0
20230622.0100     0.8228     3.9141   110.4815    30.0
20230622.0200     0.8267     3.9364   110.6241    30.0
20230622.0300     0.8228     3.9601   111.3756    30.0
20230622.0400     0.8238     3.9713   112.4672    30.0
20230622.0500     0.8288     3.9811   113.4930    30.0
20230622.0600     0.8313     4.0005   114.3487    30.0
20230622.0700     0.8236     4.0321   115.0453    30.0
20230622.0800     0.8146     4.0569   115.5226    30.0
20230622.0900     0.8096     4.0676   115.7804    30.0
20230622.1000     0.7974     4.0858   116.3673    30.0
20230622.1100     0.7767     4.1045   116.8391    30.0
20230622.1200     0.7550     4.1333   117.3053    30.0
20230622.1300     0.7345     4.1466   117.7881    30.0
20230622.1400     0.7171     4.1442   118.2982    30.0
20230622.1500     0.7034     4.1282   118.7041    30.0
20230622.1600     0.6947     4.0978   119.0168    30.0
20230622.1700     0.6916     4.0554   119.3514    30.0
20230622.1800     0.6918     4.0129   119.8232    30.0
20230622.1900     0.6924     3.9780   120.3168    30.0
20230622.2000     0.6932     3.9486   120.8325    30.0
20230622.2100     0.6908     3.9295   121.2658    30.0
20230622.2200     0.6860     3.9129   121.3755    30.0
20230622.2300     0.6807     3.8957   121.4743    30.0
20230623.0000     0.6701     3.8889   121.5072    30.0
20230623.0100     0.6629     3.8731   121.5072    30.0
20230623.0200     0.6614     3.8511   121.4304    30.0
20230623.0300     0.6613     3.8361   121.3591    30.0
20230623.0400     0.6603     3.8303   121.2494    30.0
20230623.0500     0.6611     3.8224   121.0793    30.0
20230623.0600     0.6612     3.8169   120.9367    30.0
20230623.0700     0.6580     3.8172   121.0080    30.0
20230623.0800     0.6538     3.8140   121.3865    30.0
20230623.0900     0.6537     3.7976   122.1545    30.0
20230623.1000     0.6406     3.8156   122.0667    30.0
20230623.1100     0.6254     3.7888   122.0667    30.0
20230623.1200     0.6239     3.7701   121.9131    30.0
20230623.1300     0.6235     3.7566   121.7431    30.0
20230623.1400     0.6194     3.7573   121.6498    30.0
20230623.1500     0.6191     3.7483   121.6004    30.0
20230623.1600     0.6211     3.7401   121.7266    30.0
20230623.1700     0.6182     3.7554   121.6717    30.0
20230623.1800     0.6119     3.7834   121.4852    30.0
20230623.1900     0.6061     3.8090   121.1506    30.0
20230623.2000     0.5997     3.8353   120.6953    30.0
20230623.2100     0.5959     3.8469   120.1797    30.0
20230623.2200     0.5935     3.8469   119.4885    30.0
20230623.2300     0.5944     3.8399   119.0332    30.0
20230624.0000     0.5936     3.8331   119.0058    30.0
20230624.0100     0.5936     3.8180   119.2856    30.0
20230624.0200     0.5953     3.7937   119.7134    30.0
20230624.0300     0.5950     3.7777   120.0206    30.0
20230624.0400     0.5887     3.7843   120.1797    30.0
20230624.0500     0.5789     3.8010   120.2565    30.0
20230624.0600     0.5681     3.8162   120.3717    30.0
20230624.0700     0.5576     3.8277   120.5856    30.0
20230624.0800     0.5479     3.8340   120.8544    30.0
20230624.0900     0.5423     3.8175   121.2494    30.0
20230624.1000     0.5382     3.7919   121.2878    30.0
20230624.1100     0.5455     3.7283   121.3207    30.0
20230624.1200     0.5658     3.6475   121.4359    30.0
20230624.1300     0.5836     3.6060   121.5236    30.0
20230624.1400     0.5928     3.5970   121.8144    30.0
20230624.1500     0.5906     3.6146   121.8473    30.0
20230624.1600     0.5799     3.6467   121.7321    30.0
20230624.1700     0.5664     3.6813   121.5511    30.0
20230624.1800     0.5548     3.7045   121.4578    30.0
20230624.1900     0.5459     3.7156   121.5620    30.0
20230624.2000     0.5394     3.7186   121.7321    30.0
20230624.2100     0.5298     3.7403   121.5840    30.0
20230624.2200     0.5215     3.7487   121.2055    30.0
20230624.2300     0.5225     3.7211   120.7282    30.0
20230625.0000     0.5281     3.6849   120.2730    30.0
20230625.0100     0.5374     3.6500   120.1468    30.0
20230625.0200     0.5546     3.6090   120.2510    30.0
20230625.0300     0.5747     3.5849   120.1797    30.0
20230625.0400     0.5886     3.5915   120.0865    30.0
20230625.0500     0.5915     3.6234   120.1742    30.0
20230625.0600     0.5853     3.6672   120.3059    30.0
20230625.0700     0.5780     3.6997   120.6405    30.0
20230625.0800     0.5703     3.7211   121.1561    30.0
20230625.0900     0.5638     3.7288   121.8857    30.0
20230625.1000     0.5492     3.7621   122.0228    30.0
20230625.1100     0.5373     3.7815   121.9350    30.0
20230625.1200     0.5271     3.7867   121.5730    30.0
20230625.1300     0.5227     3.7611   120.8489    30.0
20230625.1400     0.5241     3.7152   120.2236    30.0
20230625.1500     0.5260     3.6794   119.9822    30.0
20230625.1600     0.5266     3.6557   120.2455    30.0
20230625.1700     0.5290     3.6305   120.6514    30.0
20230625.1800     0.5282     3.6233   120.8599    30.0
20230625.1900     0.5177     3.6528   120.7173    30.0
20230625.2000     0.5046     3.6881   120.4869    30.0
20230625.2100     0.4935     3.7079   120.2565    30.0
20230625.2200     0.4819     3.7261   119.9603    30.0
20230625.2300     0.4754     3.7218   119.4995    30.0
20230626.0000     0.4712     3.7077   118.9345    30.0
20230626.0100     0.4663     3.7014   118.5505    30.0
20230626.0200     0.4592     3.7109   118.4189    30.0
20230626.0300     0.4510     3.7296   118.4024    30.0
20230626.0400     0.4424     3.7491   118.5176    30.0
20230626.0500     0.4339     3.7664   118.7754    30.0
20230626.0600     0.4264     3.7762   119.2472    30.0
20230626.0700     0.4193     3.7793   119.6750    30.0
20230626.0800     0.4172     3.7481   120.7886    30.0
20230626.0900     0.4232     3.6671   123.1912    30.0
20230626.1000     0.4152     3.6741   123.7288    30.0
20230626.1100     0.4043     3.6137   124.0030    30.0
20230626.1200     0.4063     3.5440   125.0288    30.0
20230626.1300     0.4102     3.4744   126.1588    30.0
20230626.1400     0.4107     3.4315   126.8939    30.0
20230626.1500     0.4125     3.3866   127.5466    30.0
20230626.1600     0.4151     3.3460   127.9800    30.0
20230626.1700     0.4156     3.3187   128.3365    30.0
20230626.1800     0.4124     3.3077   128.5340    30.0
20230626.1900     0.4052     3.3126   128.3420    30.0
20230626.2000     0.3976     3.3158   127.9745    30.0
20230626.2100     0.3934     3.3001   127.7551    30.0
20230626.2200     0.3845     3.3038   127.3382    30.0
20230626.2300     0.3847     3.2731   127.4150    30.0
20230627.0000     0.3905     3.2289   128.0623    30.0
20230627.0100     0.3985     3.1995   128.7260    30.0
20230627.0200     0.4080     3.1806   129.3568    30.0
20230627.0300     0.4161     3.1781   129.7737    30.0
20230627.0400     0.4279     3.1676   130.1193    30.0
20230627.0500     0.4391     3.1674   130.2784    30.0
20230627.0600     0.4467     3.1778   130.3991    30.0
20230627.0700     0.4534     3.1864   130.6240    30.0
20230627.0800     0.4611     3.1907   131.1725    30.0
20230627.0900     0.4717     3.1905   132.0173    30.0
20230627.1000     0.4739     3.2081   132.2860    30.0
20230627.1100     0.4872     3.2060   132.0611    30.0
20230627.1200     0.5054     3.2121   131.4358    30.0
20230627.1300     0.5320     3.2304   130.4594    30.0
20230627.1400     0.5702     3.2694   128.8467    30.0
20230627.1500     0.6068     3.3379   127.1352    30.0
20230627.1600     0.6304     3.4214   125.9613    30.0
20230627.1700     0.6403     3.5028   125.0288    30.0
20230627.1800     0.6486     3.5638   123.9592    30.0
20230627.1900     0.6587     3.6071   122.6920    30.0
20230627.2000     0.6689     3.6403   121.7101    30.0
20230627.2100     0.6734     3.6730   121.1561    30.0
20230627.2200     0.6749     3.7001   120.8215    30.0
20230627.2300     0.6861     3.7459   120.4869    30.0
20230628.0000     0.6949     3.7511   120.2016    30.0
20230628.0100     0.7193     3.7449   119.9987    30.0
20230628.0200     0.7485     3.7546   119.8670    30.0
20230628.0300     0.7652     3.7851   119.7409    30.0
20230628.0400     0.7727     3.8189   119.6147    30.0
20230628.0500     0.7738     3.8490   119.5489    30.0
20230628.0600     0.7721     3.8719   119.8615    30.0
20230628.0700     0.7675     3.8877   120.4375    30.0
20230628.0800     0.7627     3.8946   121.1890    30.0
20230628.0900     0.7578     3.8959   122.0393    30.0
20230628.1000     0.7575     3.8881   123.2406    30.0
20230628.1100     0.7678     3.8740   124.4803    30.0
20230628.1200     0.7792     3.8707   125.5006    30.0
20230628.1300     0.7902     3.8775   126.2411    30.0
20230628.1400     0.8014     3.8913   126.5538    30.0
20230628.1500     0.8060     3.9156   126.4002    30.0
20230628.1600     0.8034     3.9417   126.0820    30.0
20230628.1700     0.7970     3.9629   125.6542    30.0
20230628.1800     0.7841     3.9816   125.1221    30.0
20230628.1900     0.7684     3.9925   124.5571    30.0
20230628.2000     0.7495     3.9984   124.0140    30.0
20230628.2100     0.7288     3.9987   123.6630    30.0
20230628.2200     0.7095     3.9854   123.5368    30.0
20230628.2300     0.7091     3.9260   124.1676    30.0
20230629.0000     0.7246     3.8592   125.1824    30.0
20230629.0100     0.7447     3.8234   125.8407    30.0
20230629.0200     0.7607     3.8159   126.3563    30.0
20230629.0300     0.7756     3.8229   126.5428    30.0
20230629.0400     0.7745     3.8491   126.6799    30.0
20230629.0500     0.7658     3.8710   126.9103    30.0
20230629.0600     0.7591     3.8800   127.3876    30.0
20230629.0700     0.7535     3.8843   128.1281    30.0
20230629.0800     0.7523     3.8784   129.0551    30.0
20230629.0900     0.7626     3.8610   130.1742    30.0
20230629.1000     0.7561     3.8697   130.3113    30.0
20230629.1100     0.8192     4.0031   130.2729    30.0
20230629.1200     0.8118     4.0114   129.6092    30.0
20230629.1300     0.7962     4.0239   128.7315    30.0
20230629.1400     0.7809     4.0285   127.7331    30.0
20230629.1500     0.7670     4.0259   126.8006    30.0
20230629.1600     0.7564     4.0133   125.8407    30.0
20230629.1700     0.7427     4.0066   124.7875    30.0
20230629.1800     0.7221     4.0161   124.0250    30.0
20230629.1900     0.7015     4.0188   123.2845    30.0
20230629.2000     0.6927     3.9822   122.3958    30.0
20230629.2100     0.7075     3.9038   120.8764    30.0
20230629.2200     0.6993     3.8936   119.6257    30.0
20230629.2300     0.6832     3.9011   119.2746    30.0
20230630.0000     0.6692     3.8930   119.2746    30.0
20230630.0100     0.6646     3.8573   118.8961    30.0
20230630.0200     0.6680     3.8114   118.0239    30.0
20230630.0300     0.6674     3.7878   117.1792    30.0
20230630.0400     0.6564     3.7864   116.9707    30.0
20230630.0500     0.6421     3.7847   116.9982    30.0
20230630.0600     0.6269     3.7794   117.5796    30.0
20230630.0700     0.6154     3.7608   118.3640    30.0
20230630.0800     0.6044     3.7434   119.2307    30.0
20230630.0900     0.5983     3.7140   120.3223    30.0
20230630.1000     0.5946     3.6840   121.1122    30.0
20230630.1100     0.6024     3.6394   122.4836    30.0
20230630.1200     0.6078     3.6193   123.4984    30.0
20230630.1300     0.6189     3.5993   124.2389    30.0
20230630.1400     0.6393     3.5846   124.6942    30.0
20230630.1500     0.6552     3.5943   124.9849    30.0
20230630.1600     0.6621     3.6186   125.3086    30.0
20230630.1700     0.6611     3.6490   125.1989    30.0
20230630.1800     0.6515     3.6818   124.8478    30.0
20230630.1900     0.6423     3.7001   124.2773    30.0
20230630.2000     0.6346     3.7065   123.4435    30.0
20230630.2100     0.6330     3.6954   122.4342    30.0
20230630.2200     0.6383     3.6734   121.0135    30.0
20230630.2300     0.6968     3.8221   120.7392    30.0
