TPAR
20230501.0000     0.2192     3.2291    91.7816    30.0
20230501.0100     0.2161     3.2457    91.9078    30.0
20230501.0200     0.2131     3.2587    92.0285    30.0
20230501.0300     0.2111     3.2627    92.1327    30.0
20230501.0400     0.2097     3.2642    92.2095    30.0
20230501.0500     0.2084     3.2631    92.2698    30.0
20230501.0600     0.2077     3.2555    92.2808    30.0
20230501.0700     0.2076     3.2377    92.1327    30.0
20230501.0800     0.2072     3.2291    91.8310    30.0
20230501.0900     0.2109     3.1663    92.3905    30.0
20230501.1000     0.1979     3.2946    93.8387    30.0
20230501.1100     0.1985     3.2797    93.7290    30.0
20230501.1200     0.2005     3.2500    93.8442    30.0
20230501.1300     0.2043     3.2004    93.8716    30.0
20230501.1400     0.2072     3.1744    94.7657    30.0
20230501.1500     0.2226     3.0125   100.2018    30.0
20230501.1600     0.2308     2.9725   103.9757    30.0
20230501.1700     0.2343     2.9714   105.5775    30.0
20230501.1800     0.2395     2.9571   106.9104    30.0
20230501.1900     0.2458     2.9435   108.4189    30.0
20230501.2000     0.2497     2.9422   108.9346    30.0
20230501.2100     0.2504     2.9608   109.2692    30.0
20230501.2200     0.2411     3.0124   107.5413    30.0
20230501.2300     0.2403     3.0345   107.1902    30.0
20230502.0000     0.2435     3.0154   108.3915    30.0
20230502.0100     0.2444     3.0227   109.0059    30.0
20230502.0200     0.2533     2.9853   107.9307    30.0
20230502.0300     0.2786     2.8991   103.4711    30.0
20230502.0400     0.3085     2.8504    98.4135    30.0
20230502.0500     0.3286     2.8586    95.8025    30.0
20230502.0600     0.3402     2.8914    91.9133    30.0
20230502.0700     0.3364     2.9538    90.6791    30.0
20230502.0800     0.3291     3.0171    91.5293    30.0
20230502.0900     0.3274     3.0508    92.1382    30.0
20230502.1000     0.3213     3.0932    93.7948    30.0
20230502.1100     0.3249     3.1098    94.6121    30.0
20230502.1200     0.3312     3.1166    94.7438    30.0
20230502.1300     0.3410     3.1158    95.4075    30.0
20230502.1400     0.3512     3.1206    95.9615    30.0
20230502.1500     0.3615     3.1335    96.0109    30.0
20230502.1600     0.3738     3.1460    95.9341    30.0
20230502.1700     0.3880     3.1626    95.9835    30.0
20230502.1800     0.4056     3.1788    96.3784    30.0
20230502.1900     0.4237     3.2071    97.0422    30.0
20230502.2000     0.4399     3.2470    98.4958    30.0
20230502.2100     0.4559     3.2851   100.6845    30.0
20230502.2200     0.4718     3.3200   101.2111    30.0
20230502.2300     0.4805     3.3840   100.7777    30.0
20230503.0000     0.4955     3.4143   101.4250    30.0
20230503.0100     0.5174     3.4363   102.2862    30.0
20230503.0200     0.5403     3.4672   102.8348    30.0
20230503.0300     0.5533     3.5252   102.5824    30.0
20230503.0400     0.5635     3.5814   102.1820    30.0
20230503.0500     0.5703     3.6415   101.6499    30.0
20230503.0600     0.5736     3.7053   100.6955    30.0
20230503.0700     0.5728     3.7751    99.3735    30.0
20230503.0800     0.5693     3.8487    98.3148    30.0
20230503.0900     0.5634     3.9328    97.6072    30.0
20230503.1000     0.5591     4.0052    96.9818    30.0
20230503.1100     0.5681     4.0353    96.4004    30.0
20230503.1200     0.5755     4.0441    95.7586    30.0
20230503.1300     0.5873     4.0317    94.9412    30.0
20230503.1400     0.5954     4.0434    94.4695    30.0
20230503.1500     0.5987     4.0809    94.3159    30.0
20230503.1600     0.5971     4.1383    94.2994    30.0
20230503.1700     0.6002     4.1603    94.2940    30.0
20230503.1800     0.6029     4.1848    94.2556    30.0
20230503.1900     0.6007     4.2301    94.3049    30.0
20230503.2000     0.5987     4.2649    94.4640    30.0
20230503.2100     0.5992     4.2763    94.9961    30.0
20230503.2200     0.5984     4.2878    95.5062    30.0
20230503.2300     0.5967     4.3096    95.9286    30.0
20230504.0000     0.6004     4.2751    97.1354    30.0
20230504.0100     0.6060     4.2341    98.3532    30.0
20230504.0200     0.6080     4.2128    98.8524    30.0
20230504.0300     0.6052     4.2152    98.7207    30.0
20230504.0400     0.5966     4.2434    98.1667    30.0
20230504.0500     0.5842     4.2896    97.4700    30.0
20230504.0600     0.5717     4.3326    96.8227    30.0
20230504.0700     0.5611     4.3621    96.2084    30.0
20230504.0800     0.5518     4.3776    95.6818    30.0
20230504.0900     0.5433     4.3869    95.3746    30.0
20230504.1000     0.5350     4.3924    95.0400    30.0
20230504.1100     0.5336     4.3498    94.7822    30.0
20230504.1200     0.5342     4.2997    94.4860    30.0
20230504.1300     0.5344     4.2654    94.3927    30.0
20230504.1400     0.5354     4.2317    94.4530    30.0
20230504.1500     0.5363     4.2044    94.6834    30.0
20230504.1600     0.5388     4.1698    95.5666    30.0
20230504.1700     0.5420     4.1351    97.0751    30.0
20230504.1800     0.5421     4.1200    98.6165    30.0
20230504.1900     0.5437     4.0946   100.1359    30.0
20230504.2000     0.5521     4.0381   102.0613    30.0
20230504.2100     0.5655     3.9694   104.0251    30.0
20230504.2200     0.5636     3.9831   104.4255    30.0
20230504.2300     0.5686     3.9564   104.8699    30.0
20230505.0000     0.5792     3.9091   105.3142    30.0
20230505.0100     0.5904     3.8708   105.4733    30.0
20230505.0200     0.5996     3.8470   105.4129    30.0
20230505.0300     0.6097     3.8270   105.2264    30.0
20230505.0400     0.6214     3.8105   104.7163    30.0
20230505.0500     0.6277     3.8155   103.6850    30.0
20230505.0600     0.6312     3.8276   102.3905    30.0
20230505.0700     0.6308     3.8470   100.9258    30.0
20230505.0800     0.6245     3.8767    99.6916    30.0
20230505.0900     0.6145     3.9105    98.7317    30.0
20230505.1000     0.6022     3.9425    97.3987    30.0
20230505.1100     0.5974     3.9394    96.5101    30.0
20230505.1200     0.5901     3.9478    95.9286    30.0
20230505.1300     0.5787     3.9712    95.4130    30.0
20230505.1400     0.5696     3.9795    94.7054    30.0
20230505.1500     0.5609     3.9840    93.8771    30.0
20230505.1600     0.5493     4.0026    93.2572    30.0
20230505.1700     0.5385     4.0170    93.0323    30.0
20230505.1800     0.5317     4.0060    93.2901    30.0
20230505.1900     0.5223     4.0097    93.6631    30.0
20230505.2000     0.5100     4.0339    93.8496    30.0
20230505.2100     0.4947     4.0751    93.5370    30.0
20230505.2200     0.4960     3.9933    94.4530    30.0
20230505.2300     0.5156     3.8383    95.9999    30.0
20230506.0000     0.5310     3.7534    96.9325    30.0
20230506.0100     0.5262     3.7607    96.7350    30.0
20230506.0200     0.5184     3.7752    96.3675    30.0
20230506.0300     0.5083     3.7996    96.0274    30.0
20230506.0400     0.4942     3.8470    95.4953    30.0
20230506.0500     0.4802     3.8919    94.9303    30.0
20230506.0600     0.4675     3.9312    94.3653    30.0
20230506.0700     0.4565     3.9556    93.9100    30.0
20230506.0800     0.4472     3.9697    93.5534    30.0
20230506.0900     0.4397     3.9711    93.5315    30.0
20230506.1000     0.4342     3.9526    93.4766    30.0
20230506.1100     0.4536     4.0082    93.4108    30.0
20230506.1200     0.4553     3.9853    93.4218    30.0
20230506.1300     0.4604     3.9352    93.7728    30.0
20230506.1400     0.4685     3.8691    94.0032    30.0
20230506.1500     0.4773     3.8121    94.1678    30.0
20230506.1600     0.4821     3.7803    94.2720    30.0
20230506.1700     0.4795     3.7883    94.1678    30.0
20230506.1800     0.4710     3.8230    93.8387    30.0
20230506.1900     0.4621     3.8562    93.5205    30.0
20230506.2000     0.4564     3.8635    93.6796    30.0
20230506.2100     0.4539     3.8472    94.3762    30.0
20230506.2200     0.4477     3.8516    94.7163    30.0
20230506.2300     0.4454     3.8407    94.8644    30.0
20230507.0000     0.4455     3.8139    95.1881    30.0
20230507.0100     0.4493     3.7737    95.8354    30.0
20230507.0200     0.4515     3.7521    96.5265    30.0
20230507.0300     0.4510     3.7538    96.8941    30.0
20230507.0400     0.4494     3.7643    96.9873    30.0
20230507.0500     0.4498     3.7637    97.2616    30.0
20230507.0600     0.4496     3.7721    97.3768    30.0
20230507.0700     0.4486     3.7873    97.3109    30.0
20230507.0800     0.4478     3.8003    97.1025    30.0
20230507.0900     0.4519     3.7812    97.1848    30.0
20230507.1000     0.4559     3.7637    97.1354    30.0
20230507.1100     0.4663     3.7225    97.3823    30.0
20230507.1200     0.4711     3.7261    97.3493    30.0
20230507.1300     0.4736     3.7390    97.2177    30.0
20230507.1400     0.4795     3.7328    97.3055    30.0
20230507.1500     0.4847     3.7323    97.4920    30.0
20230507.1600     0.4888     3.7332    98.0460    30.0
20230507.1700     0.4944     3.7216    99.1979    30.0
20230507.1800     0.5003     3.7048   100.8161    30.0
20230507.1900     0.5050     3.6948   102.4782    30.0
20230507.2000     0.5075     3.6919   103.9867    30.0
20230507.2100     0.5059     3.7043   104.7876    30.0
20230507.2200     0.5022     3.7212   104.4749    30.0
20230507.2300     0.5018     3.7209   104.2555    30.0
20230508.0000     0.4980     3.7380   103.6082    30.0
20230508.0100     0.4915     3.7667   102.6867    30.0
20230508.0200     0.4822     3.8070   101.7432    30.0
20230508.0300     0.4717     3.8532   100.8490    30.0
20230508.0400     0.4615     3.8926   100.1524    30.0
20230508.0500     0.4515     3.9269    99.6093    30.0
20230508.0600     0.4417     3.9561    99.0773    30.0
20230508.0700     0.4315     3.9907    98.4958    30.0
20230508.0800     0.4219     4.0165    97.9527    30.0
20230508.0900     0.4144     4.0220    97.4920    30.0
20230508.1000     0.4010     4.0781    96.8227    30.0
20230508.1100     0.3935     4.0877    96.4113    30.0
20230508.1200     0.3876     4.0800    95.9615    30.0
20230508.1300     0.3817     4.0804    95.4953    30.0
20230508.1400     0.3778     4.0561    94.9083    30.0
20230508.1500     0.3732     4.0514    94.4037    30.0
20230508.1600     0.3677     4.0641    93.8826    30.0
20230508.1700     0.3626     4.0762    93.4053    30.0
20230508.1800     0.3581     4.0892    92.9336    30.0
20230508.1900     0.3545     4.0960    92.4838    30.0
20230508.2000     0.3531     4.0771    92.4344    30.0
20230508.2100     0.3569     3.9996    93.6741    30.0
20230508.2200     0.3526     4.0037    94.3049    30.0
20230508.2300     0.3543     3.9610    94.4256    30.0
20230509.0000     0.3525     3.9563    94.3378    30.0
20230509.0100     0.3497     3.9626    94.1678    30.0
20230509.0200     0.3467     3.9741    93.9429    30.0
20230509.0300     0.3472     3.9477    93.7728    30.0
20230509.0400     0.3504     3.9004    93.6631    30.0
20230509.0500     0.3518     3.8776    93.8442    30.0
20230509.0600     0.3537     3.8529    93.9813    30.0
20230509.0700     0.3566     3.8245    93.8606    30.0
20230509.0800     0.3593     3.7973    93.8277    30.0
20230509.0900     0.3631     3.7682    94.2940    30.0
20230509.1000     0.3583     3.8104    94.6615    30.0
20230509.1100     0.3624     3.7842    95.4459    30.0
20230509.1200     0.3704     3.7321    96.8886    30.0
20230509.1300     0.3821     3.6630    98.5945    30.0
20230509.1400     0.3894     3.6372    99.5216    30.0
20230509.1500     0.3964     3.6187    99.8123    30.0
20230509.1600     0.4152     3.5482    98.9566    30.0
20230509.1700     0.4380     3.4875    98.9072    30.0
20230509.1800     0.4533     3.4784    99.4887    30.0
20230509.1900     0.4707     3.4635   100.8545    30.0
20230509.2000     0.5045     3.4272   103.0103    30.0
20230509.2100     0.5580     3.4090   104.8534    30.0
20230509.2200     0.5948     3.4645   105.0509    30.0
20230509.2300     0.6512     3.5269   104.5133    30.0
20230510.0000     0.7176     3.6191   103.4766    30.0
20230510.0100     0.7975     3.7377   101.8255    30.0
20230510.0200     0.8758     3.8717   100.7503    30.0
20230510.0300     0.9416     4.0015   100.2402    30.0
20230510.0400     0.9976     4.1135   100.1140    30.0
20230510.0500     1.0422     4.2123   100.2073    30.0
20230510.0600     1.0636     4.2969   100.0811    30.0
20230510.0700     1.0641     4.3622    99.6587    30.0
20230510.0800     1.0490     4.4059    99.4009    30.0
20230510.0900     1.0205     4.4403    99.6258    30.0
20230510.1000     0.9693     4.4840    99.8123    30.0
20230510.1100     0.9239     4.4988   100.1469    30.0
20230510.1200     0.8925     4.4714   100.6296    30.0
20230510.1300     0.8834     4.3921   101.4415    30.0
20230510.1400     0.9031     4.2877   102.3685    30.0
20230510.1500     0.9341     4.2223   102.9280    30.0
20230510.1600     0.9501     4.2156   102.7415    30.0
20230510.1700     0.9428     4.2428   102.7086    30.0
20230510.1800     0.9224     4.2783   102.5770    30.0
20230510.1900     0.9057     4.2967   101.6664    30.0
20230510.2000     0.8955     4.2969   100.4870    30.0
20230510.2100     0.8994     4.2736    99.3790    30.0
20230510.2200     0.8863     4.2806    98.2928    30.0
20230510.2300     0.9287     4.3513    97.3164    30.0
20230511.0000     0.9128     4.3402    95.6763    30.0
20230511.0100     0.8930     4.3321    94.2172    30.0
20230511.0200     0.8644     4.3429    93.3011    30.0
20230511.0300     0.8285     4.3771    92.9116    30.0
20230511.0400     0.7957     4.4051    92.5277    30.0
20230511.0500     0.7691     4.4157    91.9297    30.0
20230511.0600     0.7493     4.4085    91.5512    30.0
20230511.0700     0.7375     4.3765    91.5074    30.0
20230511.0800     0.7293     4.3398    91.9078    30.0
20230511.0900     0.7306     4.2787    93.1036    30.0
20230511.1000     0.7226     4.2670    94.1349    30.0
20230511.1100     0.7368     4.1865    96.1316    30.0
20230511.1200     0.7739     4.0842    98.6823    30.0
20230511.1300     0.8086     4.0413   100.0537    30.0
20230511.1400     0.8225     4.0543   100.3279    30.0
20230511.1500     0.8175     4.0849   100.1524    30.0
20230511.1600     0.8153     4.0944   100.1030    30.0
20230511.1700     0.8273     4.0792   100.3938    30.0
20230511.1800     0.8498     4.0650   100.9368    30.0
20230511.1900     0.8744     4.0670   101.3921    30.0
20230511.2000     0.8933     4.0866   101.5951    30.0
20230511.2100     0.9041     4.1148   101.6664    30.0
20230511.2200     0.9107     4.1409   101.3592    30.0
20230511.2300     0.9423     4.1565   100.7229    30.0
20230512.0000     0.9887     4.1888    99.6477    30.0
20230512.0100     1.0414     4.2405    98.8743    30.0
20230512.0200     1.0816     4.3076    98.2270    30.0
20230512.0300     1.1147     4.3765    97.6620    30.0
20230512.0400     1.1253     4.4479    97.3055    30.0
20230512.0500     1.1251     4.5106    97.1958    30.0
20230512.0600     1.1244     4.5611    97.2177    30.0
20230512.0700     1.1290     4.5968    97.1244    30.0
20230512.0800     1.1432     4.6166    97.3493    30.0
20230512.0900     1.1549     4.6361    97.7608    30.0
20230512.1000     1.1459     4.6715    97.6072    30.0
20230512.1100     1.1517     4.7050    97.6949    30.0
20230512.1200     1.1545     4.7028    97.7717    30.0
20230512.1300     1.1619     4.6953    97.8759    30.0
20230512.1400     1.1697     4.6927    97.8156    30.0
20230512.1500     1.1679     4.7027    97.7224    30.0
20230512.1600     1.1604     4.7149    97.9034    30.0
20230512.1700     1.1553     4.7174    98.3916    30.0
20230512.1800     1.1428     4.7253    98.9017    30.0
20230512.1900     1.1229     4.7362    99.3680    30.0
20230512.2000     1.1078     4.7285   100.1579    30.0
20230512.2100     1.0988     4.7067   101.2330    30.0
20230512.2200     1.0904     4.6877   102.0613    30.0
20230512.2300     1.0826     4.6747   102.5715    30.0
20230513.0000     1.0727     4.6691   103.1036    30.0
20230513.0100     1.0612     4.6686   103.5424    30.0
20230513.0200     1.0434     4.6810   103.7399    30.0
20230513.0300     1.0181     4.7095   103.5534    30.0
20230513.0400     0.9879     4.7502   103.0487    30.0
20230513.0500     0.9580     4.7901   102.4947    30.0
20230513.0600     0.9269     4.8380   101.6828    30.0
20230513.0700     0.8989     4.8793   100.8490    30.0
20230513.0800     0.8766     4.8998   100.2347    30.0
20230513.0900     0.8604     4.8964    99.8946    30.0
20230513.1000     0.8514     4.8513   100.2127    30.0
20230513.1100     0.8552     4.7677   100.9642    30.0
20230513.1200     0.8678     4.6671   102.0668    30.0
20230513.1300     0.8747     4.6071   102.5002    30.0
20230513.1400     0.8748     4.5793   102.3630    30.0
20230513.1500     0.8711     4.5683   102.2094    30.0
20230513.1600     0.8647     4.5684   102.1436    30.0
20230513.1700     0.8646     4.5493   102.5715    30.0
20230513.1800     0.8661     4.5300   103.4107    30.0
20230513.1900     0.8634     4.5234   104.3926    30.0
20230513.2000     0.8562     4.5237   105.5117    30.0
20230513.2100     0.8462     4.5206   106.9214    30.0
20230513.2200     0.8230     4.5545   107.3877    30.0
20230513.2300     1.0146     5.1531   107.9472    30.0
20230514.0000     0.9672     5.1536   107.9088    30.0
20230514.0100     0.9225     5.1483   107.9198    30.0
20230514.0200     0.8804     5.1346   107.9472    30.0
20230514.0300     0.8407     5.1159   107.9417    30.0
20230514.0400     0.8034     5.0885   107.9582    30.0
20230514.0500     0.7677     5.0584   107.9527    30.0
20230514.0600     0.7345     5.0214   107.9033    30.0
20230514.0700     0.7041     4.9749   107.7881    30.0
20230514.0800     0.6763     4.9221   107.6126    30.0
20230514.0900     0.6503     4.8698   107.3932    30.0
20230514.1000     0.6244     4.8331   106.9214    30.0
20230514.1100     0.6051     4.7644   106.6307    30.0
20230514.1200     0.5894     4.6851   106.2248    30.0
20230514.1300     0.5762     4.6072   105.7421    30.0
20230514.1400     0.5630     4.5470   105.2319    30.0
20230514.1500     0.5505     4.4991   104.7218    30.0
20230514.1600     0.5403     4.4467   104.2500    30.0
20230514.1700     0.5348     4.3762   103.8715    30.0
20230514.1800     0.5332     4.2957   103.7618    30.0
20230514.1900     0.5334     4.2189   103.9757    30.0
20230514.2000     0.5345     4.1516   104.5627    30.0
20230514.2100     0.5363     4.0922   105.4568    30.0
20230514.2200     0.5271     4.0999   105.6707    30.0
20230514.2300     0.5199     4.1014   105.9395    30.0
20230515.0000     0.5147     4.0907   106.3893    30.0
20230515.0100     0.5122     4.0676   107.2121    30.0
20230515.0200     0.5143     4.0254   108.3805    30.0
20230515.0300     0.5157     3.9974   109.3295    30.0
20230515.0400     0.5168     3.9792   109.9219    30.0
20230515.0500     0.5158     3.9757   110.1194    30.0
20230515.0600     0.5126     3.9820   109.9549    30.0
20230515.0700     0.5100     3.9794   109.7738    30.0
20230515.0800     0.5088     3.9652   109.6148    30.0
20230515.0900     0.5071     3.9501   109.4392    30.0
20230515.1000     0.5007     3.9541   108.4738    30.0
20230515.1100     0.4989     3.9316   107.7497    30.0
20230515.1200     0.5001     3.8931   107.2176    30.0
20230515.1300     0.5017     3.8580   106.6307    30.0
20230515.1400     0.5028     3.8280   105.6927    30.0
20230515.1500     0.4981     3.8285   104.7766    30.0
20230515.1600     0.4886     3.8516   104.2390    30.0
20230515.1700     0.4793     3.8672   103.9977    30.0
20230515.1800     0.4738     3.8586   104.1622    30.0
20230515.1900     0.4707     3.8376   104.6011    30.0
20230515.2000     0.4687     3.8143   105.1332    30.0
20230515.2100     0.4706     3.7701   105.9121    30.0
20230515.2200     0.4611     3.7935   106.0328    30.0
20230515.2300     0.4606     3.7623   106.7953    30.0
20230516.0000     0.4625     3.7218   107.7113    30.0
20230516.0100     0.4633     3.6961   108.1556    30.0
20230516.0200     0.4596     3.6967   107.8759    30.0
20230516.0300     0.4519     3.7139   107.1957    30.0
20230516.0400     0.4429     3.7341   106.4168    30.0
20230516.0500     0.4363     3.7323   105.4020    30.0
20230516.0600     0.4309     3.7207   104.6998    30.0
20230516.0700     0.4253     3.7112   104.3542    30.0
20230516.0800     0.4182     3.7108   104.2720    30.0
20230516.0900     0.4101     3.7142   104.3981    30.0
20230516.1000     0.3952     3.7583   103.9703    30.0
20230516.1100     0.3868     3.7599   103.8441    30.0
20230516.1200     0.3817     3.7329   103.9538    30.0
20230516.1300     0.3785     3.6939   104.1897    30.0
20230516.1400     0.3760     3.6517   104.4475    30.0
20230516.1500     0.3742     3.6101   104.8754    30.0
20230516.1600     0.3717     3.5775   105.3416    30.0
20230516.1700     0.3690     3.5505   105.7475    30.0
20230516.1800     0.3682     3.5140   106.1644    30.0
20230516.1900     0.3721     3.4573   106.6691    30.0
20230516.2000     0.3823     3.3872   107.0860    30.0
20230516.2100     0.3967     3.3276   107.2780    30.0
20230516.2200     0.3963     3.3452   107.0476    30.0
20230516.2300     0.4077     3.3835   106.9982    30.0
20230517.0000     0.4114     3.3738   107.0037    30.0
20230517.0100     0.4104     3.3853   106.8940    30.0
20230517.0200     0.4094     3.3905   106.8940    30.0
20230517.0300     0.4069     3.3983   106.7185    30.0
20230517.0400     0.4047     3.4008   106.4003    30.0
20230517.0500     0.4046     3.3915   106.1480    30.0
20230517.0600     0.4043     3.3818   106.0218    30.0
20230517.0700     0.4023     3.3788   106.0108    30.0
20230517.0800     0.3979     3.3845   105.8243    30.0
20230517.0900     0.3958     3.3730   105.5939    30.0
20230517.1000     0.3908     3.3682   104.4365    30.0
20230517.1100     0.3911     3.3447   103.6740    30.0
20230517.1200     0.3958     3.3042   103.4107    30.0
20230517.1300     0.4084     3.2471   102.8019    30.0
20230517.1400     0.4255     3.2029   102.0723    30.0
20230517.1500     0.4403     3.1883   101.8364    30.0
20230517.1600     0.4541     3.1842   102.4234    30.0
20230517.1700     0.4660     3.1878   104.2390    30.0
20230517.1800     0.4694     3.2042   106.0218    30.0
20230517.1900     0.4685     3.2215   107.6894    30.0
20230517.2000     0.4728     3.2223   109.7903    30.0
20230517.2100     0.4784     3.2266   111.3043    30.0
20230517.2200     0.4833     3.2337   112.2039    30.0
20230517.2300     0.4950     3.2352   112.0119    30.0
20230518.0000     0.5136     3.2379   111.0465    30.0
20230518.0100     0.5299     3.2566   109.7519    30.0
20230518.0200     0.5402     3.2865   108.5232    30.0
20230518.0300     0.5439     3.3198   107.5303    30.0
20230518.0400     0.5430     3.3508   106.8227    30.0
20230518.0500     0.5341     3.3869   106.2357    30.0
20230518.0600     0.5165     3.4332   105.5830    30.0
20230518.0700     0.4986     3.4689   105.1222    30.0
20230518.0800     0.4804     3.5025   104.6779    30.0
20230518.0900     0.4666     3.5125   104.4585    30.0
20230518.1000     0.4541     3.5139   104.1622    30.0
20230518.1100     0.4463     3.5006   103.8551    30.0
20230518.1200     0.4405     3.4816   103.8276    30.0
20230518.1300     0.4394     3.4453   104.0855    30.0
20230518.1400     0.4481     3.3804   104.9412    30.0
20230518.1500     0.4667     3.3146   105.9889    30.0
20230518.1600     0.4862     3.2824   106.8666    30.0
20230518.1700     0.5042     3.2736   107.4480    30.0
20230518.1800     0.5171     3.2836   107.7004    30.0
20230518.1900     0.5198     3.3079   107.4206    30.0
20230518.2000     0.5214     3.3249   107.2121    30.0
20230518.2100     0.5230     3.3405   106.9872    30.0
20230518.2200     0.5254     3.3526   106.7678    30.0
20230518.2300     0.5282     3.3713   106.5923    30.0
20230519.0000     0.5313     3.3951   106.2961    30.0
20230519.0100     0.5366     3.4177   105.8298    30.0
20230519.0200     0.5422     3.4434   105.5117    30.0
20230519.0300     0.5422     3.4832   105.0454    30.0
20230519.0400     0.5388     3.5255   104.4585    30.0
20230519.0500     0.5292     3.5861   103.6082    30.0
20230519.0600     0.5154     3.6602   102.5550    30.0
20230519.0700     0.5026     3.7247   101.5183    30.0
20230519.0800     0.4943     3.7608   100.7009    30.0
20230519.0900     0.4890     3.7761   100.0043    30.0
20230519.1000     0.4840     3.7874    99.2802    30.0
20230519.1100     0.4855     3.7620    98.8743    30.0
20230519.1200     0.4918     3.7182    98.3696    30.0
20230519.1300     0.4986     3.6798    97.6291    30.0
20230519.1400     0.5030     3.6596    97.1244    30.0
20230519.1500     0.5054     3.6481    96.8282    30.0
20230519.1600     0.5081     3.6342    96.8337    30.0
20230519.1700     0.5120     3.6171    97.1848    30.0
20230519.1800     0.5126     3.6110    97.8211    30.0
20230519.1900     0.5122     3.6055    98.5945    30.0
20230519.2000     0.5211     3.5647   100.2347    30.0
20230519.2100     0.5383     3.5166   101.8145    30.0
20230519.2200     0.5539     3.4965   102.5166    30.0
20230519.2300     0.5857     3.5273   102.6099    30.0
20230520.0000     0.6009     3.5370   102.2094    30.0
20230520.0100     0.6059     3.5683   101.4744    30.0
20230520.0200     0.6088     3.5963   100.8545    30.0
20230520.0300     0.6065     3.6292   100.2786    30.0
20230520.0400     0.6025     3.6544    99.9165    30.0
20230520.0500     0.5985     3.6719    99.7026    30.0
20230520.0600     0.5928     3.6875    99.4832    30.0
20230520.0700     0.5850     3.7015    99.1486    30.0
20230520.0800     0.5773     3.7089    98.8359    30.0
20230520.0900     0.5742     3.6974    98.9456    30.0
20230520.1000     0.5715     3.6841    99.0992    30.0
20230520.1100     0.5753     3.6600    99.3131    30.0
20230520.1200     0.5802     3.6430    99.4887    30.0
20230520.1300     0.5914     3.6218    99.3131    30.0
20230520.1400     0.6110     3.6027    98.7975    30.0
20230520.1500     0.6269     3.6120    97.8814    30.0
20230520.1600     0.6372     3.6385    96.9050    30.0
20230520.1700     0.6423     3.6732    96.0658    30.0
20230520.1800     0.6467     3.7040    95.6379    30.0
20230520.1900     0.6560     3.7246    95.5830    30.0
20230520.2000     0.6763     3.7316    95.9890    30.0
20230520.2100     0.7048     3.7423    96.7624    30.0
20230520.2200     0.7434     3.7627    97.2451    30.0
20230520.2300     0.7829     3.8265    97.6949    30.0
20230521.0000     0.8071     3.8767    98.3971    30.0
20230521.0100     0.8234     3.9233    99.0882    30.0
20230521.0200     0.8336     3.9631    99.7520    30.0
20230521.0300     0.8344     4.0002   100.3060    30.0
20230521.0400     0.8281     4.0309   100.7009    30.0
20230521.0500     0.8124     4.0635   100.5857    30.0
20230521.0600     0.7958     4.0839   100.3663    30.0
20230521.0700     0.7805     4.0955   100.0701    30.0
20230521.0800     0.7667     4.1016    99.7684    30.0
20230521.0900     0.7561     4.1009    99.6642    30.0
20230521.1000     0.7473     4.0975    99.4941    30.0
20230521.1100     0.7497     4.0727    99.5380    30.0
20230521.1200     0.7570     4.0519    99.3625    30.0
20230521.1300     0.7635     4.0459    98.6823    30.0
20230521.1400     0.7695     4.0481    98.0186    30.0
20230521.1500     0.7693     4.0652    97.8046    30.0
20230521.1600     0.7664     4.0834    98.1392    30.0
20230521.1700     0.7655     4.0927    98.8908    30.0
20230521.1800     0.7661     4.0975    99.7300    30.0
20230521.1900     0.7670     4.1024   100.4322    30.0
20230521.2000     0.7687     4.1043   101.0246    30.0
20230521.2100     0.7792     4.0871   101.6499    30.0
20230521.2200     0.7841     4.0868   101.6390    30.0
20230521.2300     0.7926     4.0789   101.8309    30.0
20230522.0000     0.8003     4.0733   102.2643    30.0
20230522.0100     0.7998     4.0803   102.5495    30.0
20230522.0200     0.8008     4.0808   102.5605    30.0
20230522.0300     0.8000     4.0859   101.9626    30.0
20230522.0400     0.7965     4.0952   101.1507    30.0
20230522.0500     0.7852     4.1151   100.3718    30.0
20230522.0600     0.7671     4.1449    99.7684    30.0
20230522.0700     0.7476     4.1705    99.3460    30.0
20230522.0800     0.7311     4.1846    99.0389    30.0
20230522.0900     0.7213     4.1778    98.9346    30.0
20230522.1000     0.7027     4.2111    98.2215    30.0
20230522.1100     0.7110     4.2685    97.7278    30.0
20230522.1200     0.7055     4.2617    97.3109    30.0
20230522.1300     0.7041     4.2447    96.9434    30.0
20230522.1400     0.7054     4.2234    96.3729    30.0
20230522.1500     0.7042     4.2149    95.6489    30.0
20230522.1600     0.7010     4.2123    95.1497    30.0
20230522.1700     0.6991     4.2028    95.1168    30.0
20230522.1800     0.7037     4.1693    95.6214    30.0
20230522.1900     0.7146     4.1240    96.3729    30.0
20230522.2000     0.7266     4.0874    97.1903    30.0
20230522.2100     0.7351     4.0689    97.8979    30.0
20230522.2200     0.7331     4.0746    98.5507    30.0
20230522.2300     0.7421     4.0770    99.4338    30.0
20230523.0000     0.7524     4.0439   100.6022    30.0
20230523.0100     0.7670     4.0114   101.8419    30.0
20230523.0200     0.7734     4.0022   102.7086    30.0
20230523.0300     0.7668     4.0153   102.9390    30.0
20230523.0400     0.7518     4.0345   102.7799    30.0
20230523.0500     0.7350     4.0480   102.4014    30.0
20230523.0600     0.7149     4.0635   101.6444    30.0
20230523.0700     0.6967     4.0675   100.7942    30.0
20230523.0800     0.6803     4.0630    99.9549    30.0
20230523.0900     0.6683     4.0448    99.3790    30.0
20230523.1000     0.6539     4.0338    98.5781    30.0
20230523.1100     0.6412     4.0211    98.0789    30.0
20230523.1200     0.6320     3.9977    97.7882    30.0
20230523.1300     0.6235     3.9761    97.5523    30.0
20230523.1400     0.6223     3.9343    97.6894    30.0
20230523.1500     0.6257     3.8918    98.0295    30.0
20230523.1600     0.6273     3.8682    98.4245    30.0
20230523.1700     0.6244     3.8666    98.7097    30.0
20230523.1800     0.6195     3.8741    98.9127    30.0
20230523.1900     0.6174     3.8730    99.3406    30.0
20230523.2000     0.6204     3.8588   100.0372    30.0
20230523.2100     0.6269     3.8430   100.9313    30.0
20230523.2200     0.6329     3.8321   101.5567    30.0
20230523.2300     0.6567     3.8231   102.4782    30.0
20230524.0000     0.6783     3.8081   103.3285    30.0
20230524.0100     0.6919     3.8236   103.4875    30.0
20230524.0200     0.6950     3.8598   103.0597    30.0
20230524.0300     0.6902     3.9066   102.0065    30.0
20230524.0400     0.6785     3.9629   100.6461    30.0
20230524.0500     0.6654     4.0164    99.4338    30.0
20230524.0600     0.6529     4.0635    98.3532    30.0
20230524.0700     0.6433     4.0971    97.4700    30.0
20230524.0800     0.6348     4.1251    96.7898    30.0
20230524.0900     0.6288     4.1409    96.3016    30.0
20230524.1000     0.6270     4.1354    95.6873    30.0
20230524.1100     0.6381     4.0850    95.2649    30.0
20230524.1200     0.6533     4.0366    95.2704    30.0
20230524.1300     0.6672     4.0064    95.7366    30.0
20230524.1400     0.6786     3.9914    96.3181    30.0
20230524.1500     0.6923     3.9726    97.1903    30.0
20230524.1600     0.7163     3.9390    98.7372    30.0
20230524.1700     0.7478     3.9130   100.5693    30.0
20230524.1800     0.7670     3.9247   101.8693    30.0
20230524.1900     0.7718     3.9577   102.5824    30.0
20230524.2000     0.7700     3.9914   102.8841    30.0
20230524.2100     0.7700     4.0114   103.1913    30.0
20230524.2200     0.7572     4.0490   102.9225    30.0
20230524.2300     0.7620     4.0380   103.4107    30.0
20230525.0000     0.7837     4.0016   104.8808    30.0
20230525.0100     0.8021     3.9916   106.1260    30.0
20230525.0200     0.8129     4.0012   106.9434    30.0
20230525.0300     0.8147     4.0253   107.1244    30.0
20230525.0400     0.8123     4.0500   106.7678    30.0
20230525.0500     0.8091     4.0710   105.9395    30.0
20230525.0600     0.8067     4.0877   104.8205    30.0
20230525.0700     0.7998     4.1102   103.3175    30.0
20230525.0800     0.7855     4.1411   101.5622    30.0
20230525.0900     0.7705     4.1647    99.8617    30.0
20230525.1000     0.7557     4.1802    97.9802    30.0
20230525.1100     0.7928     4.2914    96.5759    30.0
20230525.1200     0.7863     4.2744    96.0274    30.0
20230525.1300     0.7847     4.2472    95.6927    30.0
20230525.1400     0.7804     4.2324    95.2868    30.0
20230525.1500     0.7715     4.2292    95.1223    30.0
20230525.1600     0.7581     4.2350    95.1442    30.0
20230525.1700     0.7466     4.2289    95.4020    30.0
20230525.1800     0.7368     4.2191    95.7915    30.0
20230525.1900     0.7337     4.1887    96.6582    30.0
20230525.2000     0.7455     4.1219    98.5726    30.0
20230525.2100     0.7763     4.0392   101.4908    30.0
20230525.2200     0.8007     4.0092   103.2407    30.0
20230525.2300     0.8242     4.0028   104.2445    30.0
20230526.0000     0.8372     4.0208   104.7272    30.0
20230526.0100     0.8393     4.0502   104.8973    30.0
20230526.0200     0.8396     4.0750   104.9576    30.0
20230526.0300     0.8354     4.1023   104.6230    30.0
20230526.0400     0.8302     4.1253   104.1568    30.0
20230526.0500     0.8210     4.1503   103.3778    30.0
20230526.0600     0.8065     4.1810   102.2753    30.0
20230526.0700     0.7900     4.2088   101.1617    30.0
20230526.0800     0.7751     4.2270   100.2950    30.0
20230526.0900     0.7607     4.2391    99.7026    30.0
20230526.1000     0.7551     4.2195    98.4629    30.0
20230526.1100     0.7499     4.2023    97.4481    30.0
20230526.1200     0.7437     4.1892    96.7350    30.0
20230526.1300     0.7390     4.1715    96.1206    30.0
20230526.1400     0.7369     4.1477    95.7147    30.0
20230526.1500     0.7370     4.1228    95.4459    30.0
20230526.1600     0.7325     4.1142    95.3746    30.0
20230526.1700     0.7243     4.1150    95.6598    30.0
20230526.1800     0.7188     4.1042    96.3675    30.0
20230526.1900     0.7253     4.0597    97.9363    30.0
20230526.2000     0.7531     3.9839   100.6022    30.0
20230526.2100     0.8041     3.9195   103.7289    30.0
20230526.2200     0.8467     3.9180   105.7640    30.0
20230526.2300     1.2951     4.6679   107.2286    30.0
20230527.0000     1.2629     4.8242   105.7969    30.0
20230527.0100     1.2305     4.9504   104.5407    30.0
20230527.0200     1.2047     5.0432   103.5808    30.0
20230527.0300     1.1800     5.1132   102.7854    30.0
20230527.0400     1.1481     5.1808   102.0284    30.0
20230527.0500     1.1084     5.2508   101.3098    30.0
20230527.0600     1.0661     5.3094   100.6406    30.0
20230527.0700     1.0243     5.3463   100.0537    30.0
20230527.0800     0.9839     5.3613    99.6093    30.0
20230527.0900     0.9436     5.3659    99.2638    30.0
20230527.1000     0.9011     5.3796    98.8030    30.0
20230527.1100     0.8639     5.3584    98.5123    30.0
20230527.1200     0.8329     5.3014    98.3971    30.0
20230527.1300     0.8075     5.2122    98.1941    30.0
20230527.1400     0.7932     5.0677    97.8595    30.0
20230527.1500     0.7922     4.8754    97.6346    30.0
20230527.1600     0.7973     4.6994    97.7224    30.0
20230527.1700     0.8002     4.5737    98.1228    30.0
20230527.1800     0.7939     4.5064    98.6220    30.0
20230527.1900     0.7913     4.4366    99.4887    30.0
20230527.2000     0.8017     4.3455   100.9423    30.0
20230527.2100     0.8234     4.2577   102.8622    30.0
20230527.2200     0.8478     4.2009   104.6175    30.0
20230527.2300     0.8809     4.1634   106.8227    30.0
20230528.0000     0.9241     4.1495   108.7810    30.0
20230528.0100     0.9676     4.1719   109.7135    30.0
20230528.0200     1.0051     4.2229   109.4118    30.0
20230528.0300     1.0234     4.2934   108.3531    30.0
20230528.0400     1.0172     4.3724   107.3164    30.0
20230528.0500     0.9943     4.4503   106.3345    30.0
20230528.0600     0.9627     4.5216   105.4129    30.0
20230528.0700     0.9311     4.5730   104.6121    30.0
20230528.0800     0.9012     4.6078   103.9428    30.0
20230528.0900     0.8720     4.6332   103.3614    30.0
20230528.1000     0.8413     4.6610   102.6812    30.0
20230528.1100     0.8846     4.8360   102.0997    30.0
20230528.1200     0.8582     4.8018   101.6664    30.0
20230528.1300     0.8414     4.7367   101.3592    30.0
20230528.1400     0.8305     4.6623   100.9533    30.0
20230528.1500     0.8162     4.6162   100.3883    30.0
20230528.1600     0.8098     4.5505    99.8781    30.0
20230528.1700     0.8137     4.4655    99.7191    30.0
20230528.1800     0.8207     4.3925   100.0043    30.0
20230528.1900     0.8319     4.3275   100.7668    30.0
20230528.2000     0.8521     4.2665   101.7871    30.0
20230528.2100     0.8851     4.2158   102.8841    30.0
20230528.2200     0.9146     4.2012   103.4546    30.0
20230528.2300     0.9509     4.2032   103.9209    30.0
20230529.0000     0.9841     4.2262   104.0141    30.0
20230529.0100     1.0014     4.2632   103.8880    30.0
20230529.0200     1.0111     4.2949   103.8441    30.0
20230529.0300     1.0053     4.3259   103.8496    30.0
20230529.0400     0.9838     4.3545   103.7947    30.0
20230529.0500     0.9543     4.3762   103.5369    30.0
20230529.0600     0.9193     4.3938   103.0268    30.0
20230529.0700     0.8836     4.4044   102.3795    30.0
20230529.0800     0.8520     4.3997   101.8200    30.0
20230529.0900     0.8244     4.3830   101.5183    30.0
20230529.1000     0.7910     4.3897   100.7997    30.0
20230529.1100     0.7656     4.3705   100.3279    30.0
20230529.1200     0.7453     4.3395    99.7904    30.0
20230529.1300     0.7371     4.2738    99.1650    30.0
20230529.1400     0.7405     4.1918    98.3258    30.0
20230529.1500     0.7532     4.1147    97.5084    30.0
20230529.1600     0.7744     4.0551    97.0202    30.0
20230529.1700     0.8006     4.0235    96.8118    30.0
20230529.1800     0.8292     4.0192    96.7898    30.0
20230529.1900     0.8556     4.0379    96.9873    30.0
20230529.2000     0.8813     4.0651    97.6894    30.0
20230529.2100     0.9068     4.0946    98.8304    30.0
20230529.2200     0.9217     4.1293    99.7191    30.0
20230529.2300     0.9632     4.1983   100.3663    30.0
20230530.0000     0.9818     4.2287   101.0575    30.0
20230530.0100     0.9980     4.2561   101.8309    30.0
20230530.0200     1.0054     4.2870   102.1491    30.0
20230530.0300     1.0053     4.3164   101.9681    30.0
20230530.0400     1.0022     4.3393   101.6883    30.0
20230530.0500     0.9947     4.3572   101.5183    30.0
20230530.0600     0.9809     4.3746   101.1837    30.0
20230530.0700     0.9600     4.3958   100.5583    30.0
20230530.0800     0.9373     4.4149    99.8617    30.0
20230530.0900     0.9156     4.4305    99.0992    30.0
20230530.1000     0.8874     4.4655    97.9911    30.0
20230530.1100     0.8597     4.5038    97.1519    30.0
20230530.1200     0.8379     4.5275    96.6472    30.0
20230530.1300     0.8226     4.5348    96.2632    30.0
20230530.1400     0.8122     4.5315    96.1042    30.0
20230530.1500     0.8057     4.5211    96.2742    30.0
20230530.1600     0.7998     4.5158    96.5540    30.0
20230530.1700     0.7970     4.5039    96.8941    30.0
20230530.1800     0.7948     4.4922    97.2945    30.0
20230530.1900     0.7948     4.4744    97.9527    30.0
20230530.2000     0.7993     4.4448    98.8194    30.0
20230530.2100     0.8121     4.3952   100.1359    30.0
20230530.2200     0.8192     4.3743   100.8929    30.0
20230530.2300     0.8271     4.3525   101.6554    30.0
20230531.0000     0.8364     4.3289   102.4782    30.0
20230531.0100     0.8545     4.2890   103.5479    30.0
20230531.0200     0.8742     4.2585   104.5462    30.0
20230531.0300     0.8901     4.2468   104.9905    30.0
20230531.0400     0.8989     4.2531   104.9631    30.0
20230531.0500     0.8949     4.2767   104.6724    30.0
20230531.0600     0.8824     4.3072   104.2665    30.0
20230531.0700     0.8677     4.3325   103.7673    30.0
20230531.0800     0.8532     4.3513   103.1858    30.0
20230531.0900     0.8389     4.3649   102.6373    30.0
20230531.1000     0.8290     4.3634   101.3866    30.0
20230531.1100     0.8591     4.4262   100.3224    30.0
20230531.1200     0.8570     4.3959    99.2967    30.0
20230531.1300     0.8520     4.3808    98.3971    30.0
20230531.1400     0.8486     4.3666    97.7388    30.0
20230531.1500     0.8434     4.3587    97.2506    30.0
20230531.1600     0.8354     4.3576    96.9763    30.0
20230531.1700     0.8267     4.3556    97.0915    30.0
20230531.1800     0.8203     4.3431    97.5962    30.0
20230531.1900     0.8275     4.2973    98.6165    30.0
20230531.2000     0.8414     4.2495    99.8013    30.0
20230531.2100     0.8598     4.2097   100.8655    30.0
20230531.2200     0.8630     4.2080   100.9039    30.0
20230531.2300     0.8590     4.2132   100.8436    30.0
20230601.0000     0.8526     4.2131   101.0081    30.0
20230601.0100     0.8486     4.2008   101.5073    30.0
20230601.0200     0.8467     4.1847   102.2040    30.0
20230601.0300     0.8408     4.1807   102.4014    30.0
20230601.0400     0.8328     4.1821   102.0723    30.0
20230601.0500     0.8242     4.1850   101.4524    30.0
20230601.0600     0.8094     4.2017   100.4541    30.0
20230601.0700     0.7906     4.2256    99.2089    30.0
20230601.0800     0.7737     4.2425    97.9308    30.0
20230601.0900     0.7617     4.2447    96.8611    30.0
20230601.1000     0.7484     4.2647    95.7366    30.0
20230601.1100     0.7389     4.2623    94.9577    30.0
20230601.1200     0.7365     4.2364    94.6066    30.0
20230601.1300     0.7327     4.2255    94.2062    30.0
20230601.1400     0.7288     4.2214    93.7893    30.0
20230601.1500     0.7234     4.2239    93.3669    30.0
20230601.1600     0.7183     4.2257    93.3614    30.0
20230601.1700     0.7156     4.2164    93.9484    30.0
20230601.1800     0.7152     4.1992    95.0235    30.0
20230601.1900     0.7173     4.1749    96.4991    30.0
20230601.2000     0.7223     4.1442    98.4190    30.0
20230601.2100     0.7244     4.1286    99.9330    30.0
20230601.2200     0.7108     4.1662    99.4777    30.0
20230601.2300     0.7721     4.3918    98.8633    30.0
20230602.0000     0.7534     4.3856    98.0515    30.0
20230602.0100     0.7409     4.3613    97.3768    30.0
20230602.0200     0.7302     4.3350    97.1354    30.0
20230602.0300     0.7189     4.3148    97.1848    30.0
20230602.0400     0.7099     4.2887    97.5688    30.0
20230602.0500     0.7063     4.2456    98.4958    30.0
20230602.0600     0.7004     4.2169    99.2473    30.0
20230602.0700     0.6909     4.2052    99.5161    30.0
20230602.0800     0.6790     4.2046    99.2802    30.0
20230602.0900     0.6699     4.1932    98.9675    30.0
20230602.1000     0.6581     4.1961    97.8211    30.0
20230602.1100     0.6565     4.1600    96.8008    30.0
20230602.1200     0.6694     4.0872    95.9286    30.0
20230602.1300     0.7013     3.9975    95.1058    30.0
20230602.1400     0.7490     3.9376    94.5463    30.0
20230602.1500     0.7918     3.9403    94.1678    30.0
20230602.1600     0.8284     3.9743    94.3927    30.0
20230602.1700     0.8709     4.0126    95.4843    30.0
20230602.1800     0.9045     4.0622    97.0092    30.0
20230602.1900     0.9190     4.1169    98.4300    30.0
20230602.2000     0.9312     4.1554    99.9110    30.0
20230602.2100     0.9436     4.1827   101.3098    30.0
20230602.2200     0.9443     4.2161   102.2862    30.0
20230602.2300     0.9341     4.2576   102.5002    30.0
20230603.0000     0.9086     4.3130   101.6664    30.0
20230603.0100     0.8803     4.3619   100.5474    30.0
20230603.0200     0.8545     4.3960    99.6368    30.0
20230603.0300     0.8332     4.4144    99.0882    30.0
20230603.0400     0.8161     4.4188    98.8359    30.0
20230603.0500     0.8003     4.4209    98.5836    30.0
20230603.0600     0.7828     4.4355    98.0186    30.0
20230603.0700     0.7667     4.4467    97.3932    30.0
20230603.0800     0.7503     4.4657    96.5540    30.0
20230603.0900     0.7367     4.4763    95.8025    30.0
20230603.1000     0.7334     4.4454    95.0674    30.0
20230603.1100     0.7549     4.4321    94.7547    30.0
20230603.1200     0.7597     4.3822    94.4476    30.0
20230603.1300     0.7555     4.3731    93.8551    30.0
20230603.1400     0.7444     4.3914    93.2133    30.0
20230603.1500     0.7316     4.4114    92.8348    30.0
20230603.1600     0.7202     4.4200    92.7306    30.0
20230603.1700     0.7145     4.4019    92.8568    30.0
20230603.1800     0.7117     4.3727    93.1256    30.0
20230603.1900     0.7115     4.3352    93.6412    30.0
20230603.2000     0.7122     4.2970    94.3049    30.0
20230603.2100     0.7162     4.2500    95.1168    30.0
20230603.2200     0.7100     4.2399    96.2577    30.0
20230603.2300     0.7128     4.1947    97.9637    30.0
20230604.0000     0.7122     4.1707    98.8962    30.0
20230604.0100     0.7145     4.1435    99.5106    30.0
20230604.0200     0.7189     4.1172   100.0646    30.0
20230604.0300     0.7169     4.1121   100.3718    30.0
20230604.0400     0.7035     4.1331   100.2182    30.0
20230604.0500     0.6832     4.1707    99.5874    30.0
20230604.0600     0.6625     4.2033    98.8743    30.0
20230604.0700     0.6416     4.2356    98.0295    30.0
20230604.0800     0.6224     4.2600    97.2122    30.0
20230604.0900     0.6060     4.2698    96.5101    30.0
20230604.1000     0.5880     4.2890    95.6598    30.0
20230604.1100     0.5793     4.2695    95.1332    30.0
20230604.1200     0.5722     4.2346    94.6944    30.0
20230604.1300     0.5642     4.2098    94.2994    30.0
20230604.1400     0.5576     4.1790    94.0032    30.0
20230604.1500     0.5513     4.1517    93.7893    30.0
20230604.1600     0.5465     4.1178    93.7728    30.0
20230604.1700     0.5425     4.0861    93.9484    30.0
20230604.1800     0.5358     4.0749    94.0416    30.0
20230604.1900     0.5293     4.0657    94.3049    30.0
20230604.2000     0.5246     4.0472    94.7438    30.0
20230604.2100     0.5210     4.0255    95.2484    30.0
20230604.2200     0.5246     3.9630    96.3784    30.0
20230604.2300     0.5374     3.9351    97.3329    30.0
20230605.0000     0.5392     3.9088    97.8430    30.0
20230605.0100     0.5408     3.8826    98.2270    30.0
20230605.0200     0.5435     3.8541    98.5891    30.0
20230605.0300     0.5474     3.8238    99.2144    30.0
20230605.0400     0.5503     3.8031    99.6368    30.0
20230605.0500     0.5510     3.7960    99.6477    30.0
20230605.0600     0.5481     3.8042    99.4009    30.0
20230605.0700     0.5429     3.8195    98.9401    30.0
20230605.0800     0.5370     3.8353    98.0625    30.0
20230605.0900     0.5350     3.8298    97.2067    30.0
20230605.1000     0.5327     3.8263    95.8573    30.0
20230605.1100     0.5410     3.7857    94.3269    30.0
20230605.1200     0.5598     3.7249    92.7690    30.0
20230605.1300     0.5814     3.6835    91.2331    30.0
20230605.1400     0.5998     3.6704    90.1854    30.0
20230605.1500     0.6167     3.6726    89.7740    30.0
20230605.1600     0.6228     3.6974    90.0866    30.0
20230605.1700     0.6259     3.7198    90.7504    30.0
20230605.1800     0.6325     3.7293    91.6061    30.0
20230605.1900     0.6398     3.7377    92.4618    30.0
20230605.2000     0.6446     3.7515    93.2572    30.0
20230605.2100     0.6472     3.7662    93.9648    30.0
20230605.2200     0.6426     3.7884    94.5134    30.0
20230605.2300     0.6432     3.7890    95.3581    30.0
20230606.0000     0.6503     3.7720    96.8502    30.0
20230606.0100     0.6641     3.7476    98.6878    30.0
20230606.0200     0.6852     3.7249   100.6187    30.0
20230606.0300     0.7013     3.7283   101.7871    30.0
20230606.0400     0.7029     3.7594   101.7322    30.0
20230606.0500     0.6915     3.8070   100.6790    30.0
20230606.0600     0.6731     3.8618    99.1979    30.0
20230606.0700     0.6581     3.8999    97.8211    30.0
20230606.0800     0.6524     3.9091    96.6746    30.0
20230606.0900     0.6568     3.8937    95.8683    30.0
20230606.1000     0.6757     3.8589    95.2375    30.0
20230606.1100     0.6937     3.8498    94.6944    30.0
20230606.1200     0.7078     3.8603    94.2720    30.0
20230606.1300     0.7154     3.8852    93.9429    30.0
20230606.1400     0.7236     3.9047    93.8551    30.0
20230606.1500     0.7320     3.9207    94.2336    30.0
20230606.1600     0.7400     3.9350    95.3033    30.0
20230606.1700     0.7485     3.9468    96.8886    30.0
20230606.1800     0.7466     3.9813    97.7059    30.0
20230606.1900     0.7337     4.0350    97.6456    30.0
20230606.2000     0.7183     4.0853    97.0641    30.0
20230606.2100     0.7071     4.1127    96.5320    30.0
20230606.2200     0.6923     4.1485    95.8957    30.0
20230606.2300     0.6849     4.1532    95.5666    30.0
20230607.0000     0.6849     4.1285    96.0822    30.0
20230607.0100     0.6997     4.0658    97.4920    30.0
20230607.0200     0.7307     3.9950    99.2638    30.0
20230607.0300     0.7660     3.9657   100.2841    30.0
20230607.0400     0.8000     3.9820   100.1634    30.0
20230607.0500     0.8358     4.0218    99.3022    30.0
20230607.0600     0.8583     4.0830    98.1667    30.0
20230607.0700     0.8639     4.1527    96.9160    30.0
20230607.0800     0.8673     4.2091    95.9890    30.0
20230607.0900     0.8876     4.2325    95.5611    30.0
20230607.1000     0.8970     4.2767    95.2484    30.0
20230607.1100     0.9327     4.3246    95.3143    30.0
20230607.1200     0.9597     4.3499    95.0235    30.0
20230607.1300     0.9957     4.3745    94.8151    30.0
20230607.1400     1.0314     4.4062    95.1003    30.0
20230607.1500     1.0564     4.4486    95.1113    30.0
20230607.1600     1.0783     4.4844    95.0455    30.0
20230607.1700     1.0989     4.5108    95.1113    30.0
20230607.1800     1.1058     4.5393    95.2320    30.0
20230607.1900     1.1084     4.5549    95.6982    30.0
20230607.2000     1.1100     4.5576    96.4168    30.0
20230607.2100     1.1090     4.5529    97.3713    30.0
20230607.2200     1.1033     4.5485    97.5797    30.0
20230607.2300     1.1445     4.6132    97.6401    30.0
20230608.0000     1.1197     4.6126    97.5523    30.0
20230608.0100     1.0927     4.6043    97.5633    30.0
20230608.0200     1.0671     4.5897    97.4645    30.0
20230608.0300     1.0415     4.5746    97.1848    30.0
20230608.0400     1.0107     4.5686    96.7076    30.0
20230608.0500     0.9802     4.5606    96.0548    30.0
20230608.0600     0.9513     4.5496    95.2045    30.0
20230608.0700     0.9264     4.5305    94.3817    30.0
20230608.0800     0.9077     4.5009    93.6357    30.0
20230608.0900     0.8990     4.4549    93.1311    30.0
20230608.1000     0.8879     4.4262    92.3795    30.0
20230608.1100     0.8793     4.3993    91.8859    30.0
20230608.1200     0.8753     4.3698    91.7761    30.0
20230608.1300     0.8652     4.3598    91.8804    30.0
20230608.1400     0.8449     4.3754    91.8913    30.0
20230608.1500     0.8198     4.3993    91.8475    30.0
20230608.1600     0.7934     4.4256    91.8859    30.0
20230608.1700     0.7713     4.4313    92.2260    30.0
20230608.1800     0.7550     4.4132    92.9226    30.0
20230608.1900     0.7434     4.3765    93.9100    30.0
20230608.2000     0.7372     4.3231    95.2265    30.0
20230608.2100     0.7332     4.2698    96.6253    30.0
20230608.2200     0.7385     4.1902    99.1486    30.0
20230608.2300     0.7496     4.1910   100.5583    30.0
20230609.0000     0.7368     4.1892   100.9313    30.0
20230609.0100     0.7219     4.1899   101.1124    30.0
20230609.0200     0.7098     4.1796   101.3921    30.0
20230609.0300     0.6963     4.1775   101.3866    30.0
20230609.0400     0.6791     4.1913   100.9697    30.0
20230609.0500     0.6600     4.2117   100.3499    30.0
20230609.0600     0.6405     4.2355    99.5380    30.0
20230609.0700     0.6217     4.2595    98.6329    30.0
20230609.0800     0.6041     4.2769    97.7388    30.0
20230609.0900     0.5895     4.2801    96.8831    30.0
20230609.1000     0.5752     4.2811    96.0274    30.0
20230609.1100     0.5641     4.2664    95.3472    30.0
20230609.1200     0.5553     4.2395    94.5902    30.0
20230609.1300     0.5443     4.2278    94.0526    30.0
20230609.1400     0.5321     4.2264    93.7728    30.0
20230609.1500     0.5234     4.2034    93.7454    30.0
20230609.1600     0.5157     4.1740    93.8990    30.0
20230609.1700     0.5090     4.1435    94.3653    30.0
20230609.1800     0.5036     4.1052    95.1442    30.0
20230609.1900     0.5033     4.0403    96.5375    30.0
20230609.2000     0.5097     3.9444    98.5671    30.0
20230609.2100     0.5224     3.8403   101.0356    30.0
20230609.2200     0.5330     3.7724   102.8457    30.0
20230609.2300     0.5389     3.7408   103.8441    30.0
20230610.0000     0.5391     3.7330   104.4969    30.0
20230610.0100     0.5379     3.7319   104.9192    30.0
20230610.0200     0.5349     3.7369   105.1112    30.0
20230610.0300     0.5305     3.7493   105.0015    30.0
20230610.0400     0.5233     3.7723   104.7327    30.0
20230610.0500     0.5148     3.8033   104.3652    30.0
20230610.0600     0.5084     3.8226   104.0416    30.0
20230610.0700     0.5030     3.8383   103.6137    30.0
20230610.0800     0.4982     3.8511   102.9939    30.0
20230610.0900     0.4944     3.8587   102.3137    30.0
20230610.1000     0.4882     3.8758   101.1233    30.0
20230610.1100     0.4751     3.7940   100.2841    30.0
20230610.1200     0.4825     3.7419    99.7081    30.0
20230610.1300     0.4942     3.6867    99.5161    30.0
20230610.1400     0.5096     3.6396    99.4393    30.0
20230610.1500     0.5263     3.6093    99.3241    30.0
20230610.1600     0.5464     3.5890    99.0005    30.0
20230610.1700     0.5780     3.5685    98.8085    30.0
20230610.1800     0.6104     3.5785    99.0389    30.0
20230610.1900     0.6368     3.6138    99.6697    30.0
20230610.2000     0.6562     3.6582   100.7009    30.0
20230610.2100     0.6732     3.6998   102.1052    30.0
20230610.2200     0.7037     3.7215   104.2774    30.0
20230610.2300     0.7385     3.7540   106.4990    30.0
20230611.0000     0.7748     3.7990   108.3476    30.0
20230611.0100     0.8109     3.8541   109.5873    30.0
20230611.0200     0.8295     3.9223   110.0152    30.0
20230611.0300     0.8285     3.9928   109.8890    30.0
20230611.0400     0.8187     4.0535   109.5983    30.0
20230611.0500     0.8085     4.1025   109.1156    30.0
20230611.0600     0.7966     4.1493   108.2544    30.0
20230611.0700     0.7869     4.1866   107.1792    30.0
20230611.0800     0.7831     4.2087   106.0163    30.0
20230611.0900     0.7900     4.2093   104.8589    30.0
20230611.1000     0.8021     4.2124   103.3778    30.0
20230611.1100     0.8383     4.1908   102.3466    30.0
20230611.1200     0.8994     4.1794   101.6883    30.0
20230611.1300     0.9504     4.2239   100.7942    30.0
20230611.1400     0.9809     4.2952   100.1798    30.0
20230611.1500     1.0091     4.3604   100.0537    30.0
20230611.1600     1.0460     4.4135   100.5967    30.0
20230611.1700     1.0854     4.4715   101.1782    30.0
20230611.1800     1.1146     4.5438   101.0849    30.0
20230611.1900     1.1327     4.6224   100.4157    30.0
20230611.2000     1.1455     4.6942    99.8836    30.0
20230611.2100     1.1522     4.7605    99.4009    30.0
20230611.2200     1.1641     4.7981    99.1266    30.0
20230611.2300     1.2300     4.9729    98.7481    30.0
20230612.0000     1.2254     5.0055    98.4300    30.0
20230612.0100     1.2295     5.0193    98.0186    30.0
20230612.0200     1.2319     5.0326    97.5359    30.0
20230612.0300     1.2296     5.0408    97.2232    30.0
20230612.0400     1.2254     5.0421    97.1958    30.0
20230612.0500     1.2249     5.0341    97.1574    30.0
20230612.0600     1.2217     5.0342    96.7514    30.0
20230612.0700     1.2092     5.0510    96.0054    30.0
20230612.0800     1.1916     5.0698    95.1826    30.0
20230612.0900     1.1848     5.0655    94.4860    30.0
20230612.1000     1.1734     5.0622    93.5809    30.0
20230612.1100     1.1675     5.0460    92.6538    30.0
20230612.1200     1.1598     5.0319    91.9188    30.0
20230612.1300     1.1465     5.0240    91.7103    30.0
20230612.1400     1.1327     5.0128    91.7871    30.0
20230612.1500     1.1263     4.9835    92.1382    30.0
20230612.1600     1.1194     4.9582    92.6374    30.0
20230612.1700     1.1115     4.9346    93.5095    30.0
20230612.1800     1.1022     4.9130    94.4914    30.0
20230612.1900     1.0991     4.8782    95.6050    30.0
20230612.2000     1.1034     4.8348    96.7295    30.0
20230612.2100     1.1123     4.7932    97.7059    30.0
20230612.2200     1.1251     4.7588    98.2270    30.0
20230612.2300     1.1445     4.7317    98.3642    30.0
20230613.0000     1.1643     4.7213    98.0405    30.0
20230613.0100     1.1799     4.7255    97.5084    30.0
20230613.0200     1.1796     4.7476    96.9818    30.0
20230613.0300     1.1707     4.7703    96.4442    30.0
20230613.0400     1.1630     4.7812    95.9890    30.0
20230613.0500     1.1587     4.7816    95.7147    30.0
20230613.0600     1.1500     4.7828    95.5227    30.0
20230613.0700     1.1363     4.7813    95.7311    30.0
20230613.0800     1.1310     4.7595    96.2523    30.0
20230613.0900     1.1416     4.7197    96.8063    30.0
20230613.1000     1.1332     4.7149    96.6966    30.0
20230613.1100     1.2039     4.8386    96.5101    30.0
20230613.1200     1.1900     4.8303    96.1261    30.0
20230613.1300     1.1817     4.8162    95.7641    30.0
20230613.1400     1.1732     4.8039    95.5721    30.0
20230613.1500     1.1585     4.7935    95.6927    30.0
20230613.1600     1.1400     4.7796    95.9122    30.0
20230613.1700     1.1241     4.7567    96.2852    30.0
20230613.1800     1.1146     4.7219    96.8502    30.0
20230613.1900     1.1135     4.6780    97.8211    30.0
20230613.2000     1.1151     4.6389    98.9895    30.0
20230613.2100     1.1204     4.6051   100.2182    30.0
20230613.2200     1.1202     4.5846   101.3208    30.0
20230613.2300     1.1221     4.5698   101.8748    30.0
20230614.0000     1.1285     4.5560   102.2643    30.0
20230614.0100     1.1236     4.5576   102.4727    30.0
20230614.0200     1.1081     4.5650   102.5331    30.0
20230614.0300     1.0850     4.5724   102.5166    30.0
20230614.0400     1.0551     4.5809   102.4234    30.0
20230614.0500     1.0244     4.5863   102.2204    30.0
20230614.0600     0.9983     4.5818   101.7980    30.0
20230614.0700     0.9752     4.5721   101.2879    30.0
20230614.0800     0.9529     4.5622   101.1124    30.0
20230614.0900     0.9334     4.5462   101.5292    30.0
20230614.1000     0.8958     4.5884   100.7777    30.0
20230614.1100     0.8646     4.6119    99.9659    30.0
20230614.1200     0.8403     4.6131    99.2528    30.0
20230614.1300     0.8154     4.6243    98.3422    30.0
20230614.1400     0.7915     4.6376    97.4645    30.0
20230614.1500     0.7663     4.6635    96.6198    30.0
20230614.1600     0.7406     4.6992    95.8189    30.0
20230614.1700     0.7161     4.7357    95.0400    30.0
20230614.1800     0.6961     4.7458    94.4256    30.0
20230614.1900     0.6854     4.6978    94.1843    30.0
20230614.2000     0.6826     4.6072    94.6999    30.0
20230614.2100     0.6875     4.4889    96.2303    30.0
20230614.2200     0.6732     4.4827    96.6472    30.0
20230614.2300     0.7655     4.7656    97.4975    30.0
20230615.0000     0.7503     4.7612    97.6291    30.0
20230615.0100     0.7354     4.7517    97.6181    30.0
20230615.0200     0.7200     4.7398    97.4975    30.0
20230615.0300     0.7072     4.7064    97.4920    30.0
20230615.0400     0.6983     4.6481    97.6894    30.0
20230615.0500     0.6928     4.5718    97.7553    30.0
20230615.0600     0.6911     4.4847    97.7114    30.0
20230615.0700     0.6910     4.4011    97.6401    30.0
20230615.0800     0.6919     4.3236    97.6785    30.0
20230615.0900     0.6966     4.2460    97.5797    30.0
20230615.1000     0.6823     4.2420    96.5924    30.0
20230615.1100     0.6787     4.1957    95.9835    30.0
20230615.1200     0.6798     4.1437    95.3856    30.0
20230615.1300     0.6769     4.1168    94.9193    30.0
20230615.1400     0.6700     4.1098    94.3214    30.0
20230615.1500     0.6595     4.1182    93.8771    30.0
20230615.1600     0.6481     4.1323    93.6796    30.0
20230615.1700     0.6449     4.1139    93.4876    30.0
20230615.1800     0.6485     4.0794    93.3285    30.0
20230615.1900     0.6517     4.0569    93.3505    30.0
20230615.2000     0.6606     4.0244    93.7290    30.0
20230615.2100     0.6768     3.9826    94.6341    30.0
20230615.2200     0.6662     4.0297    94.5189    30.0
20230615.2300     0.6598     4.0512    94.7877    30.0
20230616.0000     0.6591     4.0465    95.3197    30.0
20230616.0100     0.6668     4.0146    95.9615    30.0
20230616.0200     0.6824     3.9722    96.2358    30.0
20230616.0300     0.6982     3.9428    96.1700    30.0
20230616.0400     0.6998     3.9502    95.9451    30.0
20230616.0500     0.6926     3.9697    95.7476    30.0
20230616.0600     0.6823     3.9871    95.4514    30.0
20230616.0700     0.6706     4.0021    95.1168    30.0
20230616.0800     0.6556     4.0225    94.8260    30.0
20230616.0900     0.6417     4.0340    94.6725    30.0
20230616.1000     0.6219     4.0676    94.3598    30.0
20230616.1100     0.6406     4.1886    94.1733    30.0
20230616.1200     0.6213     4.2066    93.7399    30.0
20230616.1300     0.6022     4.2308    93.2024    30.0
20230616.1400     0.5838     4.2590    92.7142    30.0
20230616.1500     0.5658     4.2942    92.2698    30.0
20230616.1600     0.5502     4.3195    91.9133    30.0
20230616.1700     0.5376     4.3279    91.6994    30.0
20230616.1800     0.5289     4.3120    91.7378    30.0
20230616.1900     0.5242     4.2712    92.1437    30.0
20230616.2000     0.5258     4.1918    93.1914    30.0
20230616.2100     0.5378     4.0652    94.9577    30.0
20230616.2200     0.5603     3.9281    96.7624    30.0
20230616.2300     0.5955     3.8024    97.9582    30.0
20230617.0000     0.6424     3.7147    98.4080    30.0
20230617.0100     0.6898     3.6897    97.9857    30.0
20230617.0200     0.7335     3.7083    97.2287    30.0
20230617.0300     0.7761     3.7518    96.2193    30.0
20230617.0400     0.8193     3.8095    95.2868    30.0
20230617.0500     0.8492     3.8772    94.6395    30.0
20230617.0600     0.8607     3.9428    94.1623    30.0
20230617.0700     0.8599     3.9968    93.6577    30.0
20230617.0800     0.8564     4.0348    93.0981    30.0
20230617.0900     0.8506     4.0621    92.5935    30.0
20230617.1000     0.8242     4.1013    91.5458    30.0
20230617.1100     0.8019     4.1195    90.7449    30.0
20230617.1200     0.7794     4.1351    90.2238    30.0
20230617.1300     0.7531     4.1580    89.9440    30.0
20230617.1400     0.7288     4.1723    89.8892    30.0
20230617.1500     0.7048     4.1877    89.6862    30.0
20230617.1600     0.6825     4.1993    89.4613    30.0
20230617.1700     0.6649     4.1918    89.2912    30.0
20230617.1800     0.6531     4.1622    89.1815    30.0
20230617.1900     0.6453     4.1219    89.1706    30.0
20230617.2000     0.6389     4.0834    89.3900    30.0
20230617.2100     0.6357     4.0402    89.8892    30.0
20230617.2200     0.6328     4.0017    90.4487    30.0
20230617.2300     0.6658     4.0404    91.2276    30.0
20230618.0000     0.6676     3.9841    91.8529    30.0
20230618.0100     0.6701     3.9388    92.4179    30.0
20230618.0200     0.6740     3.9027    92.7580    30.0
20230618.0300     0.6832     3.8674    92.8568    30.0
20230618.0400     0.6985     3.8358    92.8732    30.0
20230618.0500     0.7165     3.8178    92.6648    30.0
20230618.0600     0.7268     3.8221    92.2040    30.0
20230618.0700     0.7193     3.8487    91.6390    30.0
20230618.0800     0.7001     3.8831    91.2386    30.0
20230618.0900     0.6763     3.9156    91.0301    30.0
20230618.1000     0.6392     3.9918    90.9259    30.0
20230618.1100     0.6122     4.0313    90.9314    30.0
20230618.1200     0.5927     4.0401    91.0027    30.0
20230618.1300     0.5781     4.0338    91.0905    30.0
20230618.1400     0.5673     4.0179    91.2276    30.0
20230618.1500     0.5607     3.9899    91.1837    30.0
20230618.1600     0.5536     3.9728    91.0466    30.0
20230618.1700     0.5462     3.9633    90.8820    30.0
20230618.1800     0.5427     3.9361    90.5474    30.0
20230618.1900     0.5400     3.9121    90.1634    30.0
20230618.2000     0.5333     3.9110    90.0921    30.0
20230618.2100     0.5238     3.9235    90.3774    30.0
20230618.2200     0.5120     3.9428    91.0137    30.0
20230618.2300     0.5044     3.9426    91.4306    30.0
20230619.0000     0.4960     3.9500    91.5512    30.0
20230619.0100     0.4845     3.9759    91.5732    30.0
20230619.0200     0.4716     4.0131    91.6280    30.0
20230619.0300     0.4596     4.0438    91.6664    30.0
20230619.0400     0.4486     4.0649    91.7652    30.0
20230619.0500     0.4395     4.0747    91.9078    30.0
20230619.0600     0.4316     4.0741    92.2973    30.0
20230619.0700     0.4242     4.0723    92.8348    30.0
20230619.0800     0.4165     4.0723    93.2353    30.0
20230619.0900     0.4098     4.0624    93.5863    30.0
20230619.1000     0.3965     4.1145    93.5041    30.0
20230619.1100     0.3898     4.1066    93.0927    30.0
20230619.1200     0.3855     4.0781    92.4234    30.0
20230619.1300     0.3793     4.0676    91.9517    30.0
20230619.1400     0.3716     4.0780    91.7707    30.0
20230619.1500     0.3632     4.0978    91.6719    30.0
20230619.1600     0.3562     4.1053    91.6226    30.0
20230619.1700     0.3502     4.1014    91.6719    30.0
20230619.1800     0.3453     4.0852    91.9791    30.0
20230619.1900     0.3423     4.0520    92.8568    30.0
20230619.2000     0.3405     4.0069    94.0745    30.0
20230619.2100     0.3391     3.9619    95.1223    30.0
20230619.2200     0.3360     3.9226    96.2632    30.0
20230619.2300     0.3338     3.8903    96.5540    30.0
20230620.0000     0.3319     3.8583    96.8337    30.0
20230620.0100     0.3296     3.8319    96.9818    30.0
20230620.0200     0.3268     3.8138    97.0696    30.0
20230620.0300     0.3231     3.8082    96.7569    30.0
20230620.0400     0.3190     3.8079    96.2907    30.0
20230620.0500     0.3165     3.7882    95.5666    30.0
20230620.0600     0.3145     3.7682    94.5189    30.0
20230620.0700     0.3129     3.7451    93.7454    30.0
20230620.0800     0.3133     3.7054    92.7526    30.0
20230620.0900     0.3146     3.6613    91.5677    30.0
20230620.1000     0.3118     3.6535    90.4103    30.0
20230620.1100     0.3224     3.5522    90.6736    30.0
20230620.1200     0.3413     3.4268    91.2276    30.0
20230620.1300     0.3626     3.3286    91.7871    30.0
20230620.1400     0.3867     3.2543    92.7361    30.0
20230620.1500     0.4186     3.1969    93.3505    30.0
20230620.1600     0.4594     3.1682    93.6302    30.0
20230620.1700     0.5114     3.1757    94.1568    30.0
20230620.1800     0.5586     3.2209    95.2210    30.0
20230620.1900     0.5958     3.2795    96.8173    30.0
20230620.2000     0.6304     3.3386    98.8194    30.0
20230620.2100     0.6630     3.4000   100.8655    30.0
20230620.2200     0.6619     3.4672   102.5605    30.0
20230620.2300     0.6909     3.5897   103.8276    30.0
20230621.0000     0.6820     3.6261   104.3817    30.0
20230621.0100     0.6745     3.6528   104.6066    30.0
20230621.0200     0.6688     3.6731   104.7876    30.0
20230621.0300     0.6636     3.6938   104.7711    30.0
20230621.0400     0.6602     3.7125   104.6011    30.0
20230621.0500     0.6568     3.7338   104.1458    30.0
20230621.0600     0.6537     3.7557   103.4656    30.0
20230621.0700     0.6504     3.7778   102.7141    30.0
20230621.0800     0.6481     3.7952   102.1491    30.0
20230621.0900     0.6473     3.8078   101.5731    30.0
20230621.1000     0.6299     3.8677   100.1908    30.0
20230621.1100     0.6205     3.8919    98.6933    30.0
20230621.1200     0.6231     3.8736    96.9983    30.0
20230621.1300     0.6385     3.8306    95.3581    30.0
20230621.1400     0.6718     3.7812    93.7125    30.0
20230621.1500     0.7038     3.7711    91.8804    30.0
20230621.1600     0.7270     3.7880    90.2567    30.0
20230621.1700     0.7394     3.8185    89.1431    30.0
20230621.1800     0.7446     3.8479    88.3094    30.0
20230621.1900     0.7476     3.8697    87.8541    30.0
20230621.2000     0.7559     3.8771    87.8980    30.0
20230621.2100     0.7722     3.8766    88.2874    30.0
20230621.2200     0.7725     3.8947    88.9896    30.0
20230621.2300     0.7752     3.9013    89.9824    30.0
20230622.0000     0.7836     3.8993    91.4141    30.0
20230622.0100     0.7953     3.8980    92.9061    30.0
20230622.0200     0.8034     3.9057    94.2665    30.0
20230622.0300     0.7977     3.9265    95.1552    30.0
20230622.0400     0.7830     3.9483    95.8793    30.0
20230622.0500     0.7636     3.9686    96.4004    30.0
20230622.0600     0.7461     3.9799    96.8282    30.0
20230622.0700     0.7295     3.9899    96.8995    30.0
20230622.0800     0.7158     3.9951    96.5540    30.0
20230622.0900     0.7086     3.9885    95.8463    30.0
20230622.1000     0.6887     4.0224    94.8535    30.0
20230622.1100     0.6703     4.0539    93.7399    30.0
20230622.1200     0.6545     4.0751    92.5167    30.0
20230622.1300     0.6447     4.0715    91.1782    30.0
20230622.1400     0.6393     4.0523    90.0482    30.0
20230622.1500     0.6394     4.0188    89.2199    30.0
20230622.1600     0.6438     3.9808    88.7756    30.0
20230622.1700     0.6554     3.9324    88.6604    30.0
20230622.1800     0.6748     3.8846    88.8085    30.0
20230622.1900     0.6943     3.8578    89.1267    30.0
20230622.2000     0.7078     3.8534    89.7191    30.0
20230622.2100     0.7112     3.8648    90.5364    30.0
20230622.2200     0.7032     3.8834    91.3647    30.0
20230622.2300     0.6960     3.8862    92.3466    30.0
20230623.0000     0.6823     3.8928    93.2901    30.0
20230623.0100     0.6641     3.9007    94.1404    30.0
20230623.0200     0.6445     3.9048    94.8974    30.0
20230623.0300     0.6242     3.9065    95.3691    30.0
20230623.0400     0.6043     3.9073    95.5885    30.0
20230623.0500     0.5870     3.8967    95.6927    30.0
20230623.0600     0.5722     3.8785    95.7092    30.0
20230623.0700     0.5564     3.8689    95.6873    30.0
20230623.0800     0.5392     3.8691    95.6598    30.0
20230623.0900     0.5228     3.8669    95.7421    30.0
20230623.1000     0.5069     3.8608    95.6434    30.0
20230623.1100     0.4941     3.8232    95.4843    30.0
20230623.1200     0.4880     3.7736    95.2539    30.0
20230623.1300     0.4851     3.7202    94.8480    30.0
20230623.1400     0.4806     3.6856    94.4421    30.0
20230623.1500     0.4809     3.6361    93.9648    30.0
20230623.1600     0.4893     3.5681    93.6631    30.0
20230623.1700     0.5053     3.5040    93.8387    30.0
20230623.1800     0.5205     3.4680    94.4476    30.0
20230623.1900     0.5366     3.4480    95.2210    30.0
20230623.2000     0.5487     3.4467    96.3291    30.0
20230623.2100     0.5565     3.4545    97.7608    30.0
20230623.2200     0.5602     3.4652    99.0882    30.0
20230623.2300     0.5667     3.4831   100.4322    30.0
20230624.0000     0.5673     3.4945   101.6390    30.0
20230624.0100     0.5641     3.5094   102.5879    30.0
20230624.0200     0.5610     3.5188   103.4821    30.0
20230624.0300     0.5574     3.5295   103.8880    30.0
20230624.0400     0.5541     3.5389   103.9867    30.0
20230624.0500     0.5466     3.5601   103.5972    30.0
20230624.0600     0.5350     3.5919   102.7360    30.0
20230624.0700     0.5234     3.6220   101.6335    30.0
20230624.0800     0.5139     3.6423   100.5309    30.0
20230624.0900     0.5061     3.6562    99.3899    30.0
20230624.1000     0.5068     3.6318    96.7843    30.0
20230624.1100     0.5101     3.6095    94.7273    30.0
20230624.1200     0.5131     3.5971    93.0981    30.0
20230624.1300     0.5154     3.5923    91.7707    30.0
20230624.1400     0.5163     3.5956    91.0411    30.0
20230624.1500     0.5158     3.6043    90.5584    30.0
20230624.1600     0.5114     3.6256    90.4432    30.0
20230624.1700     0.5024     3.6626    90.6297    30.0
20230624.1800     0.4920     3.7005    90.9204    30.0
20230624.1900     0.4855     3.7150    91.3044    30.0
20230624.2000     0.4860     3.6940    92.2698    30.0
20230624.2100     0.4872     3.6775    93.2298    30.0
20230624.2200     0.4889     3.6573    94.7877    30.0
20230624.2300     0.4985     3.6160    96.1590    30.0
20230625.0000     0.5124     3.5761    97.2451    30.0
20230625.0100     0.5240     3.5597    97.7937    30.0
20230625.0200     0.5328     3.5552    98.3642    30.0
20230625.0300     0.5426     3.5500    98.8249    30.0
20230625.0400     0.5523     3.5496    98.9072    30.0
20230625.0500     0.5545     3.5689    98.4080    30.0
20230625.0600     0.5440     3.6166    97.3713    30.0
20230625.0700     0.5281     3.6713    96.3071    30.0
20230625.0800     0.5120     3.7201    95.3526    30.0
20230625.0900     0.4979     3.7608    94.5573    30.0
20230625.1000     0.4859     3.7814    93.2627    30.0
20230625.1100     0.4805     3.7754    92.1162    30.0
20230625.1200     0.4760     3.7660    91.2112    30.0
20230625.1300     0.4745     3.7442    90.3335    30.0
20230625.1400     0.4778     3.7069    89.4613    30.0
20230625.1500     0.4847     3.6655    88.7208    30.0
20230625.1600     0.4869     3.6557    88.1283    30.0
20230625.1700     0.4825     3.6757    87.8760    30.0
20230625.1800     0.4729     3.7165    87.9528    30.0
20230625.1900     0.4602     3.7715    88.1558    30.0
20230625.2000     0.4479     3.8255    88.4136    30.0
20230625.2100     0.4384     3.8599    88.8689    30.0
20230625.2200     0.4317     3.8672    90.1141    30.0
20230625.2300     0.4310     3.8426    91.6884    30.0
20230626.0000     0.4321     3.8092    93.4163    30.0
20230626.0100     0.4322     3.7849    94.6670    30.0
20230626.0200     0.4323     3.7640    95.8354    30.0
20230626.0300     0.4300     3.7600    96.5101    30.0
20230626.0400     0.4243     3.7775    96.6198    30.0
20230626.0500     0.4145     3.8210    96.1151    30.0
20230626.0600     0.4037     3.8699    95.4624    30.0
20230626.0700     0.3938     3.9066    94.9248    30.0
20230626.0800     0.3855     3.9303    94.4914    30.0
20230626.0900     0.3776     3.9471    94.0800    30.0
20230626.1000     0.3655     3.9926    93.3066    30.0
20230626.1100     0.3517     3.9456    93.0049    30.0
20230626.1200     0.3434     3.9124    92.8842    30.0
20230626.1300     0.3355     3.8755    92.9720    30.0
20230626.1400     0.3283     3.8334    93.2682    30.0
20230626.1500     0.3215     3.7948    93.6741    30.0
20230626.1600     0.3158     3.7537    94.1623    30.0
20230626.1700     0.3150     3.6747    96.1371    30.0
20230626.1800     0.3153     3.5973    98.7536    30.0
20230626.1900     0.3175     3.5196   102.3575    30.0
20230626.2000     0.3212     3.4485   106.8611    30.0
20230626.2100     0.3211     3.4176   109.7135    30.0
20230626.2200     0.3178     3.4122   112.0174    30.0
20230626.2300     0.3177     3.3929   112.8567    30.0
20230627.0000     0.3214     3.3480   114.1732    30.0
20230627.0100     0.3249     3.3099   115.0618    30.0
20230627.0200     0.3290     3.2740   116.1479    30.0
20230627.0300     0.3278     3.2752   116.2905    30.0
20230627.0400     0.3264     3.2780   116.2412    30.0
20230627.0500     0.3235     3.2932   115.7420    30.0
20230627.0600     0.3199     3.3155   114.9740    30.0
20230627.0700     0.3170     3.3405   113.8111    30.0
20230627.0800     0.3156     3.3588   112.4782    30.0
20230627.0900     0.3153     3.3756   111.0739    30.0
20230627.1000     0.3115     3.4083   108.4957    30.0
20230627.1100     0.3173     3.3921   106.5649    30.0
20230627.1200     0.3252     3.3706   104.8479    30.0
20230627.1300     0.3397     3.3217   102.5386    30.0
20230627.1400     0.3593     3.2726   100.7723    30.0
20230627.1500     0.3819     3.2449    99.9659    30.0
20230627.1600     0.4027     3.2551    99.8178    30.0
20230627.1700     0.4174     3.2911   100.5309    30.0
20230627.1800     0.4288     3.3359   101.3811    30.0
20230627.1900     0.4399     3.3798   102.0558    30.0
20230627.2000     0.4513     3.4227   102.4343    30.0
20230627.2100     0.4623     3.4674   102.5605    30.0
20230627.2200     0.4724     3.5084   102.7031    30.0
20230627.2300     0.4876     3.5331   103.1090    30.0
20230628.0000     0.4990     3.5665   103.1584    30.0
20230628.0100     0.5076     3.5960   103.0377    30.0
20230628.0200     0.5167     3.6099   103.1474    30.0
20230628.0300     0.5235     3.6209   103.3394    30.0
20230628.0400     0.5288     3.6243   103.6960    30.0
20230628.0500     0.5278     3.6369   103.8222    30.0
20230628.0600     0.5200     3.6615   103.5972    30.0
20230628.0700     0.5056     3.7012   102.8841    30.0
20230628.0800     0.4903     3.7346   102.1217    30.0
20230628.0900     0.4761     3.7547   101.3921    30.0
20230628.1000     0.4603     3.7760   100.5638    30.0
20230628.1100     0.4522     3.7545    99.7684    30.0
20230628.1200     0.4472     3.7169    98.9401    30.0
20230628.1300     0.4463     3.6618    98.1831    30.0
20230628.1400     0.4470     3.6130    97.7169    30.0
20230628.1500     0.4480     3.5779    97.4426    30.0
20230628.1600     0.4500     3.5482    97.3493    30.0
20230628.1700     0.4559     3.5141    97.8759    30.0
20230628.1800     0.4632     3.4856    98.8304    30.0
20230628.1900     0.4715     3.4668   100.0646    30.0
20230628.2000     0.4784     3.4612   101.4799    30.0
20230628.2100     0.4830     3.4701   102.8073    30.0
20230628.2200     0.4864     3.4758   104.5682    30.0
20230628.2300     0.4901     3.4908   105.6433    30.0
20230629.0000     0.4946     3.5019   106.7788    30.0
20230629.0100     0.4962     3.5207   107.5852    30.0
20230629.0200     0.4933     3.5480   108.0953    30.0
20230629.0300     0.4867     3.5831   108.1172    30.0
20230629.0400     0.4780     3.6190   108.0185    30.0
20230629.0500     0.4670     3.6606   107.6071    30.0
20230629.0600     0.4554     3.6999   107.0311    30.0
20230629.0700     0.4430     3.7432   106.1864    30.0
20230629.0800     0.4311     3.7858   105.2155    30.0
20230629.0900     0.4208     3.8185   104.3323    30.0
20230629.1000     0.4075     3.8650   103.1639    30.0
20230629.1100     0.4040     3.8793   102.2807    30.0
20230629.1200     0.4028     3.8662   101.0685    30.0
20230629.1300     0.4060     3.8208    99.8178    30.0
20230629.1400     0.4082     3.7885    98.9785    30.0
20230629.1500     0.4109     3.7623    98.4629    30.0
20230629.1600     0.4156     3.7287    98.3477    30.0
20230629.1700     0.4240     3.6775    98.5891    30.0
20230629.1800     0.4297     3.6554    98.7042    30.0
20230629.1900     0.4316     3.6592    98.6713    30.0
20230629.2000     0.4375     3.6374    99.4064    30.0
20230629.2100     0.4486     3.5944   100.6790    30.0
20230629.2200     0.4549     3.5794   101.6664    30.0
20230629.2300     0.4578     3.5924   101.5841    30.0
20230630.0000     0.4592     3.6062   101.2659    30.0
20230630.0100     0.4632     3.6036   101.2659    30.0
20230630.0200     0.4650     3.6092   101.1343    30.0
20230630.0300     0.4652     3.6189   100.8710    30.0
20230630.0400     0.4634     3.6319   100.5638    30.0
20230630.0500     0.4578     3.6563    99.9494    30.0
20230630.0600     0.4493     3.6872    99.1760    30.0
20230630.0700     0.4401     3.7147    98.4739    30.0
20230630.0800     0.4309     3.7375    97.8759    30.0
20230630.0900     0.4224     3.7500    97.3713    30.0
20230630.1000     0.4132     3.7569    96.9434    30.0
20230630.1100     0.4111     3.7241    96.6637    30.0
20230630.1200     0.4094     3.6919    96.7185    30.0
20230630.1300     0.4090     3.6554    96.7734    30.0
20230630.1400     0.4117     3.6072    96.8337    30.0
20230630.1500     0.4166     3.5589    96.8173    30.0
20230630.1600     0.4211     3.5256    96.8721    30.0
20230630.1700     0.4305     3.4765    97.6785    30.0
20230630.1800     0.4420     3.4364    98.8633    30.0
20230630.1900     0.4517     3.4189   100.1195    30.0
20230630.2000     0.4616     3.4095   101.6006    30.0
20230630.2100     0.4711     3.4090   103.1694    30.0
20230630.2200     0.4726     3.4350   103.7618    30.0
20230630.2300     0.4868     3.5034   104.1074    30.0
