TPAR
20230501.0000     0.2297     3.3205   102.5495    30.0
20230501.0100     0.2274     3.3167   102.0010    30.0
20230501.0200     0.2248     3.3207   101.5073    30.0
20230501.0300     0.2225     3.3189   100.9862    30.0
20230501.0400     0.2210     3.3081   100.2950    30.0
20230501.0500     0.2205     3.2844    99.3406    30.0
20230501.0600     0.2204     3.2551    98.1612    30.0
20230501.0700     0.2191     3.2434    97.3329    30.0
20230501.0800     0.2186     3.2187    96.9105    30.0
20230501.0900     0.2214     3.1580    97.6675    30.0
20230501.1000     0.2086     3.2300   100.3005    30.0
20230501.1100     0.2108     3.1729   100.7119    30.0
20230501.1200     0.2125     3.1299   101.5073    30.0
20230501.1300     0.2165     3.0783   103.3888    30.0
20230501.1400     0.2256     2.9655   106.9982    30.0
20230501.1500     0.2279     2.9434   106.9927    30.0
20230501.1600     0.2276     2.9455   106.8282    30.0
20230501.1700     0.2270     2.9551   106.9104    30.0
20230501.1800     0.2290     2.9386   107.2505    30.0
20230501.1900     0.2336     2.9215   108.2654    30.0
20230501.2000     0.2458     2.8734   111.1507    30.0
20230501.2100     0.2531     2.8651   113.6575    30.0
20230501.2200     0.2422     2.9390   110.7557    30.0
20230501.2300     0.2407     2.9654   110.4595    30.0
20230502.0000     0.2396     2.9927   110.4540    30.0
20230502.0100     0.2497     2.9400   113.3174    30.0
20230502.0200     0.2603     2.9076   115.4897    30.0
20230502.0300     0.2711     2.8943   115.4513    30.0
20230502.0400     0.2866     2.8819   113.8769    30.0
20230502.0500     0.2937     2.9146   111.9954    30.0
20230502.0600     0.2961     2.9637   110.8270    30.0
20230502.0700     0.2994     3.0041   109.0827    30.0
20230502.0800     0.3020     3.0445   107.6181    30.0
20230502.0900     0.3049     3.0771   106.9104    30.0
20230502.1000     0.2978     3.1512   105.5939    30.0
20230502.1100     0.3017     3.1760   105.3581    30.0
20230502.1200     0.3064     3.1926   105.1387    30.0
20230502.1300     0.3120     3.2035   105.2155    30.0
20230502.1400     0.3181     3.2167   105.0673    30.0
20230502.1500     0.3263     3.2231   104.5627    30.0
20230502.1600     0.3375     3.2167   104.4310    30.0
20230502.1700     0.3505     3.2110   104.3323    30.0
20230502.1800     0.3647     3.2129   104.3378    30.0
20230502.1900     0.3755     3.2446   104.3817    30.0
20230502.2000     0.3900     3.2674   104.4639    30.0
20230502.2100     0.4182     3.2555   103.3504    30.0
20230502.2200     0.4579     3.2384   102.1491    30.0
20230502.2300     0.4965     3.2731   103.4601    30.0
20230503.0000     0.5281     3.3217   103.9264    30.0
20230503.0100     0.5498     3.3840   105.0728    30.0
20230503.0200     0.5575     3.4658   106.2138    30.0
20230503.0300     0.5516     3.5698   106.6910    30.0
20230503.0400     0.5469     3.6602   106.9763    30.0
20230503.0500     0.5474     3.7278   107.2889    30.0
20230503.0600     0.5527     3.7734   107.7278    30.0
20230503.0700     0.5582     3.8194   108.2379    30.0
20230503.0800     0.5580     3.8893   108.4135    30.0
20230503.0900     0.5572     3.9521   108.5341    30.0
20230503.1000     0.5561     4.0042   108.6548    30.0
20230503.1100     0.5607     4.0330   108.7097    30.0
20230503.1200     0.5629     4.0595   108.5890    30.0
20230503.1300     0.5654     4.0827   108.4409    30.0
20230503.1400     0.5646     4.1265   108.3970    30.0
20230503.1500     0.5642     4.1662   108.3751    30.0
20230503.1600     0.5636     4.2095   108.3421    30.0
20230503.1700     0.5658     4.2300   108.2928    30.0
20230503.1800     0.5688     4.2449   108.1776    30.0
20230503.1900     0.5694     4.2742   108.1776    30.0
20230503.2000     0.5697     4.3032   108.2928    30.0
20230503.2100     0.5713     4.3178   108.4464    30.0
20230503.2200     0.5731     4.3198   108.6054    30.0
20230503.2300     0.5763     4.3137   108.8194    30.0
20230504.0000     0.5822     4.2853   109.0114    30.0
20230504.0100     0.5900     4.2446   109.0937    30.0
20230504.0200     0.5989     4.2017   108.9730    30.0
20230504.0300     0.6044     4.1796   108.5396    30.0
20230504.0400     0.6039     4.1857   108.2544    30.0
20230504.0500     0.5980     4.2132   108.2105    30.0
20230504.0600     0.5887     4.2534   108.2544    30.0
20230504.0700     0.5770     4.3001   108.3367    30.0
20230504.0800     0.5661     4.3380   108.4189    30.0
20230504.0900     0.5560     4.3624   108.5122    30.0
20230504.1000     0.5469     4.3697   108.6658    30.0
20230504.1100     0.5401     4.3619   108.7755    30.0
20230504.1200     0.5336     4.3545   108.8249    30.0
20230504.1300     0.5269     4.3485   108.8687    30.0
20230504.1400     0.5213     4.3374   108.9455    30.0
20230504.1500     0.5155     4.3306   109.1156    30.0
20230504.1600     0.5125     4.3063   109.4831    30.0
20230504.1700     0.5120     4.2697   110.0701    30.0
20230504.1800     0.5135     4.2270   110.9587    30.0
20230504.1900     0.5195     4.1595   112.1600    30.0
20230504.2000     0.5357     4.0487   113.6082    30.0
20230504.2100     0.5558     3.9535   114.7546    30.0
20230504.2200     0.5653     3.9247   115.4951    30.0
20230504.2300     0.5755     3.8984   116.0108    30.0
20230505.0000     0.5814     3.8922   116.1205    30.0
20230505.0100     0.5851     3.8928   116.0766    30.0
20230505.0200     0.5890     3.8903   115.9943    30.0
20230505.0300     0.5942     3.8840   115.5829    30.0
20230505.0400     0.5989     3.8801   114.8753    30.0
20230505.0500     0.5995     3.8933   114.0305    30.0
20230505.0600     0.5999     3.9043   113.1748    30.0
20230505.0700     0.5997     3.9168   112.5111    30.0
20230505.0800     0.6008     3.9239   111.9735    30.0
20230505.0900     0.6063     3.9139   111.5347    30.0
20230505.1000     0.6039     3.9351   110.6735    30.0
20230505.1100     0.6019     3.9518   110.2456    30.0
20230505.1200     0.5954     3.9851   110.0646    30.0
20230505.1300     0.5860     4.0284   109.9384    30.0
20230505.1400     0.5743     4.0807   109.8013    30.0
20230505.1500     0.5627     4.1283   109.6312    30.0
20230505.1600     0.5536     4.1566   109.4502    30.0
20230505.1700     0.5479     4.1568   109.2692    30.0
20230505.1800     0.5429     4.1504   109.0443    30.0
20230505.1900     0.5343     4.1668   108.7865    30.0
20230505.2000     0.5248     4.1847   108.5396    30.0
20230505.2100     0.5170     4.1876   108.4080    30.0
20230505.2200     0.5263     4.0638   109.3076    30.0
20230505.2300     0.5485     3.9122   110.0865    30.0
20230506.0000     0.5706     3.8170   110.3608    30.0
20230506.0100     0.5769     3.8021   110.0920    30.0
20230506.0200     0.5801     3.7961   109.6861    30.0
20230506.0300     0.5841     3.7866   109.4228    30.0
20230506.0400     0.5777     3.8159   109.1595    30.0
20230506.0500     0.5641     3.8705   108.7371    30.0
20230506.0600     0.5499     3.9196   108.2270    30.0
20230506.0700     0.5378     3.9510   107.7552    30.0
20230506.0800     0.5264     3.9735   107.3273    30.0
20230506.0900     0.5175     3.9781   107.0586    30.0
20230506.1000     0.5163     3.9317   106.8227    30.0
20230506.1100     0.5317     3.9365   106.7953    30.0
20230506.1200     0.5384     3.8648   107.1518    30.0
20230506.1300     0.5530     3.7804   107.8265    30.0
20230506.1400     0.5701     3.7193   108.0185    30.0
20230506.1500     0.5823     3.6983   107.7936    30.0
20230506.1600     0.5869     3.7066   107.4700    30.0
20230506.1700     0.5817     3.7421   106.9982    30.0
20230506.1800     0.5712     3.7873   106.4497    30.0
20230506.1900     0.5609     3.8222   106.0273    30.0
20230506.2000     0.5525     3.8395   105.8682    30.0
20230506.2100     0.5455     3.8457   105.8243    30.0
20230506.2200     0.5370     3.8534   105.6323    30.0
20230506.2300     0.5317     3.8465   105.3087    30.0
20230507.0000     0.5331     3.8060   105.3416    30.0
20230507.0100     0.5389     3.7570   105.5830    30.0
20230507.0200     0.5415     3.7324   105.9340    30.0
20230507.0300     0.5413     3.7240   106.1535    30.0
20230507.0400     0.5386     3.7274   106.1205    30.0
20230507.0500     0.5322     3.7472   105.9011    30.0
20230507.0600     0.5205     3.7910   105.6433    30.0
20230507.0700     0.5094     3.8320   105.5665    30.0
20230507.0800     0.5040     3.8400   105.8134    30.0
20230507.0900     0.5092     3.7903   106.8227    30.0
20230507.1000     0.5146     3.7519   107.6181    30.0
20230507.1100     0.5256     3.7089   108.6493    30.0
20230507.1200     0.5319     3.7059   109.1759    30.0
20230507.1300     0.5394     3.7005   109.5764    30.0
20230507.1400     0.5475     3.6999   110.0317    30.0
20230507.1500     0.5543     3.7101   110.5583    30.0
20230507.1600     0.5597     3.7240   111.1452    30.0
20230507.1700     0.5661     3.7336   111.8144    30.0
20230507.1800     0.5724     3.7401   112.5604    30.0
20230507.1900     0.5804     3.7382   113.4491    30.0
20230507.2000     0.5909     3.7286   114.6559    30.0
20230507.2100     0.5992     3.7301   115.5884    30.0
20230507.2200     0.6092     3.7217   116.3344    30.0
20230507.2300     0.6124     3.7395   116.3893    30.0
20230508.0000     0.6106     3.7664   115.8572    30.0
20230508.0100     0.6047     3.8000   115.1496    30.0
20230508.0200     0.5940     3.8452   114.5571    30.0
20230508.0300     0.5818     3.8926   114.0086    30.0
20230508.0400     0.5701     3.9324   113.5149    30.0
20230508.0500     0.5572     3.9784   113.0267    30.0
20230508.0600     0.5442     4.0222   112.5385    30.0
20230508.0700     0.5326     4.0539   112.0393    30.0
20230508.0800     0.5234     4.0698   111.5018    30.0
20230508.0900     0.5189     4.0504   110.7502    30.0
20230508.1000     0.5091     4.0716   109.9987    30.0
20230508.1100     0.5051     4.0586   109.3186    30.0
20230508.1200     0.5034     4.0336   108.5561    30.0
20230508.1300     0.5014     4.0119   107.8101    30.0
20230508.1400     0.5009     3.9819   107.1134    30.0
20230508.1500     0.4987     3.9656   106.4771    30.0
20230508.1600     0.4909     3.9889   105.9560    30.0
20230508.1700     0.4817     4.0208   105.5610    30.0
20230508.1800     0.4736     4.0434   105.2922    30.0
20230508.1900     0.4677     4.0450   105.2977    30.0
20230508.2000     0.4624     4.0408   105.4733    30.0
20230508.2100     0.4582     4.0271   105.8737    30.0
20230508.2200     0.4637     3.9408   107.1628    30.0
20230508.2300     0.4663     3.8903   107.2889    30.0
20230509.0000     0.4585     3.9156   107.1079    30.0
20230509.0100     0.4478     3.9597   106.7953    30.0
20230509.0200     0.4390     3.9893   106.5429    30.0
20230509.0300     0.4320     3.9996   106.3893    30.0
20230509.0400     0.4270     3.9977   106.5594    30.0
20230509.0500     0.4249     3.9701   106.9872    30.0
20230509.0600     0.4225     3.9468   107.4316    30.0
20230509.0700     0.4199     3.9300   108.0624    30.0
20230509.0800     0.4170     3.9162   108.6713    30.0
20230509.0900     0.4208     3.8553   109.8836    30.0
20230509.1000     0.4113     3.8977   110.0591    30.0
20230509.1100     0.4091     3.8871   110.6021    30.0
20230509.1200     0.4094     3.8603   111.0519    30.0
20230509.1300     0.4119     3.8197   111.3646    30.0
20230509.1400     0.4191     3.7559   111.4688    30.0
20230509.1500     0.4356     3.6501   111.6334    30.0
20230509.1600     0.4526     3.5779   111.8912    30.0
20230509.1700     0.4654     3.5446   112.7140    30.0
20230509.1800     0.4766     3.5270   114.1183    30.0
20230509.1900     0.4899     3.5059   115.5390    30.0
20230509.2000     0.5104     3.4758   116.8775    30.0
20230509.2100     0.5404     3.4527   117.3876    30.0
20230509.2200     0.5422     3.5109   117.0091    30.0
20230509.2300     0.5667     3.5211   116.5429    30.0
20230510.0000     0.6130     3.5297   115.3909    30.0
20230510.0100     0.6763     3.5760   112.9938    30.0
20230510.0200     0.7128     3.6798   111.7212    30.0
20230510.0300     0.7146     3.7947   111.4634    30.0
20230510.0400     0.7138     3.8875   111.3536    30.0
20230510.0500     0.7084     3.9726   111.4304    30.0
20230510.0600     0.7035     4.0391   110.9532    30.0
20230510.0700     0.6994     4.0987   110.3334    30.0
20230510.0800     0.6921     4.1622   109.8945    30.0
20230510.0900     0.6833     4.2249   109.7300    30.0
20230510.1000     0.6698     4.3019   110.2840    30.0
20230510.1100     0.6615     4.3492   110.9642    30.0
20230510.1200     0.6581     4.3550   111.3701    30.0
20230510.1300     0.6662     4.2923   111.5018    30.0
20230510.1400     0.6850     4.2016   111.4414    30.0
20230510.1500     0.7190     4.0953   110.7996    30.0
20230510.1600     0.7704     4.0094   109.3734    30.0
20230510.1700     0.8219     3.9927   108.4409    30.0
20230510.1800     0.8410     4.0574   108.3970    30.0
20230510.1900     0.8406     4.1532   109.0443    30.0
20230510.2000     0.8428     4.2143   109.0827    30.0
20230510.2100     0.8630     4.2110   106.8391    30.0
20230510.2200     0.8661     4.2343   105.1112    30.0
20230510.2300     0.9722     4.4872   103.7728    30.0
20230511.0000     0.9478     4.5474   103.6411    30.0
20230511.0100     0.9187     4.5955   103.4546    30.0
20230511.0200     0.8921     4.6154   102.7525    30.0
20230511.0300     0.8721     4.5957   101.3427    30.0
20230511.0400     0.8512     4.5773   100.2127    30.0
20230511.0500     0.8252     4.5782    99.9110    30.0
20230511.0600     0.8013     4.5714    99.9330    30.0
20230511.0700     0.7825     4.5439   100.0975    30.0
20230511.0800     0.7688     4.4986   100.3444    30.0
20230511.0900     0.7533     4.4711   100.9149    30.0
20230511.1000     0.7401     4.4373   102.4453    30.0
20230511.1100     0.7384     4.3606   104.2720    30.0
20230511.1200     0.7551     4.2403   106.8172    30.0
20230511.1300     0.7937     4.1161   109.5215    30.0
20230511.1400     0.8374     4.0541   111.2878    30.0
20230511.1500     0.8636     4.0609   111.7431    30.0
20230511.1600     0.8777     4.0896   111.5018    30.0
20230511.1700     0.8939     4.1133   110.9148    30.0
20230511.1800     0.9073     4.1379   110.0810    30.0
20230511.1900     0.9194     4.1627   109.3405    30.0
20230511.2000     0.9343     4.1870   108.8852    30.0
20230511.2100     0.9505     4.2131   108.6219    30.0
20230511.2200     0.9494     4.2513   108.5396    30.0
20230511.2300     0.9638     4.2637   108.7920    30.0
20230512.0000     1.0089     4.2685   109.2472    30.0
20230512.0100     1.0585     4.3018   109.2692    30.0
20230512.0200     1.1155     4.3568   108.9236    30.0
20230512.0300     1.1608     4.4312   108.3805    30.0
20230512.0400     1.1833     4.5125   107.8155    30.0
20230512.0500     1.1908     4.5842   107.4316    30.0
20230512.0600     1.2084     4.6404   107.4316    30.0
20230512.0700     1.2197     4.6915   107.6510    30.0
20230512.0800     1.2153     4.7369   107.9362    30.0
20230512.0900     1.2158     4.7611   108.4299    30.0
20230512.1000     1.2142     4.7788   108.7152    30.0
20230512.1100     1.2481     4.8141   109.2088    30.0
20230512.1200     1.2708     4.8131   109.6806    30.0
20230512.1300     1.3008     4.8191   109.8836    30.0
20230512.1400     1.3257     4.8388   109.8287    30.0
20230512.1500     1.3276     4.8732   109.6477    30.0
20230512.1600     1.3186     4.9030   109.4557    30.0
20230512.1700     1.3089     4.9199   109.3844    30.0
20230512.1800     1.2908     4.9355   109.5160    30.0
20230512.1900     1.2669     4.9460   109.8561    30.0
20230512.2000     1.2466     4.9407   110.3388    30.0
20230512.2100     1.2224     4.9342   110.6076    30.0
20230512.2200     1.1901     4.9346   110.4650    30.0
20230512.2300     1.1669     4.9131   110.6844    30.0
20230513.0000     1.1596     4.8685   111.5621    30.0
20230513.0100     1.1605     4.8266   112.2971    30.0
20230513.0200     1.1630     4.8034   112.7085    30.0
20230513.0300     1.1598     4.8035   112.8237    30.0
20230513.0400     1.1488     4.8221   112.7524    30.0
20230513.0500     1.1324     4.8508   112.6702    30.0
20230513.0600     1.1097     4.8900   112.4782    30.0
20230513.0700     1.0888     4.9160   112.4727    30.0
20230513.0800     1.0713     4.9236   112.5824    30.0
20230513.0900     1.0614     4.9031   112.8731    30.0
20230513.1000     1.0815     4.8056   114.5517    30.0
20230513.1100     1.1257     4.7046   116.6197    30.0
20230513.1200     1.1705     4.6556   117.9855    30.0
20230513.1300     1.1936     4.6608   118.2817    30.0
20230513.1400     1.2015     4.6831   118.0788    30.0
20230513.1500     1.1875     4.7201   117.4809    30.0
20230513.1600     1.1640     4.7515   116.8171    30.0
20230513.1700     1.1411     4.7684   116.1534    30.0
20230513.1800     1.1180     4.7767   115.6926    30.0
20230513.1900     1.0985     4.7734   115.5335    30.0
20230513.2000     1.0836     4.7578   115.8901    30.0
20230513.2100     1.0723     4.7342   116.7349    30.0
20230513.2200     1.0462     4.7427   116.9323    30.0
20230513.2300     1.2361     5.2109   117.3273    30.0
20230514.0000     1.1865     5.2218   117.2724    30.0
20230514.0100     1.1368     5.2297   117.1298    30.0
20230514.0200     1.0896     5.2253   116.9652    30.0
20230514.0300     1.0463     5.2049   116.8775    30.0
20230514.0400     1.0077     5.1672   116.9323    30.0
20230514.0500     0.9722     5.1172   117.0585    30.0
20230514.0600     0.9409     5.0536   117.2560    30.0
20230514.0700     0.9104     4.9941   117.4589    30.0
20230514.0800     0.8778     4.9505   117.5906    30.0
20230514.0900     0.8441     4.9225   117.6948    30.0
20230514.1000     0.8122     4.8941   117.7058    30.0
20230514.1100     0.7865     4.8416   117.9032    30.0
20230514.1200     0.7658     4.7738   118.1830    30.0
20230514.1300     0.7481     4.7014   118.5560    30.0
20230514.1400     0.7338     4.6252   118.9894    30.0
20230514.1500     0.7199     4.5611   119.2911    30.0
20230514.1600     0.7065     4.5060   119.4172    30.0
20230514.1700     0.6929     4.4628   119.3733    30.0
20230514.1800     0.6796     4.4263   119.2746    30.0
20230514.1900     0.6694     4.3809   119.2307    30.0
20230514.2000     0.6660     4.3127   119.3569    30.0
20230514.2100     0.6718     4.2243   119.6641    30.0
20230514.2200     0.6729     4.1708   119.6586    30.0
20230514.2300     0.6741     4.1314   119.7189    30.0
20230515.0000     0.6784     4.0888   119.9603    30.0
20230515.0100     0.6827     4.0563   120.1139    30.0
20230515.0200     0.6894     4.0278   119.9493    30.0
20230515.0300     0.6904     4.0241   119.4392    30.0
20230515.0400     0.6885     4.0313   118.7370    30.0
20230515.0500     0.6855     4.0396   118.0898    30.0
20230515.0600     0.6798     4.0545   117.5412    30.0
20230515.0700     0.6706     4.0776   117.0859    30.0
20230515.0800     0.6600     4.0999   116.7513    30.0
20230515.0900     0.6493     4.1150   116.5922    30.0
20230515.1000     0.6418     4.1094   116.0327    30.0
20230515.1100     0.6553     4.1481   115.9066    30.0
20230515.1200     0.6545     4.1018   116.1424    30.0
20230515.1300     0.6557     4.0538   116.1973    30.0
20230515.1400     0.6544     4.0209   116.0711    30.0
20230515.1500     0.6459     4.0165   116.0931    30.0
20230515.1600     0.6348     4.0190   116.3509    30.0
20230515.1700     0.6250     4.0122   116.6910    30.0
20230515.1800     0.6177     3.9969   117.0091    30.0
20230515.1900     0.6077     3.9963   117.2285    30.0
20230515.2000     0.5959     4.0044   117.4096    30.0
20230515.2100     0.5874     3.9969   117.5302    30.0
20230515.2200     0.5704     4.0324   117.4480    30.0
20230515.2300     0.5624     4.0209   117.3986    30.0
20230516.0000     0.5603     3.9832   117.3766    30.0
20230516.0100     0.5620     3.9372   117.2066    30.0
20230516.0200     0.5643     3.8988   116.8939    30.0
20230516.0300     0.5622     3.8881   116.5758    30.0
20230516.0400     0.5567     3.8894   116.2521    30.0
20230516.0500     0.5525     3.8795   115.8407    30.0
20230516.0600     0.5498     3.8611   115.3416    30.0
20230516.0700     0.5450     3.8510   114.9466    30.0
20230516.0800     0.5365     3.8558   114.7546    30.0
20230516.0900     0.5262     3.8650   114.8424    30.0
20230516.1000     0.5094     3.9011   114.6778    30.0
20230516.1100     0.4985     3.9038   114.8314    30.0
20230516.1200     0.4933     3.8671   115.4074    30.0
20230516.1300     0.4924     3.8092   116.3564    30.0
20230516.1400     0.4948     3.7428   117.5028    30.0
20230516.1500     0.4987     3.6839   118.5176    30.0
20230516.1600     0.5000     3.6473   119.0607    30.0
20230516.1700     0.4978     3.6285   119.1594    30.0
20230516.1800     0.4946     3.6141   118.8577    30.0
20230516.1900     0.4947     3.5874   118.2708    30.0
20230516.2000     0.4988     3.5523   117.4973    30.0
20230516.2100     0.5040     3.5268   116.8336    30.0
20230516.2200     0.4969     3.5451   116.3125    30.0
20230516.2300     0.5113     3.6099   116.0601    30.0
20230517.0000     0.5087     3.5983   115.9943    30.0
20230517.0100     0.5036     3.6001   115.8462    30.0
20230517.0200     0.5009     3.5901   115.4348    30.0
20230517.0300     0.4998     3.5759   114.6668    30.0
20230517.0400     0.4996     3.5615   113.8769    30.0
20230517.0500     0.5013     3.5415   113.1968    30.0
20230517.0600     0.5022     3.5291   112.7415    30.0
20230517.0700     0.5004     3.5278   112.6263    30.0
20230517.0800     0.4975     3.5281   112.5824    30.0
20230517.0900     0.5028     3.4992   112.4946    30.0
20230517.1000     0.5014     3.4971   112.2862    30.0
20230517.1100     0.5038     3.4830   112.5495    30.0
20230517.1200     0.5153     3.4482   113.1803    30.0
20230517.1300     0.5302     3.4243   113.1584    30.0
20230517.1400     0.5384     3.4236   113.1474    30.0
20230517.1500     0.5443     3.4279   113.1145    30.0
20230517.1600     0.5503     3.4308   113.5039    30.0
20230517.1700     0.5556     3.4389   113.9921    30.0
20230517.1800     0.5531     3.4625   114.2225    30.0
20230517.1900     0.5479     3.4833   114.3267    30.0
20230517.2000     0.5469     3.4866   114.4255    30.0
20230517.2100     0.5501     3.4808   114.4419    30.0
20230517.2200     0.5540     3.4726   115.0892    30.0
20230517.2300     0.5649     3.4574   115.7804    30.0
20230518.0000     0.5850     3.4430   116.4496    30.0
20230518.0100     0.6008     3.4519   116.8116    30.0
20230518.0200     0.6049     3.4790   116.6910    30.0
20230518.0300     0.6026     3.5061   116.1699    30.0
20230518.0400     0.5961     3.5310   115.6049    30.0
20230518.0500     0.5815     3.5667   115.2373    30.0
20230518.0600     0.5616     3.6091   114.9960    30.0
20230518.0700     0.5436     3.6389   114.8424    30.0
20230518.0800     0.5264     3.6643   114.7601    30.0
20230518.0900     0.5179     3.6458   114.8369    30.0
20230518.1000     0.5081     3.6332   114.8808    30.0
20230518.1100     0.5025     3.6094   115.2757    30.0
20230518.1200     0.5020     3.5693   116.3289    30.0
20230518.1300     0.5120     3.5020   117.8100    30.0
20230518.1400     0.5337     3.4369   119.3843    30.0
20230518.1500     0.5606     3.4042   120.4704    30.0
20230518.1600     0.5880     3.4025   121.1781    30.0
20230518.1700     0.6090     3.4251   121.1451    30.0
20230518.1800     0.6173     3.4648   120.6295    30.0
20230518.1900     0.6094     3.5143   119.7848    30.0
20230518.2000     0.5995     3.5481   118.8797    30.0
20230518.2100     0.5897     3.5706   118.0075    30.0
20230518.2200     0.5828     3.5793   117.1353    30.0
20230518.2300     0.5751     3.5964   116.5429    30.0
20230519.0000     0.5670     3.6156   115.8298    30.0
20230519.0100     0.5643     3.6151   114.8863    30.0
20230519.0200     0.5620     3.6229   114.1018    30.0
20230519.0300     0.5563     3.6479   113.5752    30.0
20230519.0400     0.5493     3.6843   113.3449    30.0
20230519.0500     0.5387     3.7399   113.2242    30.0
20230519.0600     0.5280     3.7974   113.1474    30.0
20230519.0700     0.5209     3.8303   113.1803    30.0
20230519.0800     0.5190     3.8284   113.4107    30.0
20230519.0900     0.5206     3.8066   113.6904    30.0
20230519.1000     0.5215     3.7881   113.9812    30.0
20230519.1100     0.5274     3.7569   114.1732    30.0
20230519.1200     0.5346     3.7267   113.9318    30.0
20230519.1300     0.5402     3.7096   113.4765    30.0
20230519.1400     0.5458     3.6961   113.0432    30.0
20230519.1500     0.5549     3.6715   112.4123    30.0
20230519.1600     0.5698     3.6397   111.6279    30.0
20230519.1700     0.5806     3.6303   111.0190    30.0
20230519.1800     0.5818     3.6445   110.7338    30.0
20230519.1900     0.5795     3.6578   110.5692    30.0
20230519.2000     0.5817     3.6512   110.6570    30.0
20230519.2100     0.5900     3.6326   110.8490    30.0
20230519.2200     0.6081     3.6064   111.3756    30.0
20230519.2300     0.6521     3.6652   111.5785    30.0
20230520.0000     0.6630     3.6771   111.3646    30.0
20230520.0100     0.6669     3.7001   110.9532    30.0
20230520.0200     0.6728     3.7147   110.6131    30.0
20230520.0300     0.6746     3.7345   110.4705    30.0
20230520.0400     0.6760     3.7492   110.5418    30.0
20230520.0500     0.6791     3.7572   110.6460    30.0
20230520.0600     0.6822     3.7635   110.5418    30.0
20230520.0700     0.6826     3.7710   110.4156    30.0
20230520.0800     0.6813     3.7762   110.4924    30.0
20230520.0900     0.6825     3.7724   110.9752    30.0
20230520.1000     0.6718     3.7885   111.0849    30.0
20230520.1100     0.6681     3.7834   111.4085    30.0
20230520.1200     0.6725     3.7637   112.1765    30.0
20230520.1300     0.6867     3.7431   112.5220    30.0
20230520.1400     0.7013     3.7423   111.9077    30.0
20230520.1500     0.7041     3.7667   110.5857    30.0
20230520.1600     0.7024     3.7937   109.2253    30.0
20230520.1700     0.6954     3.8258   108.2708    30.0
20230520.1800     0.6887     3.8527   107.7662    30.0
20230520.1900     0.6846     3.8708   107.4480    30.0
20230520.2000     0.6892     3.8699   107.3054    30.0
20230520.2100     0.7043     3.8594   107.4645    30.0
20230520.2200     0.7368     3.8450   107.7552    30.0
20230520.2300     0.7825     3.8896   108.4135    30.0
20230521.0000     0.8077     3.9296   108.8578    30.0
20230521.0100     0.8235     3.9764   108.8468    30.0
20230521.0200     0.8361     4.0153   108.7097    30.0
20230521.0300     0.8468     4.0473   108.7042    30.0
20230521.0400     0.8551     4.0748   108.8962    30.0
20230521.0500     0.8543     4.1071   109.0991    30.0
20230521.0600     0.8481     4.1358   109.2911    30.0
20230521.0700     0.8389     4.1585   109.3460    30.0
20230521.0800     0.8308     4.1714   109.4721    30.0
20230521.0900     0.8243     4.1759   109.9439    30.0
20230521.1000     0.8135     4.1872   110.4102    30.0
20230521.1100     0.8113     4.1769   111.0794    30.0
20230521.1200     0.8143     4.1615   111.6115    30.0
20230521.1300     0.8209     4.1480   111.9022    30.0
20230521.1400     0.8298     4.1397   111.9022    30.0
20230521.1500     0.8341     4.1473   111.7431    30.0
20230521.1600     0.8314     4.1686   111.6005    30.0
20230521.1700     0.8252     4.1930   111.4743    30.0
20230521.1800     0.8168     4.2176   111.4140    30.0
20230521.1900     0.8082     4.2372   111.5237    30.0
20230521.2000     0.8057     4.2358   111.8364    30.0
20230521.2100     0.8190     4.2007   112.2533    30.0
20230521.2200     0.8276     4.1860   112.3794    30.0
20230521.2300     0.8458     4.1626   112.6208    30.0
20230522.0000     0.8702     4.1449   112.8512    30.0
20230522.0100     0.8902     4.1459   112.7963    30.0
20230522.0200     0.9120     4.1530   112.3630    30.0
20230522.0300     0.9286     4.1707   111.5566    30.0
20230522.0400     0.9356     4.1959   110.9038    30.0
20230522.0500     0.9276     4.2276   110.5857    30.0
20230522.0600     0.9080     4.2593   110.5089    30.0
20230522.0700     0.8863     4.2808   110.5308    30.0
20230522.0800     0.8684     4.2878   110.5363    30.0
20230522.0900     0.8566     4.2796   110.5473    30.0
20230522.1000     0.8309     4.3090   110.3553    30.0
20230522.1100     0.8248     4.3400   110.3553    30.0
20230522.1200     0.8125     4.3268   110.4266    30.0
20230522.1300     0.8073     4.2963   110.4979    30.0
20230522.1400     0.8091     4.2554   110.5144    30.0
20230522.1500     0.8104     4.2285   110.4705    30.0
20230522.1600     0.8114     4.2099   110.4650    30.0
20230522.1700     0.8115     4.1996   110.3772    30.0
20230522.1800     0.8116     4.1926   109.9494    30.0
20230522.1900     0.8118     4.1878   109.1924    30.0
20230522.2000     0.8106     4.1868   108.4189    30.0
20230522.2100     0.8066     4.1909   107.8923    30.0
20230522.2200     0.7931     4.2118   107.9637    30.0
20230522.2300     0.8055     4.2357   108.3970    30.0
20230523.0000     0.8115     4.1881   109.0169    30.0
20230523.0100     0.8224     4.1475   109.5435    30.0
20230523.0200     0.8275     4.1322   109.9110    30.0
20230523.0300     0.8236     4.1366   110.1688    30.0
20230523.0400     0.8121     4.1510   110.4211    30.0
20230523.0500     0.7998     4.1579   110.6076    30.0
20230523.0600     0.7850     4.1635   110.6296    30.0
20230523.0700     0.7722     4.1565   110.7228    30.0
20230523.0800     0.7593     4.1469   110.9038    30.0
20230523.0900     0.7490     4.1250   111.2385    30.0
20230523.1000     0.7320     4.1176   111.4414    30.0
20230523.1100     0.7197     4.0960   111.7925    30.0
20230523.1200     0.7115     4.0637   112.2203    30.0
20230523.1300     0.7032     4.0373   112.6756    30.0
20230523.1400     0.7008     4.0013   113.1529    30.0
20230523.1500     0.7014     3.9727   113.3394    30.0
20230523.1600     0.7019     3.9569   113.1638    30.0
20230523.1700     0.7012     3.9511   112.7579    30.0
20230523.1800     0.6996     3.9520   112.3575    30.0
20230523.1900     0.7004     3.9478   111.9954    30.0
20230523.2000     0.7017     3.9455   111.6553    30.0
20230523.2100     0.6995     3.9522   111.4908    30.0
20230523.2200     0.6989     3.9509   111.1233    30.0
20230523.2300     0.7199     3.9545   110.9313    30.0
20230524.0000     0.7265     3.9574   110.5912    30.0
20230524.0100     0.7212     3.9872   110.1523    30.0
20230524.0200     0.7105     4.0245   109.7245    30.0
20230524.0300     0.7002     4.0564   109.2198    30.0
20230524.0400     0.6915     4.0804   108.7810    30.0
20230524.0500     0.6856     4.0961   108.3915    30.0
20230524.0600     0.6794     4.1133   108.0459    30.0
20230524.0700     0.6725     4.1337   107.8869    30.0
20230524.0800     0.6659     4.1517   107.8923    30.0
20230524.0900     0.6649     4.1455   108.0514    30.0
20230524.1000     0.6730     4.1041   107.8923    30.0
20230524.1100     0.6901     4.0493   107.8814    30.0
20230524.1200     0.7102     4.0055   108.4573    30.0
20230524.1300     0.7285     3.9808   109.4008    30.0
20230524.1400     0.7406     3.9798   110.0152    30.0
20230524.1500     0.7505     3.9856   110.2840    30.0
20230524.1600     0.7673     3.9846   110.3498    30.0
20230524.1700     0.7877     3.9907   110.1962    30.0
20230524.1800     0.7976     4.0208   109.8452    30.0
20230524.1900     0.7978     4.0606   109.4228    30.0
20230524.2000     0.7940     4.0955   109.0717    30.0
20230524.2100     0.7900     4.1180   108.9785    30.0
20230524.2200     0.7827     4.1377   109.0169    30.0
20230524.2300     0.7901     4.1164   109.5105    30.0
20230525.0000     0.8109     4.0814   110.2017    30.0
20230525.0100     0.8322     4.0664   110.8106    30.0
20230525.0200     0.8541     4.0637   111.7541    30.0
20230525.0300     0.8772     4.0720   112.7195    30.0
20230525.0400     0.9025     4.0900   113.3558    30.0
20230525.0500     0.9301     4.1171   113.5588    30.0
20230525.0600     0.9539     4.1556   113.3119    30.0
20230525.0700     0.9607     4.2057   112.6866    30.0
20230525.0800     0.9559     4.2515   112.0832    30.0
20230525.0900     0.9501     4.2811   111.6060    30.0
20230525.1000     0.9301     4.3172   110.5802    30.0
20230525.1100     0.9884     4.5072   109.9933    30.0
20230525.1200     0.9720     4.5054   109.7684    30.0
20230525.1300     0.9647     4.4786   109.2253    30.0
20230525.1400     0.9594     4.4505   108.7755    30.0
20230525.1500     0.9477     4.4376   108.5616    30.0
20230525.1600     0.9303     4.4329   108.4299    30.0
20230525.1700     0.9115     4.4281   108.3257    30.0
20230525.1800     0.8912     4.4243   108.3476    30.0
20230525.1900     0.8774     4.4004   108.6603    30.0
20230525.2000     0.8787     4.3446   109.4557    30.0
20230525.2100     0.8935     4.2811   110.5692    30.0
20230525.2200     0.8999     4.2561   110.4650    30.0
20230525.2300     0.9195     4.2276   110.6515    30.0
20230526.0000     0.9401     4.2190   111.1178    30.0
20230526.0100     0.9548     4.2313   111.3975    30.0
20230526.0200     0.9734     4.2464   111.5456    30.0
20230526.0300     0.9905     4.2698   111.4579    30.0
20230526.0400     1.0045     4.2962   111.3646    30.0
20230526.0500     1.0062     4.3287   111.1452    30.0
20230526.0600     0.9974     4.3597   110.8764    30.0
20230526.0700     0.9821     4.3842   110.6351    30.0
20230526.0800     0.9641     4.3992   110.5528    30.0
20230526.0900     0.9452     4.4047   110.7119    30.0
20230526.1000     0.9316     4.3910   110.0975    30.0
20230526.1100     0.9182     4.3751   109.6861    30.0
20230526.1200     0.9026     4.3630   109.3295    30.0
20230526.1300     0.8864     4.3505   109.0388    30.0
20230526.1400     0.8768     4.3235   108.9346    30.0
20230526.1500     0.8720     4.2926   108.8687    30.0
20230526.1600     0.8657     4.2730   108.9071    30.0
20230526.1700     0.8587     4.2592   109.0498    30.0
20230526.1800     0.8517     4.2478   109.3131    30.0
20230526.1900     0.8493     4.2280   109.8452    30.0
20230526.2000     0.8634     4.1847   110.7832    30.0
20230526.2100     0.8990     4.1396   111.9241    30.0
20230526.2200     0.9226     4.1395   112.2423    30.0
20230526.2300     1.4460     5.0082   112.6921    30.0
20230527.0000     1.4292     5.1581   112.0613    30.0
20230527.0100     1.4240     5.2613   111.8802    30.0
20230527.0200     1.4298     5.3185   112.0338    30.0
20230527.0300     1.4281     5.3590   112.0887    30.0
20230527.0400     1.4092     5.3966   112.0393    30.0
20230527.0500     1.3759     5.4273   112.0887    30.0
20230527.0600     1.3337     5.4400   112.1929    30.0
20230527.0700     1.2874     5.4370   112.3301    30.0
20230527.0800     1.2380     5.4227   112.4782    30.0
20230527.0900     1.1875     5.3988   112.7031    30.0
20230527.1000     1.1336     5.3833   112.8237    30.0
20230527.1100     1.0870     5.3343   113.1748    30.0
20230527.1200     1.0448     5.2711   113.5149    30.0
20230527.1300     1.0071     5.1957   113.6575    30.0
20230527.1400     0.9844     5.0683   113.8495    30.0
20230527.1500     0.9743     4.9178   114.0525    30.0
20230527.1600     0.9607     4.8079   114.0689    30.0
20230527.1700     0.9398     4.7447   113.8111    30.0
20230527.1800     0.9153     4.7059   113.5368    30.0
20230527.1900     0.8993     4.6481   113.4326    30.0
20230527.2000     0.9017     4.5522   113.5643    30.0
20230527.2100     0.9259     4.4418   113.9702    30.0
20230527.2200     0.9595     4.3684   114.1841    30.0
20230527.2300     1.0078     4.3321   114.5901    30.0
20230528.0000     1.0717     4.3370   115.1221    30.0
20230528.0100     1.1372     4.3841   115.3361    30.0
20230528.0200     1.1935     4.4565   115.0124    30.0
20230528.0300     1.2198     4.5387   114.6175    30.0
20230528.0400     1.2128     4.6164   114.3871    30.0
20230528.0500     1.1870     4.6811   114.1457    30.0
20230528.0600     1.1553     4.7268   113.9921    30.0
20230528.0700     1.1237     4.7526   113.8331    30.0
20230528.0800     1.0891     4.7749   113.6356    30.0
20230528.0900     1.0566     4.7856   113.5314    30.0
20230528.1000     1.0307     4.7728   113.4052    30.0
20230528.1100     1.0919     4.8905   113.4601    30.0
20230528.1200     1.0724     4.8401   113.8605    30.0
20230528.1300     1.0543     4.7912   114.2938    30.0
20230528.1400     1.0343     4.7538   114.6888    30.0
20230528.1500     1.0117     4.7288   115.1221    30.0
20230528.1600     0.9965     4.6883   115.5610    30.0
20230528.1700     0.9844     4.6489   115.6597    30.0
20230528.1800     0.9693     4.6238   115.3086    30.0
20230528.1900     0.9576     4.5945   114.7766    30.0
20230528.2000     0.9577     4.5435   114.2829    30.0
20230528.2100     0.9749     4.4780   113.9044    30.0
20230528.2200     0.9890     4.4420   113.3833    30.0
20230528.2300     0.9951     4.4344   113.1803    30.0
20230529.0000     1.0002     4.4334   113.1693    30.0
20230529.0100     1.0106     4.4290   113.4546    30.0
20230529.0200     1.0379     4.4158   113.9373    30.0
20230529.0300     1.0655     4.4206   114.3542    30.0
20230529.0400     1.0799     4.4434   114.5297    30.0
20230529.0500     1.0751     4.4761   114.4090    30.0
20230529.0600     1.0516     4.5124   114.1567    30.0
20230529.0700     1.0213     4.5373   113.9373    30.0
20230529.0800     0.9954     4.5366   113.7672    30.0
20230529.0900     0.9773     4.5113   113.6630    30.0
20230529.1000     0.9467     4.5063   113.2955    30.0
20230529.1100     0.9237     4.4788   113.2516    30.0
20230529.1200     0.9045     4.4424   113.4436    30.0
20230529.1300     0.8971     4.3850   113.8166    30.0
20230529.1400     0.8933     4.3358   114.0196    30.0
20230529.1500     0.8904     4.3004   113.9812    30.0
20230529.1600     0.8895     4.2754   113.5204    30.0
20230529.1700     0.8885     4.2632   112.4452    30.0
20230529.1800     0.8884     4.2581   111.1726    30.0
20230529.1900     0.8945     4.2521   110.1523    30.0
20230529.2000     0.9058     4.2493   109.6203    30.0
20230529.2100     0.9164     4.2571   109.4886    30.0
20230529.2200     0.9317     4.2624   109.3899    30.0
20230529.2300     0.9610     4.3022   109.4447    30.0
20230530.0000     0.9709     4.3229   109.5599    30.0
20230530.0100     0.9792     4.3443   109.7190    30.0
20230530.0200     0.9859     4.3655   109.8068    30.0
20230530.0300     0.9930     4.3828   109.9110    30.0
20230530.0400     1.0012     4.3957   110.0810    30.0
20230530.0500     1.0076     4.4083   110.1962    30.0
20230530.0600     1.0067     4.4258   110.1194    30.0
20230530.0700     0.9985     4.4468   110.0426    30.0
20230530.0800     0.9858     4.4668   110.0152    30.0
20230530.0900     0.9692     4.4869   109.9768    30.0
20230530.1000     0.9426     4.5234   109.6641    30.0
20230530.1100     0.9173     4.5528   109.5709    30.0
20230530.1200     0.8963     4.5651   109.6641    30.0
20230530.1300     0.8816     4.5555   109.9549    30.0
20230530.1400     0.8730     4.5276   110.6021    30.0
20230530.1500     0.8658     4.5013   111.2933    30.0
20230530.1600     0.8559     4.4913   111.6663    30.0
20230530.1700     0.8489     4.4753   111.8802    30.0
20230530.1800     0.8421     4.4632   112.0229    30.0
20230530.1900     0.8360     4.4507   112.1984    30.0
20230530.2000     0.8360     4.4228   112.6263    30.0
20230530.2100     0.8484     4.3702   113.4271    30.0
20230530.2200     0.8567     4.3438   113.2242    30.0
20230530.2300     0.8668     4.3214   113.1254    30.0
20230531.0000     0.8806     4.2976   113.1748    30.0
20230531.0100     0.8996     4.2739   113.2571    30.0
20230531.0200     0.9149     4.2652   113.2187    30.0
20230531.0300     0.9288     4.2635   113.1309    30.0
20230531.0400     0.9416     4.2682   113.1584    30.0
20230531.0500     0.9436     4.2867   113.2790    30.0
20230531.0600     0.9349     4.3121   113.4326    30.0
20230531.0700     0.9216     4.3340   113.6520    30.0
20230531.0800     0.9095     4.3457   114.0141    30.0
20230531.0900     0.9006     4.3466   114.4803    30.0
20230531.1000     0.8925     4.3464   114.2500    30.0
20230531.1100     0.9324     4.4127   113.9153    30.0
20230531.1200     0.9405     4.3828   113.5972    30.0
20230531.1300     0.9477     4.3673   113.3558    30.0
20230531.1400     0.9568     4.3590   112.9993    30.0
20230531.1500     0.9664     4.3572   112.5385    30.0
20230531.1600     0.9682     4.3690   112.1271    30.0
20230531.1700     0.9563     4.3948   111.7760    30.0
20230531.1800     0.9384     4.4184   111.4030    30.0
20230531.1900     0.9300     4.4137   111.1836    30.0
20230531.2000     0.9313     4.3914   111.2110    30.0
20230531.2100     0.9493     4.3531   111.4304    30.0
20230531.2200     0.9605     4.3436   111.1013    30.0
20230531.2300     0.9675     4.3482   110.6076    30.0
20230601.0000     0.9718     4.3551   110.0481    30.0
20230601.0100     0.9693     4.3658   109.5873    30.0
20230601.0200     0.9646     4.3706   109.4283    30.0
20230601.0300     0.9627     4.3665   109.4173    30.0
20230601.0400     0.9651     4.3564   109.5215    30.0
20230601.0500     0.9659     4.3527   109.4941    30.0
20230601.0600     0.9598     4.3610   109.2198    30.0
20230601.0700     0.9500     4.3719   108.8139    30.0
20230601.0800     0.9414     4.3756   108.5341    30.0
20230601.0900     0.9382     4.3672   108.5012    30.0
20230601.1000     0.9350     4.4178   108.1172    30.0
20230601.1100     0.9086     4.3936   107.8210    30.0
20230601.1200     0.9065     4.3745   107.7223    30.0
20230601.1300     0.9044     4.3606   107.5084    30.0
20230601.1400     0.9006     4.3544   107.2505    30.0
20230601.1500     0.8932     4.3557   107.0202    30.0
20230601.1600     0.8851     4.3553   107.0695    30.0
20230601.1700     0.8790     4.3477   107.2780    30.0
20230601.1800     0.8744     4.3361   107.4974    30.0
20230601.1900     0.8683     4.3278   107.7826    30.0
20230601.2000     0.8595     4.3251   107.9637    30.0
20230601.2100     0.8574     4.3033   108.5177    30.0
20230601.2200     0.8520     4.2904   108.9346    30.0
20230601.2300     0.9289     4.4413   109.5654    30.0
20230602.0000     0.9217     4.4139   109.8616    30.0
20230602.0100     0.9170     4.3845   109.9219    30.0
20230602.0200     0.9149     4.3544   110.0262    30.0
20230602.0300     0.9148     4.3262   110.1249    30.0
20230602.0400     0.9170     4.3004   110.3827    30.0
20230602.0500     0.9211     4.2781   110.6954    30.0
20230602.0600     0.9199     4.2690   110.7832    30.0
20230602.0700     0.9187     4.2604   110.9697    30.0
20230602.0800     0.9196     4.2497   111.2330    30.0
20230602.0900     0.9262     4.2349   111.5566    30.0
20230602.1000     0.9154     4.2491   111.1233    30.0
20230602.1100     0.9067     4.2529   110.8051    30.0
20230602.1200     0.9093     4.2398   110.5363    30.0
20230602.1300     0.9266     4.2200   110.2620    30.0
20230602.1400     0.9525     4.2165   109.7958    30.0
20230602.1500     0.9750     4.2377   109.1375    30.0
20230602.1600     1.0155     4.2592   109.0443    30.0
20230602.1700     1.0597     4.2986   109.2253    30.0
20230602.1800     1.0742     4.3632   108.9181    30.0
20230602.1900     1.0706     4.4268   108.4244    30.0
20230602.2000     1.0692     4.4689   108.0350    30.0
20230602.2100     1.0791     4.4875   108.0185    30.0
20230602.2200     1.1007     4.5170   108.4738    30.0
20230602.2300     1.1104     4.5328   108.9291    30.0
20230603.0000     1.1119     4.5552   109.2308    30.0
20230603.0100     1.1119     4.5703   109.6093    30.0
20230603.0200     1.1042     4.5850   109.7903    30.0
20230603.0300     1.0875     4.6021   109.6367    30.0
20230603.0400     1.0693     4.6104   109.3076    30.0
20230603.0500     1.0517     4.6102   108.9620    30.0
20230603.0600     1.0320     4.6101   108.6054    30.0
20230603.0700     1.0139     4.6033   108.3367    30.0
20230603.0800     0.9965     4.5934   108.1392    30.0
20230603.0900     0.9860     4.5679   108.2708    30.0
20230603.1000     0.9852     4.5286   108.4080    30.0
20230603.1100     1.0254     4.5884   108.8194    30.0
20230603.1200     1.0098     4.5815   108.7590    30.0
20230603.1300     0.9846     4.5927   108.4683    30.0
20230603.1400     0.9598     4.5978   108.2928    30.0
20230603.1500     0.9342     4.6006   108.1227    30.0
20230603.1600     0.9080     4.6032   107.7004    30.0
20230603.1700     0.8896     4.5780   107.3877    30.0
20230603.1800     0.8786     4.5324   107.3548    30.0
20230603.1900     0.8718     4.4822   107.4151    30.0
20230603.2000     0.8641     4.4428   107.1408    30.0
20230603.2100     0.8619     4.3944   107.0092    30.0
20230603.2200     0.8498     4.3765   107.5303    30.0
20230603.2300     0.8438     4.3440   107.8978    30.0
20230604.0000     0.8435     4.3029   108.2489    30.0
20230604.0100     0.8674     4.2273   109.1704    30.0
20230604.0200     0.8955     4.1838   109.8726    30.0
20230604.0300     0.9047     4.1899   109.7903    30.0
20230604.0400     0.9007     4.2105   109.6148    30.0
20230604.0500     0.8924     4.2247   109.6367    30.0
20230604.0600     0.8755     4.2420   109.4941    30.0
20230604.0700     0.8529     4.2583   109.2582    30.0
20230604.0800     0.8363     4.2503   109.3131    30.0
20230604.0900     0.8218     4.2324   109.6641    30.0
20230604.1000     0.8043     4.2191   109.5654    30.0
20230604.1100     0.7925     4.2097   109.5983    30.0
20230604.1200     0.7749     4.1992   109.4667    30.0
20230604.1300     0.7588     4.1824   109.3789    30.0
20230604.1400     0.7499     4.1465   109.2802    30.0
20230604.1500     0.7380     4.1249   109.0553    30.0
20230604.1600     0.7205     4.1242   108.5287    30.0
20230604.1700     0.6979     4.1436   107.9417    30.0
20230604.1800     0.6731     4.1743   107.4864    30.0
20230604.1900     0.6504     4.2001   107.1573    30.0
20230604.2000     0.6315     4.2113   106.8885    30.0
20230604.2100     0.6183     4.1954   106.7020    30.0
20230604.2200     0.6138     4.1367   106.5978    30.0
20230604.2300     0.6383     4.1189   106.5320    30.0
20230605.0000     0.6414     4.0464   106.8117    30.0
20230605.0100     0.6502     3.9728   107.1628    30.0
20230605.0200     0.6607     3.9132   107.7607    30.0
20230605.0300     0.6706     3.8733   108.3257    30.0
20230605.0400     0.6853     3.8390   108.6713    30.0
20230605.0500     0.7040     3.8166   109.1266    30.0
20230605.0600     0.7148     3.8202   109.5983    30.0
20230605.0700     0.7236     3.8281   109.8122    30.0
20230605.0800     0.7339     3.8343   109.9384    30.0
20230605.0900     0.7426     3.8435   109.9494    30.0
20230605.1000     0.7536     3.8495   108.9126    30.0
20230605.1100     0.7579     3.8660   107.5632    30.0
20230605.1200     0.7535     3.8851   106.0438    30.0
20230605.1300     0.7562     3.8862   104.4530    30.0
20230605.1400     0.7620     3.8873   103.3833    30.0
20230605.1500     0.7611     3.9012   103.0871    30.0
20230605.1600     0.7528     3.9203   103.1200    30.0
20230605.1700     0.7539     3.9189   103.0761    30.0
20230605.1800     0.7580     3.9167   102.9006    30.0
20230605.1900     0.7567     3.9257   102.6373    30.0
20230605.2000     0.7541     3.9347   102.4508    30.0
20230605.2100     0.7544     3.9360   102.6702    30.0
20230605.2200     0.7491     3.9435   103.2023    30.0
20230605.2300     0.7543     3.9349   103.8880    30.0
20230606.0000     0.7686     3.9158   104.8644    30.0
20230606.0100     0.7952     3.8981   106.0163    30.0
20230606.0200     0.8339     3.8981   107.0640    30.0
20230606.0300     0.8672     3.9293   107.6949    30.0
20230606.0400     0.8830     3.9782   107.9033    30.0
20230606.0500     0.8861     4.0271   107.8649    30.0
20230606.0600     0.8792     4.0697   107.7552    30.0
20230606.0700     0.8740     4.0944   107.8101    30.0
20230606.0800     0.8667     4.1123   108.1008    30.0
20230606.0900     0.8620     4.1200   108.4409    30.0
20230606.1000     0.8729     4.1091   108.7152    30.0
20230606.1100     0.8789     4.1387   108.4464    30.0
20230606.1200     0.8663     4.1584   107.4151    30.0
20230606.1300     0.8515     4.1741   106.4771    30.0
20230606.1400     0.8437     4.1727   105.9286    30.0
20230606.1500     0.8358     4.1732   105.9011    30.0
20230606.1600     0.8272     4.1769   105.9505    30.0
20230606.1700     0.8251     4.1697   105.9999    30.0
20230606.1800     0.8267     4.1635   105.8956    30.0
20230606.1900     0.8298     4.1618   105.9340    30.0
20230606.2000     0.8341     4.1615   106.4661    30.0
20230606.2100     0.8424     4.1540   107.4809    30.0
20230606.2200     0.8364     4.1729   107.7168    30.0
20230606.2300     0.8502     4.1500   108.5287    30.0
20230607.0000     0.8662     4.1347   109.2582    30.0
20230607.0100     0.8880     4.1271   109.1924    30.0
20230607.0200     0.9275     4.1265   108.6603    30.0
20230607.0300     0.9645     4.1558   107.9527    30.0
20230607.0400     1.0012     4.2014   107.3328    30.0
20230607.0500     1.0365     4.2573   107.0147    30.0
20230607.0600     1.0384     4.3276   106.6746    30.0
20230607.0700     1.0264     4.3851   106.4003    30.0
20230607.0800     1.0328     4.4055   106.4881    30.0
20230607.0900     1.0502     4.4166   106.4881    30.0
20230607.1000     1.0481     4.4503   106.4716    30.0
20230607.1100     1.0844     4.5084   106.2906    30.0
20230607.1200     1.1100     4.5270   105.5226    30.0
20230607.1300     1.1372     4.5530   104.9631    30.0
20230607.1400     1.1616     4.5867   104.6395    30.0
20230607.1500     1.1849     4.6231   104.3213    30.0
20230607.1600     1.2070     4.6673   104.0800    30.0
20230607.1700     1.2250     4.7059   103.9593    30.0
20230607.1800     1.2286     4.7421   103.8660    30.0
20230607.1900     1.2247     4.7669   103.7563    30.0
20230607.2000     1.2126     4.7815   103.6795    30.0
20230607.2100     1.1999     4.7812   103.7947    30.0
20230607.2200     1.1871     4.7705   104.0964    30.0
20230607.2300     1.2325     4.8241   104.3926    30.0
20230608.0000     1.2127     4.8107   104.5572    30.0
20230608.0100     1.1872     4.7972   104.5791    30.0
20230608.0200     1.1620     4.7743   104.6724    30.0
20230608.0300     1.1432     4.7410   104.8863    30.0
20230608.0400     1.1263     4.7064   104.9905    30.0
20230608.0500     1.1099     4.6757   104.8754    30.0
20230608.0600     1.0883     4.6498   104.6450    30.0
20230608.0700     1.0656     4.6284   104.4639    30.0
20230608.0800     1.0483     4.5994   104.2336    30.0
20230608.0900     1.0376     4.5652   103.9922    30.0
20230608.1000     1.0157     4.5557   103.5753    30.0
20230608.1100     0.9961     4.5407   103.5150    30.0
20230608.1200     0.9810     4.5187   103.7728    30.0
20230608.1300     0.9626     4.5062   104.1403    30.0
20230608.1400     0.9432     4.4978   104.5353    30.0
20230608.1500     0.9237     4.4900   104.9247    30.0
20230608.1600     0.8985     4.4974   105.2100    30.0
20230608.1700     0.8749     4.4985   105.5281    30.0
20230608.1800     0.8573     4.4784   106.0218    30.0
20230608.1900     0.8466     4.4367   106.8391    30.0
20230608.2000     0.8442     4.3758   108.0569    30.0
20230608.2100     0.8487     4.3089   109.5489    30.0
20230608.2200     0.8475     4.2671   110.6954    30.0
20230608.2300     0.8640     4.2755   111.4688    30.0
20230609.0000     0.8605     4.2564   111.9516    30.0
20230609.0100     0.8523     4.2464   112.2149    30.0
20230609.0200     0.8435     4.2371   112.1874    30.0
20230609.0300     0.8337     4.2294   111.9241    30.0
20230609.0400     0.8217     4.2284   111.6444    30.0
20230609.0500     0.8047     4.2377   111.3262    30.0
20230609.0600     0.7861     4.2489   110.7941    30.0
20230609.0700     0.7677     4.2551   110.1139    30.0
20230609.0800     0.7508     4.2534   109.3899    30.0
20230609.0900     0.7365     4.2404   108.6493    30.0
20230609.1000     0.7210     4.2302   108.0404    30.0
20230609.1100     0.7054     4.2202   107.6236    30.0
20230609.1200     0.6900     4.2086   107.2231    30.0
20230609.1300     0.6721     4.2081   107.0586    30.0
20230609.1400     0.6557     4.1992   107.1189    30.0
20230609.1500     0.6465     4.1599   107.3987    30.0
20230609.1600     0.6429     4.1031   108.0020    30.0
20230609.1700     0.6414     4.0482   109.0059    30.0
20230609.1800     0.6373     4.0120   110.0481    30.0
20230609.1900     0.6328     3.9822   110.9916    30.0
20230609.2000     0.6324     3.9427   111.9186    30.0
20230609.2100     0.6390     3.8919   112.9389    30.0
20230609.2200     0.6481     3.8500   113.4271    30.0
20230609.2300     0.6607     3.8183   114.0580    30.0
20230610.0000     0.6755     3.7974   114.8479    30.0
20230610.0100     0.6923     3.7897   115.1660    30.0
20230610.0200     0.7079     3.7979   114.9466    30.0
20230610.0300     0.7189     3.8211   114.2884    30.0
20230610.0400     0.7206     3.8569   113.5588    30.0
20230610.0500     0.7163     3.8943   112.7853    30.0
20230610.0600     0.7141     3.9149   112.0887    30.0
20230610.0700     0.7149     3.9230   111.5566    30.0
20230610.0800     0.7167     3.9244   111.1397    30.0
20230610.0900     0.7166     3.9277   110.8874    30.0
20230610.1000     0.7025     3.9562   110.1194    30.0
20230610.1100     0.6700     3.8911   109.5105    30.0
20230610.1200     0.6687     3.8808   109.2856    30.0
20230610.1300     0.6710     3.8663   109.3953    30.0
20230610.1400     0.6766     3.8512   109.6093    30.0
20230610.1500     0.6870     3.8361   109.8890    30.0
20230610.1600     0.6995     3.8306   110.0426    30.0
20230610.1700     0.7203     3.8257   110.3279    30.0
20230610.1800     0.7404     3.8389   110.5912    30.0
20230610.1900     0.7526     3.8683   110.7393    30.0
20230610.2000     0.7587     3.9008   111.0410    30.0
20230610.2100     0.7619     3.9285   111.6389    30.0
20230610.2200     0.7742     3.9355   112.4672    30.0
20230610.2300     0.7833     3.9523   113.1803    30.0
20230611.0000     0.7927     3.9714   114.0251    30.0
20230611.0100     0.8132     3.9847   115.2044    30.0
20230611.0200     0.8420     4.0044   116.7513    30.0
20230611.0300     0.8696     4.0370   118.1172    30.0
20230611.0400     0.8845     4.0821   119.2143    30.0
20230611.0500     0.8895     4.1271   119.9822    30.0
20230611.0600     0.8929     4.1639   120.5033    30.0
20230611.0700     0.9026     4.1869   120.7776    30.0
20230611.0800     0.9214     4.2018   120.8489    30.0
20230611.0900     0.9408     4.2236   120.7337    30.0
20230611.1000     0.9707     4.2404   121.1287    30.0
20230611.1100     1.0114     4.2679   120.9696    30.0
20230611.1200     1.0482     4.3187   119.6092    30.0
20230611.1300     1.0764     4.3831   117.7990    30.0
20230611.1400     1.1058     4.4476   116.3289    30.0
20230611.1500     1.1374     4.5135   115.1496    30.0
20230611.1600     1.1909     4.5747   114.2006    30.0
20230611.1700     1.2545     4.6487   113.3942    30.0
20230611.1800     1.2994     4.7454   112.7579    30.0
20230611.1900     1.3144     4.8477   112.0997    30.0
20230611.2000     1.3021     4.9468   111.1891    30.0
20230611.2100     1.2779     5.0354   110.3718    30.0
20230611.2200     1.2683     5.0732   109.6422    30.0
20230611.2300     1.3373     5.2415   109.3844    30.0
20230612.0000     1.3428     5.2355   109.2637    30.0
20230612.0100     1.3663     5.2094   108.8962    30.0
20230612.0200     1.3957     5.1815   108.5616    30.0
20230612.0300     1.4131     5.1706   108.2105    30.0
20230612.0400     1.4138     5.1706   107.8430    30.0
20230612.0500     1.4061     5.1696   107.4480    30.0
20230612.0600     1.3908     5.1704   107.1079    30.0
20230612.0700     1.3670     5.1670   106.9598    30.0
20230612.0800     1.3445     5.1561   106.9324    30.0
20230612.0900     1.3425     5.1276   106.9653    30.0
20230612.1000     1.3283     5.1105   106.5923    30.0
20230612.1100     1.3227     5.0836   106.1864    30.0
20230612.1200     1.3200     5.0605   106.2083    30.0
20230612.1300     1.3143     5.0372   106.5374    30.0
20230612.1400     1.3061     5.0211   106.6746    30.0
20230612.1500     1.3016     5.0035   106.7788    30.0
20230612.1600     1.2892     4.9967   106.8721    30.0
20230612.1700     1.2726     4.9923   106.8666    30.0
20230612.1800     1.2560     4.9828   106.8227    30.0
20230612.1900     1.2533     4.9553   106.7733    30.0
20230612.2000     1.2599     4.9265   106.5649    30.0
20230612.2100     1.2684     4.9079   106.2741    30.0
20230612.2200     1.2728     4.9018   106.0986    30.0
20230612.2300     1.2882     4.8938   106.0383    30.0
20230613.0000     1.3134     4.8904   106.0438    30.0
20230613.0100     1.3389     4.8998   106.0931    30.0
20230613.0200     1.3458     4.9236   106.3454    30.0
20230613.0300     1.3365     4.9476   106.5265    30.0
20230613.0400     1.3210     4.9613   106.7349    30.0
20230613.0500     1.3128     4.9562   106.9982    30.0
20230613.0600     1.3037     4.9499   107.2999    30.0
20230613.0700     1.2910     4.9433   107.7771    30.0
20230613.0800     1.2870     4.9249   108.2544    30.0
20230613.0900     1.2975     4.8982   108.8413    30.0
20230613.1000     1.2864     4.8993   108.8962    30.0
20230613.1100     1.3331     4.9904   108.7371    30.0
20230613.1200     1.3113     4.9911   108.4738    30.0
20230613.1300     1.2959     4.9788   108.3805    30.0
20230613.1400     1.2873     4.9593   108.5725    30.0
20230613.1500     1.2738     4.9494   108.7152    30.0
20230613.1600     1.2598     4.9393   108.6877    30.0
20230613.1700     1.2542     4.9177   108.7426    30.0
20230613.1800     1.2570     4.8901   108.9401    30.0
20230613.1900     1.2613     4.8676   109.3405    30.0
20230613.2000     1.2595     4.8576   109.4557    30.0
20230613.2100     1.2583     4.8479   109.6641    30.0
20230613.2200     1.2467     4.8482   109.7738    30.0
20230613.2300     1.2351     4.8419   109.8671    30.0
20230614.0000     1.2321     4.8236   110.0481    30.0
20230614.0100     1.2245     4.8112   110.3059    30.0
20230614.0200     1.2210     4.7921   110.7009    30.0
20230614.0300     1.2104     4.7811   110.9642    30.0
20230614.0400     1.1891     4.7747   111.0190    30.0
20230614.0500     1.1675     4.7638   110.9532    30.0
20230614.0600     1.1539     4.7459   110.2785    30.0
20230614.0700     1.1487     4.7208   109.8452    30.0
20230614.0800     1.1455     4.6903   110.2566    30.0
20230614.0900     1.1322     4.6775   110.7338    30.0
20230614.1000     1.0927     4.7047   110.8545    30.0
20230614.1100     1.0566     4.7182   110.8325    30.0
20230614.1200     1.0193     4.7331   110.5528    30.0
20230614.1300     0.9820     4.7473   110.2840    30.0
20230614.1400     0.9510     4.7388   110.2182    30.0
20230614.1500     0.9145     4.7563   110.0207    30.0
20230614.1600     0.8744     4.8002   109.7464    30.0
20230614.1700     0.8388     4.8312   109.5215    30.0
20230614.1800     0.8110     4.8222   109.2637    30.0
20230614.1900     0.7891     4.7855   108.8468    30.0
20230614.2000     0.7696     4.7414   108.6603    30.0
20230614.2100     0.7565     4.6684   108.8249    30.0
20230614.2200     0.7305     4.6810   108.6822    30.0
20230614.2300     0.8600     5.1605   108.4957    30.0
20230615.0000     0.8386     5.1902   108.1063    30.0
20230615.0100     0.8185     5.1934   107.7497    30.0
20230615.0200     0.7976     5.1826   107.5742    30.0
20230615.0300     0.7797     5.1347   107.4261    30.0
20230615.0400     0.7674     5.0385   107.3273    30.0
20230615.0500     0.7608     4.9074   107.2560    30.0
20230615.0600     0.7626     4.7446   107.2944    30.0
20230615.0700     0.7727     4.5729   107.4919    30.0
20230615.0800     0.7944     4.4026   107.7607    30.0
20230615.0900     0.8223     4.2718   108.2270    30.0
20230615.1000     0.8320     4.2189   107.8869    30.0
20230615.1100     0.8424     4.1817   107.8539    30.0
20230615.1200     0.8409     4.1779   107.7771    30.0
20230615.1300     0.8348     4.1803   107.3712    30.0
20230615.1400     0.8195     4.2001   106.9872    30.0
20230615.1500     0.7966     4.2337   106.6142    30.0
20230615.1600     0.7766     4.2569   106.2577    30.0
20230615.1700     0.7636     4.2568   105.9560    30.0
20230615.1800     0.7561     4.2443   105.7366    30.0
20230615.1900     0.7528     4.2248   105.6378    30.0
20230615.2000     0.7589     4.1850   105.8408    30.0
20230615.2100     0.7738     4.1394   106.1699    30.0
20230615.2200     0.7498     4.2129   105.5775    30.0
20230615.2300     0.7290     4.2643   105.1825    30.0
20230616.0000     0.7153     4.2802   105.1222    30.0
20230616.0100     0.7100     4.2570   105.4788    30.0
20230616.0200     0.7111     4.2135   106.1205    30.0
20230616.0300     0.7158     4.1670   106.7623    30.0
20230616.0400     0.7156     4.1452   107.1683    30.0
20230616.0500     0.7129     4.1335   107.4645    30.0
20230616.0600     0.7049     4.1382   107.6400    30.0
20230616.0700     0.6941     4.1517   107.8265    30.0
20230616.0800     0.6820     4.1666   108.1337    30.0
20230616.0900     0.6733     4.1645   108.6000    30.0
20230616.1000     0.6652     4.1585   108.7645    30.0
20230616.1100     0.7168     4.3098   109.0937    30.0
20230616.1200     0.7008     4.3121   109.1266    30.0
20230616.1300     0.6838     4.3207   109.1156    30.0
20230616.1400     0.6682     4.3257   109.1101    30.0
20230616.1500     0.6533     4.3314   109.0333    30.0
20230616.1600     0.6396     4.3314   108.9236    30.0
20230616.1700     0.6292     4.3157   108.8523    30.0
20230616.1800     0.6241     4.2728   108.8797    30.0
20230616.1900     0.6196     4.2318   108.8907    30.0
20230616.2000     0.6152     4.1935   108.7974    30.0
20230616.2100     0.6195     4.1190   108.7097    30.0
20230616.2200     0.6378     4.0098   108.7097    30.0
20230616.2300     0.6718     3.9002   108.6274    30.0
20230617.0000     0.7178     3.8278   108.3312    30.0
20230617.0100     0.7680     3.8108   107.5303    30.0
20230617.0200     0.8219     3.8349   106.3784    30.0
20230617.0300     0.8724     3.8897   105.4294    30.0
20230617.0400     0.9178     3.9588   104.8973    30.0
20230617.0500     0.9493     4.0307   104.5133    30.0
20230617.0600     0.9690     4.0962   104.0196    30.0
20230617.0700     0.9842     4.1492   103.3504    30.0
20230617.0800     0.9972     4.1903   102.5824    30.0
20230617.0900     0.9977     4.2257   102.0833    30.0
20230617.1000     0.9581     4.2559   101.8968    30.0
20230617.1100     0.9237     4.2860   101.9736    30.0
20230617.1200     0.8889     4.3061   102.1820    30.0
20230617.1300     0.8541     4.3224   102.5166    30.0
20230617.1400     0.8211     4.3326   102.7799    30.0
20230617.1500     0.7908     4.3395   102.8238    30.0
20230617.1600     0.7640     4.3386   102.8073    30.0
20230617.1700     0.7401     4.3309   102.8293    30.0
20230617.1800     0.7190     4.3170   102.9225    30.0
20230617.1900     0.7013     4.2948   102.9719    30.0
20230617.2000     0.6877     4.2591   103.0103    30.0
20230617.2100     0.6806     4.2029   103.1804    30.0
20230617.2200     0.6779     4.1382   103.5534    30.0
20230617.2300     0.7415     4.2469   104.0855    30.0
20230618.0000     0.7357     4.1834   104.4694    30.0
20230618.0100     0.7309     4.1282   104.6340    30.0
20230618.0200     0.7270     4.0804   104.5627    30.0
20230618.0300     0.7245     4.0372   104.3158    30.0
20230618.0400     0.7266     3.9937   104.0525    30.0
20230618.0500     0.7273     3.9653   103.7563    30.0
20230618.0600     0.7164     3.9663   103.3888    30.0
20230618.0700     0.6941     3.9943   103.1255    30.0
20230618.0800     0.6682     4.0295   102.9939    30.0
20230618.0900     0.6434     4.0595   102.9609    30.0
20230618.1000     0.6140     4.1216   103.2023    30.0
20230618.1100     0.5918     4.1542   103.4327    30.0
20230618.1200     0.5745     4.1662   103.6740    30.0
20230618.1300     0.5615     4.1567   103.9867    30.0
20230618.1400     0.5538     4.1205   104.4914    30.0
20230618.1500     0.5516     4.0604   105.0893    30.0
20230618.1600     0.5485     4.0197   105.4678    30.0
20230618.1700     0.5409     4.0110   105.4788    30.0
20230618.1800     0.5327     4.0084   105.3087    30.0
20230618.1900     0.5239     4.0123   105.1441    30.0
20230618.2000     0.5158     4.0126   105.0399    30.0
20230618.2100     0.5088     4.0083   104.9741    30.0
20230618.2200     0.5060     3.9755   105.3581    30.0
20230618.2300     0.5070     3.9352   105.4952    30.0
20230619.0000     0.5059     3.9114   105.3855    30.0
20230619.0100     0.5007     3.9143   105.2374    30.0
20230619.0200     0.4914     3.9404   105.0838    30.0
20230619.0300     0.4806     3.9724   104.9467    30.0
20230619.0400     0.4708     3.9993   104.8424    30.0
20230619.0500     0.4628     4.0099   104.7602    30.0
20230619.0600     0.4561     4.0113   104.8150    30.0
20230619.0700     0.4491     4.0151   105.0344    30.0
20230619.0800     0.4436     4.0072   105.6762    30.0
20230619.0900     0.4430     3.9608   107.2012    30.0
20230619.1000     0.4332     3.9766   107.7881    30.0
20230619.1100     0.4285     3.9581   108.3312    30.0
20230619.1200     0.4256     3.9254   108.8962    30.0
20230619.1300     0.4199     3.9175   108.9675    30.0
20230619.1400     0.4119     3.9295   108.6987    30.0
20230619.1500     0.4030     3.9517   108.3367    30.0
20230619.1600     0.3945     3.9672   107.9527    30.0
20230619.1700     0.3877     3.9699   107.5577    30.0
20230619.1800     0.3811     3.9693   107.2615    30.0
20230619.1900     0.3757     3.9574   107.0750    30.0
20230619.2000     0.3705     3.9451   107.0586    30.0
20230619.2100     0.3675     3.9172   107.6126    30.0
20230619.2200     0.3596     3.9219   107.5577    30.0
20230619.2300     0.3550     3.9083   107.4754    30.0
20230620.0000     0.3511     3.8913   107.3328    30.0
20230620.0100     0.3479     3.8685   107.0421    30.0
20230620.0200     0.3436     3.8574   106.6801    30.0
20230620.0300     0.3396     3.8459   106.3290    30.0
20230620.0400     0.3350     3.8440   106.0712    30.0
20230620.0500     0.3334     3.8061   105.5885    30.0
20230620.0600     0.3313     3.7805   104.8534    30.0
20230620.0700     0.3303     3.7459   103.9319    30.0
20230620.0800     0.3322     3.6880   102.2094    30.0
20230620.0900     0.3332     3.6449   101.0081    30.0
20230620.1000     0.3291     3.6424   100.3060    30.0
20230620.1100     0.3380     3.5454    99.7739    30.0
20230620.1200     0.3585     3.4042    99.4832    30.0
20230620.1300     0.3817     3.2969    99.8397    30.0
20230620.1400     0.4065     3.2321   100.3170    30.0
20230620.1500     0.4315     3.2026   100.8326    30.0
20230620.1600     0.4622     3.1867   101.4195    30.0
20230620.1700     0.4998     3.1909   102.5166    30.0
20230620.1800     0.5336     3.2191   103.8606    30.0
20230620.1900     0.5687     3.2577   105.2374    30.0
20230620.2000     0.6086     3.3097   106.2796    30.0
20230620.2100     0.6482     3.3799   106.9763    30.0
20230620.2200     0.6442     3.4698   107.6839    30.0
20230620.2300     0.6733     3.6050   108.2873    30.0
20230621.0000     0.6738     3.6449   109.0333    30.0
20230621.0100     0.6802     3.6707   109.8836    30.0
20230621.0200     0.6906     3.6914   110.8764    30.0
20230621.0300     0.7052     3.7119   111.6663    30.0
20230621.0400     0.7227     3.7358   112.2478    30.0
20230621.0500     0.7375     3.7676   112.6098    30.0
20230621.0600     0.7499     3.7998   112.8731    30.0
20230621.0700     0.7612     3.8286   113.0761    30.0
20230621.0800     0.7730     3.8514   113.5149    30.0
20230621.0900     0.7843     3.8723   114.0141    30.0
20230621.1000     0.7750     3.9132   113.9647    30.0
20230621.1100     0.7714     3.9341   113.8221    30.0
20230621.1200     0.7792     3.9361   113.4601    30.0
20230621.1300     0.7897     3.9423   112.3465    30.0
20230621.1400     0.8043     3.9501   110.2456    30.0
20230621.1500     0.8113     3.9699   107.7387    30.0
20230621.1600     0.8123     3.9920   105.4842    30.0
20230621.1700     0.8055     4.0163   103.7838    30.0
20230621.1800     0.7937     4.0377   102.5550    30.0
20230621.1900     0.7816     4.0480   101.7212    30.0
20230621.2000     0.7781     4.0339   100.9642    30.0
20230621.2100     0.7869     4.0022   100.1030    30.0
20230621.2200     0.7970     3.9807    99.8672    30.0
20230621.2300     0.8129     3.9704   100.0701    30.0
20230622.0000     0.8301     3.9717   100.7393    30.0
20230622.0100     0.8461     3.9838   101.4908    30.0
20230622.0200     0.8602     4.0028   102.4124    30.0
20230622.0300     0.8702     4.0268   103.4930    30.0
20230622.0400     0.8836     4.0466   104.7711    30.0
20230622.0500     0.8957     4.0687   105.8243    30.0
20230622.0600     0.9044     4.0928   106.5813    30.0
20230622.0700     0.9008     4.1221   106.9159    30.0
20230622.0800     0.8909     4.1462   106.8885    30.0
20230622.0900     0.8821     4.1580   106.6307    30.0
20230622.1000     0.8552     4.1915   106.2632    30.0
20230622.1100     0.8278     4.2299   105.8572    30.0
20230622.1200     0.7976     4.2524   105.5062    30.0
20230622.1300     0.7721     4.2584   105.1880    30.0
20230622.1400     0.7512     4.2517   104.9522    30.0
20230622.1500     0.7338     4.2373   104.6505    30.0
20230622.1600     0.7201     4.2152   104.2116    30.0
20230622.1700     0.7133     4.1739   103.6576    30.0
20230622.1800     0.7125     4.1232   103.1968    30.0
20230622.1900     0.7119     4.0836   102.9390    30.0
20230622.2000     0.7087     4.0599   102.9500    30.0
20230622.2100     0.7001     4.0533   103.1529    30.0
20230622.2200     0.6900     4.0447   103.3559    30.0
20230622.2300     0.6847     4.0194   103.7508    30.0
20230623.0000     0.6771     4.0001   104.2500    30.0
20230623.0100     0.6693     3.9824   104.8479    30.0
20230623.0200     0.6614     3.9645   105.4294    30.0
20230623.0300     0.6532     3.9508   106.0273    30.0
20230623.0400     0.6438     3.9388   106.7020    30.0
20230623.0500     0.6386     3.9119   107.5193    30.0
20230623.0600     0.6364     3.8783   108.3202    30.0
20230623.0700     0.6332     3.8514   109.0882    30.0
20230623.0800     0.6291     3.8297   109.8177    30.0
20230623.0900     0.6275     3.8017   110.6460    30.0
20230623.1000     0.6287     3.7721   110.8545    30.0
20230623.1100     0.6269     3.7386   110.7886    30.0
20230623.1200     0.6309     3.7167   110.6021    30.0
20230623.1300     0.6317     3.7090   110.4924    30.0
20230623.1400     0.6253     3.7171   110.4869    30.0
20230623.1500     0.6218     3.7134   110.5363    30.0
20230623.1600     0.6256     3.6939   110.8874    30.0
20230623.1700     0.6312     3.6861   110.9642    30.0
20230623.1800     0.6310     3.7000   110.4650    30.0
20230623.1900     0.6295     3.7182   109.6312    30.0
20230623.2000     0.6231     3.7460   108.7261    30.0
20230623.2100     0.6167     3.7689   107.8869    30.0
20230623.2200     0.6156     3.7685   107.1299    30.0
20230623.2300     0.6285     3.7856   106.8282    30.0
20230624.0000     0.6263     3.7862   106.9818    30.0
20230624.0100     0.6204     3.7918   107.4754    30.0
20230624.0200     0.6189     3.7791   108.5341    30.0
20230624.0300     0.6231     3.7529   109.8781    30.0
20230624.0400     0.6278     3.7358   110.9258    30.0
20230624.0500     0.6249     3.7454   111.1452    30.0
20230624.0600     0.6158     3.7690   110.8325    30.0
20230624.0700     0.6046     3.7940   110.3718    30.0
20230624.0800     0.5930     3.8163   109.9329    30.0
20230624.0900     0.5824     3.8319   109.5819    30.0
20230624.1000     0.5742     3.8309   108.8358    30.0
20230624.1100     0.5703     3.8176   108.2105    30.0
20230624.1200     0.5710     3.7887   107.6620    30.0
20230624.1300     0.5721     3.7653   107.1354    30.0
20230624.1400     0.5725     3.7501   106.7843    30.0
20230624.1500     0.5708     3.7459   106.3893    30.0
20230624.1600     0.5644     3.7596   106.1973    30.0
20230624.1700     0.5533     3.7932   106.0767    30.0
20230624.1800     0.5412     3.8297   105.9286    30.0
20230624.1900     0.5317     3.8520   105.8134    30.0
20230624.2000     0.5279     3.8452   105.9340    30.0
20230624.2100     0.5248     3.8406   105.9999    30.0
20230624.2200     0.5281     3.8046   106.5155    30.0
20230624.2300     0.5427     3.7367   107.5632    30.0
20230625.0000     0.5616     3.6836   108.4025    30.0
20230625.0100     0.5772     3.6637   108.6329    30.0
20230625.0200     0.5927     3.6525   108.8249    30.0
20230625.0300     0.6097     3.6471   109.0553    30.0
20230625.0400     0.6215     3.6591   109.1595    30.0
20230625.0500     0.6213     3.6935   109.0553    30.0
20230625.0600     0.6097     3.7462   108.6219    30.0
20230625.0700     0.5955     3.7932   108.1337    30.0
20230625.0800     0.5821     3.8266   107.6839    30.0
20230625.0900     0.5701     3.8488   107.3767    30.0
20230625.1000     0.5554     3.8785   106.8501    30.0
20230625.1100     0.5446     3.8882   106.5374    30.0
20230625.1200     0.5369     3.8814   106.2741    30.0
20230625.1300     0.5345     3.8497   105.8518    30.0
20230625.1400     0.5376     3.7999   105.4733    30.0
20230625.1500     0.5417     3.7604   105.0180    30.0
20230625.1600     0.5381     3.7598   104.6340    30.0
20230625.1700     0.5303     3.7758   104.3323    30.0
20230625.1800     0.5197     3.8021   104.1019    30.0
20230625.1900     0.5061     3.8459   103.9044    30.0
20230625.2000     0.4926     3.8907   103.7673    30.0
20230625.2100     0.4830     3.9095   103.7618    30.0
20230625.2200     0.4775     3.8973   104.1622    30.0
20230625.2300     0.4829     3.8276   105.1551    30.0
20230626.0000     0.4922     3.7534   106.0876    30.0
20230626.0100     0.4993     3.7107   106.5374    30.0
20230626.0200     0.4994     3.7048   106.6526    30.0
20230626.0300     0.4937     3.7242   106.5210    30.0
20230626.0400     0.4836     3.7582   106.3893    30.0
20230626.0500     0.4713     3.8019   106.2467    30.0
20230626.0600     0.4586     3.8441   106.1041    30.0
20230626.0700     0.4477     3.8734   105.9889    30.0
20230626.0800     0.4380     3.8904   105.9286    30.0
20230626.0900     0.4296     3.8943   106.0492    30.0
20230626.1000     0.4192     3.9036   106.3674    30.0
20230626.1100     0.3964     3.8094   106.7239    30.0
20230626.1200     0.3906     3.7580   107.5248    30.0
20230626.1300     0.3846     3.7060   108.0295    30.0
20230626.1400     0.3772     3.6691   108.2324    30.0
20230626.1500     0.3690     3.6386   108.3805    30.0
20230626.1600     0.3629     3.5983   108.7261    30.0
20230626.1700     0.3578     3.5573   109.3240    30.0
20230626.1800     0.3514     3.5356   109.8397    30.0
20230626.1900     0.3444     3.5242   110.2346    30.0
20230626.2000     0.3395     3.5017   110.9093    30.0
20230626.2100     0.3399     3.4467   112.3794    30.0
20230626.2200     0.3517     3.3379   116.4277    30.0
20230626.2300     0.3795     3.1999   121.4523    30.0
20230627.0000     0.4164     3.1129   126.1533    30.0
20230627.0100     0.4461     3.0996   128.5121    30.0
20230627.0200     0.4631     3.1194   129.4391    30.0
20230627.0300     0.4621     3.1626   129.0167    30.0
20230627.0400     0.4573     3.1949   128.3311    30.0
20230627.0500     0.4509     3.2241   127.2998    30.0
20230627.0600     0.4446     3.2485   126.1040    30.0
20230627.0700     0.4399     3.2683   124.7929    30.0
20230627.0800     0.4375     3.2790   123.5368    30.0
20230627.0900     0.4376     3.2851   122.4726    30.0
20230627.1000     0.4330     3.3094   121.0135    30.0
20230627.1100     0.4414     3.2939   119.9054    30.0
20230627.1200     0.4593     3.2710   119.0442    30.0
20230627.1300     0.4895     3.2576   117.6290    30.0
20230627.1400     0.5228     3.2798   116.0217    30.0
20230627.1500     0.5525     3.3297   114.2170    30.0
20230627.1600     0.5699     3.3985   112.7744    30.0
20230627.1700     0.5740     3.4760   111.7541    30.0
20230627.1800     0.5742     3.5404   111.0355    30.0
20230627.1900     0.5793     3.5787   110.3882    30.0
20230627.2000     0.5935     3.5939   109.7519    30.0
20230627.2100     0.6119     3.6084   109.4283    30.0
20230627.2200     0.6315     3.6263   109.8177    30.0
20230627.2300     0.6565     3.6779   110.2730    30.0
20230628.0000     0.6707     3.7086   110.3882    30.0
20230628.0100     0.6893     3.7277   110.2950    30.0
20230628.0200     0.7132     3.7419   110.4486    30.0
20230628.0300     0.7349     3.7627   110.9258    30.0
20230628.0400     0.7530     3.7865   111.4688    30.0
20230628.0500     0.7607     3.8170   111.8144    30.0
20230628.0600     0.7562     3.8475   112.2478    30.0
20230628.0700     0.7426     3.8730   112.6866    30.0
20230628.0800     0.7292     3.8833   113.1638    30.0
20230628.0900     0.7186     3.8794   113.6301    30.0
20230628.1000     0.7086     3.8698   114.1732    30.0
20230628.1100     0.7015     3.8580   114.3267    30.0
20230628.1200     0.6937     3.8520   114.1128    30.0
20230628.1300     0.6864     3.8494   113.6246    30.0
20230628.1400     0.6793     3.8508   112.9828    30.0
20230628.1500     0.6697     3.8622   112.2258    30.0
20230628.1600     0.6573     3.8812   111.3536    30.0
20230628.1700     0.6466     3.8924   110.6351    30.0
20230628.1800     0.6365     3.8984   109.9933    30.0
20230628.1900     0.6288     3.8944   109.6148    30.0
20230628.2000     0.6243     3.8787   109.5873    30.0
20230628.2100     0.6244     3.8492   110.1359    30.0
20230628.2200     0.6339     3.7948   112.0229    30.0
20230628.2300     0.6606     3.7273   114.9685    30.0
20230629.0000     0.6963     3.6891   117.7387    30.0
20230629.0100     0.7230     3.7008   119.0278    30.0
20230629.0200     0.7358     3.7352   119.4776    30.0
20230629.0300     0.7430     3.7690   119.7134    30.0
20230629.0400     0.7437     3.7991   120.2071    30.0
20230629.0500     0.7364     3.8286   120.5527    30.0
20230629.0600     0.7264     3.8525   120.6514    30.0
20230629.0700     0.7095     3.8830   120.3004    30.0
20230629.0800     0.6906     3.9110   119.8012    30.0
20230629.0900     0.6754     3.9234   119.3624    30.0
20230629.1000     0.6550     3.9522   118.3860    30.0
20230629.1100     0.6890     4.0858   117.5632    30.0
20230629.1200     0.6740     4.0678   116.4167    30.0
20230629.1300     0.6627     4.0438   115.1825    30.0
20230629.1400     0.6515     4.0287   114.0799    30.0
20230629.1500     0.6400     4.0184   113.0651    30.0
20230629.1600     0.6309     4.0038   112.1765    30.0
20230629.1700     0.6244     3.9818   111.2494    30.0
20230629.1800     0.6158     3.9724   110.4705    30.0
20230629.1900     0.6082     3.9601   109.8945    30.0
20230629.2000     0.6094     3.9158   109.4886    30.0
20230629.2100     0.6278     3.8328   108.9510    30.0
20230629.2200     0.6372     3.7981   108.5396    30.0
20230629.2300     0.6402     3.7889   108.2873    30.0
20230630.0000     0.6442     3.7754   108.4299    30.0
20230630.0100     0.6523     3.7544   108.5561    30.0
20230630.0200     0.6610     3.7380   108.6658    30.0
20230630.0300     0.6675     3.7304   108.6384    30.0
20230630.0400     0.6682     3.7322   108.8303    30.0
20230630.0500     0.6636     3.7379   108.9839    30.0
20230630.0600     0.6546     3.7430   109.3570    30.0
20230630.0700     0.6440     3.7425   110.0701    30.0
20230630.0800     0.6304     3.7434   110.5528    30.0
20230630.0900     0.6189     3.7329   111.1562    30.0
20230630.1000     0.6107     3.7088   111.6279    30.0
20230630.1100     0.6087     3.6748   112.5769    30.0
20230630.1200     0.6087     3.6446   113.8111    30.0
20230630.1300     0.6086     3.6243   114.3542    30.0
20230630.1400     0.6136     3.6043   114.2938    30.0
20230630.1500     0.6128     3.6046   113.5807    30.0
20230630.1600     0.6079     3.6126   113.0267    30.0
20230630.1700     0.5997     3.6250   112.4782    30.0
20230630.1800     0.5871     3.6466   111.9186    30.0
20230630.1900     0.5793     3.6511   111.6553    30.0
20230630.2000     0.5816     3.6308   111.7267    30.0
20230630.2100     0.5927     3.6038   112.0777    30.0
20230630.2200     0.6113     3.5807   111.7102    30.0
20230630.2300     0.6716     3.6847   111.5895    30.0
