TPAR
20230501.0000     0.2302     3.3158   106.2138    30.0
20230501.0100     0.2288     3.3054   105.3142    30.0
20230501.0200     0.2270     3.3003   104.5023    30.0
20230501.0300     0.2278     3.2577   102.9280    30.0
20230501.0400     0.2279     3.2214   101.6280    30.0
20230501.0500     0.2282     3.1841   100.1030    30.0
20230501.0600     0.2255     3.1848    99.2802    30.0
20230501.0700     0.2222     3.1954    98.7865    30.0
20230501.0800     0.2223     3.1545    99.1595    30.0
20230501.0900     0.2261     3.0762   101.6883    30.0
20230501.1000     0.2131     3.1637   107.4096    30.0
20230501.1100     0.2177     3.0663   110.4595    30.0
20230501.1200     0.2255     2.9650   115.8517    30.0
20230501.1300     0.2330     2.8973   121.5401    30.0
20230501.1400     0.2341     2.8704   122.4232    30.0
20230501.1500     0.2365     2.8349   121.7431    30.0
20230501.1600     0.2348     2.8385   120.8599    30.0
20230501.1700     0.2329     2.8422   120.4265    30.0
20230501.1800     0.2320     2.8501   120.4375    30.0
20230501.1900     0.2349     2.8325   119.4831    30.0
20230501.2000     0.2448     2.7936   118.7315    30.0
20230501.2100     0.2448     2.8101   118.9729    30.0
20230501.2200     0.2313     2.8756   115.6597    30.0
20230501.2300     0.2298     2.9017   115.6433    30.0
20230502.0000     0.2320     2.8937   115.2428    30.0
20230502.0100     0.2401     2.8689   113.4162    30.0
20230502.0200     0.2537     2.8241   114.0744    30.0
20230502.0300     0.2672     2.8066   114.8259    30.0
20230502.0400     0.2804     2.8113   114.2719    30.0
20230502.0500     0.2900     2.8401   113.2955    30.0
20230502.0600     0.2928     2.8968   112.4836    30.0
20230502.0700     0.2945     2.9508   111.5676    30.0
20230502.0800     0.2974     2.9928   110.6735    30.0
20230502.0900     0.3002     3.0275   110.3004    30.0
20230502.1000     0.2928     3.0963   109.8506    30.0
20230502.1100     0.2954     3.1284   109.9000    30.0
20230502.1200     0.2981     3.1566   110.0371    30.0
20230502.1300     0.3021     3.1705   110.2072    30.0
20230502.1400     0.3075     3.1745   110.0042    30.0
20230502.1500     0.3159     3.1669   109.4557    30.0
20230502.1600     0.3237     3.1681   109.4886    30.0
20230502.1700     0.3304     3.1829   109.5873    30.0
20230502.1800     0.3386     3.1950   109.7574    30.0
20230502.1900     0.3476     3.2149   109.7464    30.0
20230502.2000     0.3624     3.2203   109.3515    30.0
20230502.2100     0.4038     3.1540   105.5830    30.0
20230502.2200     0.4422     3.1499   104.0471    30.0
20230502.2300     0.4710     3.1953   104.3981    30.0
20230503.0000     0.5059     3.2333   104.3268    30.0
20230503.0100     0.5211     3.3014   104.5298    30.0
20230503.0200     0.5264     3.3736   105.7750    30.0
20230503.0300     0.5251     3.4503   107.1737    30.0
20230503.0400     0.5211     3.5258   108.3476    30.0
20230503.0500     0.5171     3.5994   109.2802    30.0
20230503.0600     0.5139     3.6702   110.0481    30.0
20230503.0700     0.5114     3.7437   110.8325    30.0
20230503.0800     0.5087     3.8226   111.6389    30.0
20230503.0900     0.5076     3.8880   112.4617    30.0
20230503.1000     0.5059     3.9481   113.2735    30.0
20230503.1100     0.5081     3.9831   113.9428    30.0
20230503.1200     0.5105     4.0194   114.4035    30.0
20230503.1300     0.5139     4.0489   114.7711    30.0
20230503.1400     0.5149     4.0931   115.0892    30.0
20230503.1500     0.5162     4.1336   115.3251    30.0
20230503.1600     0.5175     4.1742   115.5116    30.0
20230503.1700     0.5207     4.1967   115.6158    30.0
20230503.1800     0.5237     4.2207   115.6597    30.0
20230503.1900     0.5253     4.2521   115.7200    30.0
20230503.2000     0.5264     4.2844   115.8078    30.0
20230503.2100     0.5287     4.3030   115.8846    30.0
20230503.2200     0.5319     4.3039   115.8736    30.0
20230503.2300     0.5383     4.2839   115.9888    30.0
20230504.0000     0.5459     4.2511   116.0437    30.0
20230504.0100     0.5527     4.2228   115.9340    30.0
20230504.0200     0.5566     4.2145   115.6707    30.0
20230504.0300     0.5567     4.2247   115.2483    30.0
20230504.0400     0.5538     4.2472   115.0179    30.0
20230504.0500     0.5483     4.2796   114.9466    30.0
20230504.0600     0.5415     4.3180   114.9905    30.0
20230504.0700     0.5337     4.3546   115.1002    30.0
20230504.0800     0.5264     4.3830   115.2044    30.0
20230504.0900     0.5199     4.4011   115.3141    30.0
20230504.1000     0.5115     4.4230   115.4074    30.0
20230504.1100     0.5069     4.4167   115.5281    30.0
20230504.1200     0.5018     4.4113   115.6817    30.0
20230504.1300     0.4968     4.4052   115.8298    30.0
20230504.1400     0.4919     4.3977   115.9285    30.0
20230504.1500     0.4886     4.3769   116.1753    30.0
20230504.1600     0.4877     4.3373   116.5977    30.0
20230504.1700     0.4901     4.2748   117.3437    30.0
20230504.1800     0.4995     4.1715   118.8522    30.0
20230504.1900     0.5149     4.0502   120.4375    30.0
20230504.2000     0.5374     3.9301   121.5840    30.0
20230504.2100     0.5594     3.8521   122.0228    30.0
20230504.2200     0.5671     3.8427   122.0009    30.0
20230504.2300     0.5739     3.8383   121.8418    30.0
20230505.0000     0.5763     3.8469   121.5401    30.0
20230505.0100     0.5771     3.8585   121.2878    30.0
20230505.0200     0.5784     3.8649   121.0299    30.0
20230505.0300     0.5791     3.8719   120.5198    30.0
20230505.0400     0.5797     3.8777   119.8396    30.0
20230505.0500     0.5763     3.8980   119.1923    30.0
20230505.0600     0.5724     3.9156   118.6273    30.0
20230505.0700     0.5680     3.9338   118.1940    30.0
20230505.0800     0.5650     3.9439   117.8100    30.0
20230505.0900     0.5694     3.9211   117.4589    30.0
20230505.1000     0.5657     3.9380   116.9543    30.0
20230505.1100     0.5653     3.9418   116.7129    30.0
20230505.1200     0.5618     3.9601   116.6635    30.0
20230505.1300     0.5543     3.9995   116.6635    30.0
20230505.1400     0.5434     4.0593   116.6690    30.0
20230505.1500     0.5336     4.1103   116.6416    30.0
20230505.1600     0.5265     4.1388   116.6087    30.0
20230505.1700     0.5219     4.1472   116.5429    30.0
20230505.1800     0.5172     4.1538   116.3838    30.0
20230505.1900     0.5103     4.1742   116.1808    30.0
20230505.2000     0.5027     4.1960   115.9614    30.0
20230505.2100     0.4952     4.2088   115.7310    30.0
20230505.2200     0.4963     4.1461   115.5226    30.0
20230505.2300     0.5080     4.0247   115.2702    30.0
20230506.0000     0.5213     3.9284   114.9576    30.0
20230506.0100     0.5263     3.8927   114.6943    30.0
20230506.0200     0.5304     3.8671   114.3816    30.0
20230506.0300     0.5386     3.8304   114.0360    30.0
20230506.0400     0.5435     3.8222   114.0196    30.0
20230506.0500     0.5421     3.8403   114.0470    30.0
20230506.0600     0.5373     3.8663   113.9263    30.0
20230506.0700     0.5317     3.8889   113.7179    30.0
20230506.0800     0.5252     3.9086   113.6082    30.0
20230506.0900     0.5189     3.9168   113.5314    30.0
20230506.1000     0.5214     3.8665   113.3339    30.0
20230506.1100     0.5373     3.8752   113.3394    30.0
20230506.1200     0.5466     3.8057   113.5862    30.0
20230506.1300     0.5629     3.7299   113.9812    30.0
20230506.1400     0.5789     3.6858   114.0251    30.0
20230506.1500     0.5882     3.6788   113.8276    30.0
20230506.1600     0.5940     3.6861   113.5643    30.0
20230506.1700     0.5931     3.7111   113.2461    30.0
20230506.1800     0.5863     3.7473   112.7963    30.0
20230506.1900     0.5792     3.7722   112.4233    30.0
20230506.2000     0.5727     3.7877   112.1545    30.0
20230506.2100     0.5639     3.8051   111.8748    30.0
20230506.2200     0.5547     3.8148   111.2439    30.0
20230506.2300     0.5515     3.7955   110.6131    30.0
20230507.0000     0.5526     3.7595   110.1798    30.0
20230507.0100     0.5558     3.7220   109.8781    30.0
20230507.0200     0.5555     3.7041   109.9000    30.0
20230507.0300     0.5535     3.6938   110.0262    30.0
20230507.0400     0.5481     3.6958   110.0097    30.0
20230507.0500     0.5373     3.7180   109.9549    30.0
20230507.0600     0.5210     3.7642   110.0810    30.0
20230507.0700     0.5068     3.7997   110.3882    30.0
20230507.0800     0.5001     3.7917   111.0136    30.0
20230507.0900     0.5044     3.7334   112.4507    30.0
20230507.1000     0.4966     3.7422   112.8183    30.0
20230507.1100     0.4974     3.7203   113.5752    30.0
20230507.1200     0.4999     3.7025   114.1238    30.0
20230507.1300     0.5086     3.6683   114.9192    30.0
20230507.1400     0.5146     3.6641   115.5610    30.0
20230507.1500     0.5195     3.6734   116.1095    30.0
20230507.1600     0.5258     3.6795   116.7623    30.0
20230507.1700     0.5341     3.6806   117.5193    30.0
20230507.1800     0.5428     3.6844   118.2763    30.0
20230507.1900     0.5523     3.6870   119.0991    30.0
20230507.2000     0.5623     3.6900   119.9658    30.0
20230507.2100     0.5688     3.7073   120.5088    30.0
20230507.2200     0.5821     3.6956   121.4084    30.0
20230507.2300     0.5872     3.7170   121.2987    30.0
20230508.0000     0.5874     3.7456   120.6514    30.0
20230508.0100     0.5838     3.7791   119.8835    30.0
20230508.0200     0.5755     3.8245   119.2527    30.0
20230508.0300     0.5651     3.8728   118.7315    30.0
20230508.0400     0.5554     3.9126   118.3147    30.0
20230508.0500     0.5447     3.9565   118.0075    30.0
20230508.0600     0.5342     3.9965   117.7442    30.0
20230508.0700     0.5252     4.0229   117.4260    30.0
20230508.0800     0.5191     4.0273   116.9159    30.0
20230508.0900     0.5197     3.9915   115.8736    30.0
20230508.1000     0.5116     4.0131   115.2428    30.0
20230508.1100     0.5101     3.9957   114.6614    30.0
20230508.1200     0.5107     3.9675   114.0251    30.0
20230508.1300     0.5109     3.9419   113.4930    30.0
20230508.1400     0.5136     3.9035   113.0322    30.0
20230508.1500     0.5156     3.8733   112.6098    30.0
20230508.1600     0.5099     3.8898   112.4123    30.0
20230508.1700     0.5000     3.9266   112.3355    30.0
20230508.1800     0.4913     3.9538   112.4014    30.0
20230508.1900     0.4850     3.9603   112.7415    30.0
20230508.2000     0.4790     3.9638   113.0377    30.0
20230508.2100     0.4736     3.9628   113.3668    30.0
20230508.2200     0.4825     3.8632   114.0854    30.0
20230508.2300     0.4930     3.7874   114.0196    30.0
20230509.0000     0.4837     3.8271   113.7124    30.0
20230509.0100     0.4711     3.8830   113.4217    30.0
20230509.0200     0.4600     3.9274   113.2406    30.0
20230509.0300     0.4506     3.9577   113.2022    30.0
20230509.0400     0.4437     3.9697   113.4765    30.0
20230509.0500     0.4402     3.9507   114.1457    30.0
20230509.0600     0.4370     3.9333   114.6339    30.0
20230509.0700     0.4327     3.9264   115.2867    30.0
20230509.0800     0.4337     3.8826   116.8446    30.0
20230509.0900     0.4413     3.7980   118.6054    30.0
20230509.1000     0.4303     3.8425   118.9619    30.0
20230509.1100     0.4249     3.8478   119.2965    30.0
20230509.1200     0.4220     3.8364   119.6915    30.0
20230509.1300     0.4232     3.7947   120.0206    30.0
20230509.1400     0.4312     3.7185   119.9054    30.0
20230509.1500     0.4426     3.6412   119.9054    30.0
20230509.1600     0.4521     3.5941   120.1248    30.0
20230509.1700     0.4554     3.5856   120.4979    30.0
20230509.1800     0.4562     3.5892   121.1945    30.0
20230509.1900     0.4614     3.5688   122.1545    30.0
20230509.2000     0.4806     3.5051   123.4984    30.0
20230509.2100     0.5128     3.4441   123.8604    30.0
20230509.2200     0.5105     3.4944   123.2790    30.0
20230509.2300     0.5246     3.4929   122.0338    30.0
20230510.0000     0.5553     3.4740   120.0700    30.0
20230510.0100     0.6089     3.4743   117.3876    30.0
20230510.0200     0.6506     3.5367   115.6103    30.0
20230510.0300     0.6519     3.6346   114.9685    30.0
20230510.0400     0.6453     3.7198   114.3651    30.0
20230510.0500     0.6350     3.7966   113.7837    30.0
20230510.0600     0.6289     3.8587   113.0048    30.0
20230510.0700     0.6245     3.9182   112.3355    30.0
20230510.0800     0.6185     3.9833   111.9132    30.0
20230510.0900     0.6141     4.0395   111.5402    30.0
20230510.1000     0.6066     4.1072   112.1106    30.0
20230510.1100     0.6034     4.1503   112.7634    30.0
20230510.1200     0.6022     4.1721   113.3449    30.0
20230510.1300     0.6108     4.1348   113.7782    30.0
20230510.1400     0.6316     4.0529   114.3048    30.0
20230510.1500     0.6587     3.9785   114.5297    30.0
20230510.1600     0.6927     3.9173   113.7234    30.0
20230510.1700     0.7281     3.8868   112.1655    30.0
20230510.1800     0.7344     3.9319   110.9203    30.0
20230510.1900     0.7192     4.0324   111.1452    30.0
20230510.2000     0.7079     4.1153   111.7321    30.0
20230510.2100     0.7072     4.1571   111.5895    30.0
20230510.2200     0.7078     4.1898   111.1562    30.0
20230510.2300     0.8298     4.5586   110.9422    30.0
20230511.0000     0.8242     4.6257   111.5127    30.0
20230511.0100     0.8177     4.6722   111.7705    30.0
20230511.0200     0.8098     4.6997   111.6499    30.0
20230511.0300     0.8033     4.6950   110.8874    30.0
20230511.0400     0.7945     4.6796   109.9384    30.0
20230511.0500     0.7793     4.6816   109.4392    30.0
20230511.0600     0.7637     4.6711   109.0498    30.0
20230511.0700     0.7505     4.6383   108.6987    30.0
20230511.0800     0.7395     4.5875   108.3860    30.0
20230511.0900     0.7258     4.5524   108.4025    30.0
20230511.1000     0.7139     4.5031   109.2088    30.0
20230511.1100     0.7142     4.4025   110.5637    30.0
20230511.1200     0.7309     4.2611   112.4178    30.0
20230511.1300     0.7640     4.1235   114.4145    30.0
20230511.1400     0.8082     4.0340   115.9230    30.0
20230511.1500     0.8440     4.0174   116.5045    30.0
20230511.1600     0.8726     4.0369   116.5100    30.0
20230511.1700     0.9022     4.0683   115.9175    30.0
20230511.1800     0.9227     4.1102   114.9356    30.0
20230511.1900     0.9314     4.1543   113.9373    30.0
20230511.2000     0.9365     4.1908   113.0651    30.0
20230511.2100     0.9471     4.2169   112.3794    30.0
20230511.2200     0.9443     4.2519   112.2313    30.0
20230511.2300     0.9501     4.2685   112.4672    30.0
20230512.0000     0.9749     4.2692   112.6866    30.0
20230512.0100     1.0055     4.2834   112.3410    30.0
20230512.0200     1.0507     4.3103   111.6937    30.0
20230512.0300     1.0986     4.3628   111.3317    30.0
20230512.0400     1.1323     4.4339   111.5347    30.0
20230512.0500     1.1593     4.5007   112.0832    30.0
20230512.0600     1.1859     4.5594   112.7250    30.0
20230512.0700     1.2012     4.6193   113.4217    30.0
20230512.0800     1.1950     4.6788   114.0305    30.0
20230512.0900     1.1913     4.7190   114.5791    30.0
20230512.1000     1.1812     4.7481   114.6888    30.0
20230512.1100     1.2284     4.8180   114.9631    30.0
20230512.1200     1.2475     4.8090   115.3361    30.0
20230512.1300     1.2819     4.8045   115.5335    30.0
20230512.1400     1.3181     4.8186   115.5500    30.0
20230512.1500     1.3317     4.8537   115.5939    30.0
20230512.1600     1.3305     4.8884   115.5226    30.0
20230512.1700     1.3206     4.9147   115.4842    30.0
20230512.1800     1.2983     4.9383   115.5281    30.0
20230512.1900     1.2699     4.9541   115.6433    30.0
20230512.2000     1.2421     4.9570   115.6926    30.0
20230512.2100     1.2115     4.9592   115.8352    30.0
20230512.2200     1.1795     4.9559   116.1479    30.0
20230512.2300     1.1555     4.9308   116.5429    30.0
20230513.0000     1.1415     4.8917   117.1298    30.0
20230513.0100     1.1297     4.8600   117.4150    30.0
20230513.0200     1.1186     4.8371   117.4754    30.0
20230513.0300     1.1028     4.8385   117.4370    30.0
20230513.0400     1.0803     4.8669   117.3712    30.0
20230513.0500     1.0581     4.9040   117.3383    30.0
20230513.0600     1.0387     4.9381   117.3821    30.0
20230513.0700     1.0243     4.9548   117.5851    30.0
20230513.0800     1.0151     4.9498   117.9032    30.0
20230513.0900     1.0127     4.9174   118.3366    30.0
20230513.1000     1.0480     4.7884   120.0151    30.0
20230513.1100     1.1062     4.6740   121.8857    30.0
20230513.1200     1.1615     4.6322   122.9279    30.0
20230513.1300     1.1998     4.6441   123.3009    30.0
20230513.1400     1.2236     4.6805   123.2845    30.0
20230513.1500     1.2304     4.7252   123.0266    30.0
20230513.1600     1.2266     4.7639   122.5933    30.0
20230513.1700     1.2172     4.7880   122.0612    30.0
20230513.1800     1.2007     4.8010   121.6772    30.0
20230513.1900     1.1799     4.8059   121.5017    30.0
20230513.2000     1.1578     4.8007   121.6663    30.0
20230513.2100     1.1355     4.7865   122.1106    30.0
20230513.2200     1.0975     4.8032   121.9186    30.0
20230513.2300     1.2679     5.2269   122.0667    30.0
20230514.0000     1.2132     5.2307   122.0667    30.0
20230514.0100     1.1606     5.2311   122.0283    30.0
20230514.0200     1.1132     5.2168   121.9899    30.0
20230514.0300     1.0717     5.1829   122.0502    30.0
20230514.0400     1.0358     5.1325   122.2148    30.0
20230514.0500     1.0039     5.0726   122.4287    30.0
20230514.0600     0.9745     5.0068   122.6481    30.0
20230514.0700     0.9422     4.9618   122.8237    30.0
20230514.0800     0.9052     4.9448   122.9334    30.0
20230514.0900     0.8675     4.9413   123.0486    30.0
20230514.1000     0.8332     4.9293   123.1309    30.0
20230514.1100     0.8060     4.8896   123.3229    30.0
20230514.1200     0.7836     4.8331   123.5642    30.0
20230514.1300     0.7647     4.7692   123.9153    30.0
20230514.1400     0.7506     4.6898   124.3925    30.0
20230514.1500     0.7409     4.6014   124.9959    30.0
20230514.1600     0.7348     4.5107   125.6377    30.0
20230514.1700     0.7271     4.4428   126.0711    30.0
20230514.1800     0.7160     4.3992   126.3014    30.0
20230514.1900     0.7037     4.3674   126.3947    30.0
20230514.2000     0.6942     4.3285   126.4550    30.0
20230514.2100     0.6901     4.2750   126.4879    30.0
20230514.2200     0.6881     4.2241   126.2740    30.0
20230514.2300     0.6904     4.1703   126.1917    30.0
20230515.0000     0.7014     4.1017   126.2411    30.0
20230515.0100     0.7105     4.0590   125.9175    30.0
20230515.0200     0.7180     4.0329   124.9795    30.0
20230515.0300     0.7200     4.0265   123.9427    30.0
20230515.0400     0.7188     4.0280   122.9718    30.0
20230515.0500     0.7138     4.0381   122.1764    30.0
20230515.0600     0.7024     4.0633   121.4852    30.0
20230515.0700     0.6876     4.0958   120.9586    30.0
20230515.0800     0.6725     4.1249   120.6240    30.0
20230515.0900     0.6593     4.1441   120.5363    30.0
20230515.1000     0.6487     4.1458   120.0316    30.0
20230515.1100     0.6576     4.1943   120.0097    30.0
20230515.1200     0.6529     4.1585   120.3059    30.0
20230515.1300     0.6499     4.1198   120.4979    30.0
20230515.1400     0.6443     4.0975   120.7447    30.0
20230515.1500     0.6338     4.0980   121.2219    30.0
20230515.1600     0.6236     4.0955   121.8637    30.0
20230515.1700     0.6176     4.0741   122.5220    30.0
20230515.1800     0.6168     4.0347   123.0486    30.0
20230515.1900     0.6161     4.0023   123.3119    30.0
20230515.2000     0.6148     3.9778   123.3996    30.0
20230515.2100     0.6156     3.9499   123.4600    30.0
20230515.2200     0.6007     3.9824   123.5423    30.0
20230515.2300     0.5917     3.9876   123.5532    30.0
20230516.0000     0.5853     3.9801   123.4819    30.0
20230516.0100     0.5826     3.9578   123.1144    30.0
20230516.0200     0.5837     3.9239   122.5165    30.0
20230516.0300     0.5828     3.9055   122.0502    30.0
20230516.0400     0.5790     3.8996   121.7211    30.0
20230516.0500     0.5748     3.8944   121.4414    30.0
20230516.0600     0.5697     3.8902   121.1342    30.0
20230516.0700     0.5628     3.8919   120.8050    30.0
20230516.0800     0.5536     3.9005   120.6076    30.0
20230516.0900     0.5442     3.9046   120.6405    30.0
20230516.1000     0.5289     3.9335   120.5033    30.0
20230516.1100     0.5210     3.9189   120.7282    30.0
20230516.1200     0.5220     3.8545   121.5511    30.0
20230516.1300     0.5265     3.7857   122.6317    30.0
20230516.1400     0.5310     3.7292   123.6630    30.0
20230516.1500     0.5331     3.6923   124.2828    30.0
20230516.1600     0.5325     3.6679   124.5132    30.0
20230516.1700     0.5314     3.6476   124.6229    30.0
20230516.1800     0.5315     3.6252   124.4803    30.0
20230516.1900     0.5336     3.6006   123.9866    30.0
20230516.2000     0.5353     3.5816   123.2570    30.0
20230516.2100     0.5350     3.5737   122.5933    30.0
20230516.2200     0.5245     3.5941   122.0338    30.0
20230516.2300     0.5369     3.6600   121.6443    30.0
20230517.0000     0.5316     3.6497   121.4084    30.0
20230517.0100     0.5242     3.6493   121.1342    30.0
20230517.0200     0.5198     3.6347   120.4704    30.0
20230517.0300     0.5179     3.6145   119.4556    30.0
20230517.0400     0.5167     3.5960   118.6109    30.0
20230517.0500     0.5178     3.5725   117.8484    30.0
20230517.0600     0.5173     3.5594   117.3657    30.0
20230517.0700     0.5134     3.5595   117.3163    30.0
20230517.0800     0.5092     3.5581   117.4041    30.0
20230517.0900     0.5148     3.5245   117.6674    30.0
20230517.1000     0.5130     3.5201   118.0788    30.0
20230517.1100     0.5188     3.4960   119.1759    30.0
20230517.1200     0.5364     3.4570   120.0865    30.0
20230517.1300     0.5496     3.4496   119.9329    30.0
20230517.1400     0.5550     3.4613   119.7025    30.0
20230517.1500     0.5569     3.4749   119.4501    30.0
20230517.1600     0.5608     3.4799   119.7080    30.0
20230517.1700     0.5639     3.4905   119.9877    30.0
20230517.1800     0.5640     3.5065   120.1742    30.0
20230517.1900     0.5652     3.5163   120.2181    30.0
20230517.2000     0.5698     3.5165   120.1303    30.0
20230517.2100     0.5746     3.5188   119.9164    30.0
20230517.2200     0.5791     3.5192   120.1962    30.0
20230517.2300     0.5871     3.5141   120.2236    30.0
20230518.0000     0.6013     3.5069   120.3223    30.0
20230518.0100     0.6079     3.5191   120.2181    30.0
20230518.0200     0.6051     3.5435   119.9054    30.0
20230518.0300     0.5992     3.5630   119.3733    30.0
20230518.0400     0.5910     3.5806   119.0223    30.0
20230518.0500     0.5750     3.6142   118.8851    30.0
20230518.0600     0.5546     3.6584   118.9674    30.0
20230518.0700     0.5361     3.6902   119.1100    30.0
20230518.0800     0.5203     3.7094   119.3075    30.0
20230518.0900     0.5130     3.6835   119.5598    30.0
20230518.1000     0.5011     3.6821   119.6421    30.0
20230518.1100     0.4932     3.6676   120.0151    30.0
20230518.1200     0.4932     3.6148   120.9038    30.0
20230518.1300     0.5070     3.5243   122.1983    30.0
20230518.1400     0.5330     3.4456   123.6684    30.0
20230518.1500     0.5659     3.4076   124.7710    30.0
20230518.1600     0.5982     3.4095   125.5719    30.0
20230518.1700     0.6218     3.4393   125.7529    30.0
20230518.1800     0.6345     3.4823   125.6542    30.0
20230518.1900     0.6289     3.5369   125.3141    30.0
20230518.2000     0.6137     3.5879   124.7436    30.0
20230518.2100     0.6000     3.6194   124.0744    30.0
20230518.2200     0.5880     3.6350   123.1967    30.0
20230518.2300     0.5752     3.6586   122.4836    30.0
20230519.0000     0.5613     3.6839   121.7760    30.0
20230519.0100     0.5520     3.6899   120.8380    30.0
20230519.0200     0.5398     3.7170   120.2620    30.0
20230519.0300     0.5290     3.7431   119.8286    30.0
20230519.0400     0.5199     3.7648   119.4885    30.0
20230519.0500     0.5105     3.7926   119.3569    30.0
20230519.0600     0.5020     3.8213   119.3843    30.0
20230519.0700     0.4983     3.8209   119.8286    30.0
20230519.0800     0.4961     3.8150   120.0590    30.0
20230519.0900     0.4986     3.7823   120.5143    30.0
20230519.1000     0.4957     3.7848   120.6844    30.0
20230519.1100     0.4992     3.7585   120.7173    30.0
20230519.1200     0.5060     3.7239   120.4759    30.0
20230519.1300     0.5117     3.7011   120.1797    30.0
20230519.1400     0.5200     3.6729   119.8561    30.0
20230519.1500     0.5367     3.6247   119.0607    30.0
20230519.1600     0.5604     3.5811   117.7606    30.0
20230519.1700     0.5761     3.5768   116.6965    30.0
20230519.1800     0.5798     3.5995   116.1040    30.0
20230519.1900     0.5764     3.6275   115.7420    30.0
20230519.2000     0.5732     3.6437   115.7200    30.0
20230519.2100     0.5758     3.6400   115.8846    30.0
20230519.2200     0.5918     3.6112   116.1040    30.0
20230519.2300     0.6241     3.6506   116.0492    30.0
20230520.0000     0.6345     3.6575   115.7365    30.0
20230520.0100     0.6412     3.6748   115.3196    30.0
20230520.0200     0.6493     3.6888   115.0892    30.0
20230520.0300     0.6537     3.7097   115.1221    30.0
20230520.0400     0.6576     3.7265   115.3361    30.0
20230520.0500     0.6642     3.7344   115.4732    30.0
20230520.0600     0.6728     3.7389   115.3306    30.0
20230520.0700     0.6784     3.7475   115.2538    30.0
20230520.0800     0.6808     3.7580   115.4129    30.0
20230520.0900     0.6822     3.7641   115.8462    30.0
20230520.1000     0.6705     3.7906   115.9230    30.0
20230520.1100     0.6643     3.7944   116.1753    30.0
20230520.1200     0.6654     3.7805   116.8391    30.0
20230520.1300     0.6737     3.7621   117.1353    30.0
20230520.1400     0.6842     3.7559   116.7019    30.0
20230520.1500     0.6866     3.7710   115.7475    30.0
20230520.1600     0.6864     3.7897   114.8095    30.0
20230520.1700     0.6819     3.8148   114.2390    30.0
20230520.1800     0.6772     3.8369   113.9537    30.0
20230520.1900     0.6734     3.8549   113.7672    30.0
20230520.2000     0.6765     3.8552   113.5972    30.0
20230520.2100     0.6865     3.8482   113.3942    30.0
20230520.2200     0.7077     3.8333   112.9993    30.0
20230520.2300     0.7424     3.8654   113.1693    30.0
20230521.0000     0.7660     3.8869   113.4491    30.0
20230521.0100     0.7850     3.9186   113.4162    30.0
20230521.0200     0.8027     3.9502   113.3394    30.0
20230521.0300     0.8159     3.9823   113.2132    30.0
20230521.0400     0.8236     4.0146   113.1090    30.0
20230521.0500     0.8206     4.0523   113.1200    30.0
20230521.0600     0.8116     4.0880   113.2735    30.0
20230521.0700     0.7998     4.1184   113.5094    30.0
20230521.0800     0.7911     4.1338   113.9428    30.0
20230521.0900     0.7868     4.1353   114.7052    30.0
20230521.1000     0.7794     4.1448   115.3909    30.0
20230521.1100     0.7799     4.1330   116.2741    30.0
20230521.1200     0.7862     4.1151   117.1188    30.0
20230521.1300     0.7975     4.0976   117.9362    30.0
20230521.1400     0.8142     4.0842   118.6218    30.0
20230521.1500     0.8285     4.0881   119.0716    30.0
20230521.1600     0.8319     4.1140   119.1155    30.0
20230521.1700     0.8284     4.1458   118.8632    30.0
20230521.1800     0.8206     4.1789   118.5670    30.0
20230521.1900     0.8104     4.2082   118.3585    30.0
20230521.2000     0.8054     4.2164   118.2708    30.0
20230521.2100     0.8146     4.1910   118.2653    30.0
20230521.2200     0.8159     4.1866   118.1062    30.0
20230521.2300     0.8270     4.1662   118.1446    30.0
20230522.0000     0.8479     4.1410   118.1830    30.0
20230522.0100     0.8693     4.1318   117.9307    30.0
20230522.0200     0.8940     4.1327   117.2999    30.0
20230522.0300     0.9114     4.1507   116.4386    30.0
20230522.0400     0.9187     4.1781   115.8078    30.0
20230522.0500     0.9124     4.2116   115.5335    30.0
20230522.0600     0.8950     4.2461   115.4897    30.0
20230522.0700     0.8754     4.2707   115.5500    30.0
20230522.0800     0.8576     4.2829   115.5939    30.0
20230522.0900     0.8447     4.2800   115.6817    30.0
20230522.1000     0.8192     4.3146   115.8188    30.0
20230522.1100     0.8118     4.3374   116.0437    30.0
20230522.1200     0.8021     4.3168   116.3070    30.0
20230522.1300     0.8024     4.2727   116.7129    30.0
20230522.1400     0.8123     4.2180   117.1572    30.0
20230522.1500     0.8212     4.1841   117.4150    30.0
20230522.1600     0.8270     4.1680   117.4644    30.0
20230522.1700     0.8283     4.1669   117.1517    30.0
20230522.1800     0.8287     4.1681   116.4002    30.0
20230522.1900     0.8286     4.1706   115.4019    30.0
20230522.2000     0.8249     4.1786   114.5078    30.0
20230522.2100     0.8159     4.1934   113.9428    30.0
20230522.2200     0.7961     4.2277   113.8824    30.0
20230522.2300     0.8016     4.2596   113.9592    30.0
20230523.0000     0.7997     4.2143   114.2061    30.0
20230523.0100     0.8017     4.1761   114.3926    30.0
20230523.0200     0.7995     4.1592   114.5187    30.0
20230523.0300     0.7916     4.1595   114.6723    30.0
20230523.0400     0.7789     4.1704   114.8972    30.0
20230523.0500     0.7661     4.1746   115.0947    30.0
20230523.0600     0.7528     4.1772   115.2977    30.0
20230523.0700     0.7420     4.1667   115.7036    30.0
20230523.0800     0.7305     4.1567   116.2796    30.0
20230523.0900     0.7232     4.1300   116.9982    30.0
20230523.1000     0.7119     4.1141   117.5796    30.0
20230523.1100     0.7067     4.0796   118.3256    30.0
20230523.1200     0.7040     4.0408   119.0387    30.0
20230523.1300     0.7012     4.0094   119.5269    30.0
20230523.1400     0.7047     3.9699   119.7464    30.0
20230523.1500     0.7094     3.9436   119.5324    30.0
20230523.1600     0.7118     3.9332   118.9949    30.0
20230523.1700     0.7126     3.9318   118.4573    30.0
20230523.1800     0.7113     3.9364   118.1227    30.0
20230523.1900     0.7111     3.9376   117.8758    30.0
20230523.2000     0.7087     3.9443   117.6180    30.0
20230523.2100     0.7030     3.9559   117.4041    30.0
20230523.2200     0.7009     3.9532   116.7458    30.0
20230523.2300     0.7180     3.9633   116.1040    30.0
20230524.0000     0.7181     3.9689   115.4732    30.0
20230524.0100     0.7078     4.0001   115.0508    30.0
20230524.0200     0.6929     4.0399   114.7436    30.0
20230524.0300     0.6788     4.0752   114.3981    30.0
20230524.0400     0.6678     4.0988   114.0305    30.0
20230524.0500     0.6617     4.1047   113.5698    30.0
20230524.0600     0.6568     4.1104   113.1584    30.0
20230524.0700     0.6507     4.1236   113.0486    30.0
20230524.0800     0.6463     4.1302   113.2077    30.0
20230524.0900     0.6490     4.1071   113.5972    30.0
20230524.1000     0.6635     4.0457   113.5039    30.0
20230524.1100     0.6822     3.9943   113.6191    30.0
20230524.1200     0.7016     3.9587   114.4310    30.0
20230524.1300     0.7210     3.9386   115.4951    30.0
20230524.1400     0.7333     3.9449   116.0876    30.0
20230524.1500     0.7411     3.9615   116.2686    30.0
20230524.1600     0.7527     3.9714   116.1150    30.0
20230524.1700     0.7686     3.9809   115.5884    30.0
20230524.1800     0.7780     4.0077   114.7217    30.0
20230524.1900     0.7795     4.0425   113.8715    30.0
20230524.2000     0.7766     4.0755   113.3339    30.0
20230524.2100     0.7722     4.1001   113.2187    30.0
20230524.2200     0.7652     4.1185   113.4052    30.0
20230524.2300     0.7714     4.0995   113.6959    30.0
20230525.0000     0.7887     4.0674   113.9373    30.0
20230525.0100     0.8075     4.0493   114.3651    30.0
20230525.0200     0.8276     4.0416   115.2648    30.0
20230525.0300     0.8501     4.0442   116.2137    30.0
20230525.0400     0.8740     4.0587   116.8281    30.0
20230525.0500     0.9013     4.0830   117.0530    30.0
20230525.0600     0.9260     4.1200   116.9707    30.0
20230525.0700     0.9350     4.1705   116.6910    30.0
20230525.0800     0.9352     4.2151   116.5703    30.0
20230525.0900     0.9384     4.2419   116.7458    30.0
20230525.1000     0.9222     4.2840   116.2247    30.0
20230525.1100     1.0057     4.4880   116.4057    30.0
20230525.1200     1.0014     4.4818   116.6032    30.0
20230525.1300     0.9991     4.4672   116.0053    30.0
20230525.1400     0.9922     4.4584   115.3909    30.0
20230525.1500     0.9791     4.4569   114.9192    30.0
20230525.1600     0.9625     4.4547   114.5133    30.0
20230525.1700     0.9442     4.4495   114.3103    30.0
20230525.1800     0.9254     4.4412   114.2774    30.0
20230525.1900     0.9119     4.4165   114.4145    30.0
20230525.2000     0.9131     4.3638   114.8972    30.0
20230525.2100     0.9228     4.3120   115.6323    30.0
20230525.2200     0.9253     4.2893   115.2483    30.0
20230525.2300     0.9369     4.2658   114.9905    30.0
20230526.0000     0.9483     4.2565   114.9631    30.0
20230526.0100     0.9543     4.2632   114.9082    30.0
20230526.0200     0.9650     4.2692   114.9192    30.0
20230526.0300     0.9811     4.2781   114.8314    30.0
20230526.0400     0.9998     4.2932   114.8534    30.0
20230526.0500     1.0103     4.3180   114.9411    30.0
20230526.0600     1.0104     4.3467   115.0892    30.0
20230526.0700     0.9991     4.3758   115.1825    30.0
20230526.0800     0.9818     4.3982   115.3635    30.0
20230526.0900     0.9646     4.4062   115.7968    30.0
20230526.1000     0.9469     4.4052   115.3251    30.0
20230526.1100     0.9311     4.3943   115.0069    30.0
20230526.1200     0.9158     4.3796   114.7272    30.0
20230526.1300     0.9026     4.3593   114.4200    30.0
20230526.1400     0.8963     4.3265   114.0799    30.0
20230526.1500     0.8934     4.2954   113.8276    30.0
20230526.1600     0.8911     4.2707   113.8769    30.0
20230526.1700     0.8881     4.2535   114.1786    30.0
20230526.1800     0.8823     4.2456   114.6339    30.0
20230526.1900     0.8803     4.2317   115.3854    30.0
20230526.2000     0.8952     4.1986   116.3399    30.0
20230526.2100     0.9266     4.1711   117.0695    30.0
20230526.2200     0.9375     4.1859   116.8007    30.0
20230526.2300     1.4433     5.0667   116.6910    30.0
20230527.0000     1.4235     5.2029   116.1150    30.0
20230527.0100     1.4135     5.2858   115.9833    30.0
20230527.0200     1.4137     5.3263   116.1534    30.0
20230527.0300     1.4076     5.3514   116.2905    30.0
20230527.0400     1.3899     5.3718   116.4661    30.0
20230527.0500     1.3609     5.3884   116.7458    30.0
20230527.0600     1.3241     5.3956   117.0804    30.0
20230527.0700     1.2839     5.3848   117.4644    30.0
20230527.0800     1.2405     5.3667   117.8813    30.0
20230527.0900     1.1975     5.3331   118.4573    30.0
20230527.1000     1.1513     5.3034   119.0223    30.0
20230527.1100     1.1136     5.2390   119.8232    30.0
20230527.1200     1.0766     5.1729   120.4265    30.0
20230527.1300     1.0445     5.0943   120.8050    30.0
20230527.1400     1.0275     4.9718   121.1287    30.0
20230527.1500     1.0201     4.8412   121.3481    30.0
20230527.1600     1.0054     4.7563   121.4030    30.0
20230527.1700     0.9814     4.7133   121.2110    30.0
20230527.1800     0.9553     4.6835   121.0190    30.0
20230527.1900     0.9358     4.6410   120.8215    30.0
20230527.2000     0.9303     4.5697   120.5637    30.0
20230527.2100     0.9425     4.4809   120.2236    30.0
20230527.2200     0.9566     4.4196   119.5873    30.0
20230527.2300     0.9808     4.3773   119.0552    30.0
20230528.0000     1.0258     4.3523   118.6767    30.0
20230528.0100     1.0810     4.3662   118.3476    30.0
20230528.0200     1.1340     4.4156   117.9526    30.0
20230528.0300     1.1673     4.4869   117.8045    30.0
20230528.0400     1.1745     4.5633   117.8978    30.0
20230528.0500     1.1651     4.6309   117.9142    30.0
20230528.0600     1.1498     4.6800   117.9855    30.0
20230528.0700     1.1297     4.7091   118.1007    30.0
20230528.0800     1.1002     4.7377   118.2543    30.0
20230528.0900     1.0714     4.7516   118.4847    30.0
20230528.1000     1.0484     4.7427   118.5834    30.0
20230528.1100     1.1082     4.8382   118.8906    30.0
20230528.1200     1.0954     4.7890   119.5434    30.0
20230528.1300     1.0782     4.7527   120.1303    30.0
20230528.1400     1.0581     4.7259   120.6679    30.0
20230528.1500     1.0370     4.7048   121.2658    30.0
20230528.1600     1.0257     4.6641   122.0009    30.0
20230528.1700     1.0159     4.6306   122.4562    30.0
20230528.1800     1.0011     4.6146   122.5220    30.0
20230528.1900     0.9900     4.5936   122.2806    30.0
20230528.2000     0.9921     4.5498   121.7760    30.0
20230528.2100     1.0099     4.4961   120.9586    30.0
20230528.2200     1.0185     4.4747   119.6915    30.0
20230528.2300     1.0133     4.4801   118.9126    30.0
20230529.0000     1.0035     4.4880   118.5341    30.0
20230529.0100     0.9965     4.4863   118.5725    30.0
20230529.0200     1.0016     4.4659   118.8303    30.0
20230529.0300     1.0109     4.4519   119.1594    30.0
20230529.0400     1.0172     4.4520   119.3349    30.0
20230529.0500     1.0168     4.4638   119.3514    30.0
20230529.0600     1.0057     4.4841   119.3898    30.0
20230529.0700     0.9903     4.4992   119.5269    30.0
20230529.0800     0.9782     4.4949   119.7025    30.0
20230529.0900     0.9723     4.4721   119.8286    30.0
20230529.1000     0.9471     4.4812   119.5269    30.0
20230529.1100     0.9296     4.4607   119.3733    30.0
20230529.1200     0.9161     4.4300   119.4282    30.0
20230529.1300     0.9139     4.3799   119.7354    30.0
20230529.1400     0.9144     4.3368   120.1139    30.0
20230529.1500     0.9164     4.3063   120.4649    30.0
20230529.1600     0.9188     4.2876   120.4046    30.0
20230529.1700     0.9166     4.2871   119.5982    30.0
20230529.1800     0.9141     4.2903   118.4628    30.0
20230529.1900     0.9177     4.2867   117.3437    30.0
20230529.2000     0.9227     4.2879   116.4002    30.0
20230529.2100     0.9222     4.2999   115.6213    30.0
20230529.2200     0.9286     4.2991   114.8150    30.0
20230529.2300     0.9599     4.3616   114.3871    30.0
20230530.0000     0.9549     4.3761   114.2280    30.0
20230530.0100     0.9491     4.3881   114.1293    30.0
20230530.0200     0.9435     4.3975   114.0251    30.0
20230530.0300     0.9416     4.3989   114.0580    30.0
20230530.0400     0.9449     4.3923   114.2664    30.0
20230530.0500     0.9490     4.3886   114.2884    30.0
20230530.0600     0.9499     4.3916   114.1348    30.0
20230530.0700     0.9470     4.4002   114.0964    30.0
20230530.0800     0.9404     4.4125   114.1896    30.0
20230530.0900     0.9298     4.4275   114.4090    30.0
20230530.1000     0.9103     4.4563   114.4419    30.0
20230530.1100     0.8918     4.4773   114.7711    30.0
20230530.1200     0.8762     4.4835   115.3196    30.0
20230530.1300     0.8650     4.4726   116.0931    30.0
20230530.1400     0.8582     4.4493   117.1024    30.0
20230530.1500     0.8512     4.4313   118.0075    30.0
20230530.1600     0.8392     4.4337   118.3969    30.0
20230530.1700     0.8303     4.4264   118.5615    30.0
20230530.1800     0.8217     4.4210   118.6986    30.0
20230530.1900     0.8151     4.4109   118.8906    30.0
20230530.2000     0.8137     4.3874   119.1759    30.0
20230530.2100     0.8211     4.3444   119.5544    30.0
20230530.2200     0.8317     4.3056   119.1594    30.0
20230530.2300     0.8475     4.2706   118.7315    30.0
20230531.0000     0.8684     4.2412   118.4244    30.0
20230531.0100     0.8899     4.2247   118.0898    30.0
20230531.0200     0.9051     4.2247   117.7497    30.0
20230531.0300     0.9194     4.2273   117.5028    30.0
20230531.0400     0.9358     4.2325   117.5028    30.0
20230531.0500     0.9415     4.2523   117.6674    30.0
20230531.0600     0.9318     4.2847   117.8484    30.0
20230531.0700     0.9139     4.3158   118.1062    30.0
20230531.0800     0.8956     4.3353   118.5066    30.0
20230531.0900     0.8824     4.3357   119.1430    30.0
20230531.1000     0.8699     4.3324   119.2582    30.0
20230531.1100     0.9070     4.3718   119.4721    30.0
20230531.1200     0.9272     4.3204   119.8615    30.0
20230531.1300     0.9496     4.2933   120.2894    30.0
20230531.1400     0.9736     4.2875   120.2181    30.0
20230531.1500     1.0004     4.2975   119.6421    30.0
20230531.1600     1.0127     4.3285   118.8906    30.0
20230531.1700     1.0041     4.3718   118.1666    30.0
20230531.1800     0.9833     4.4116   117.4534    30.0
20230531.1900     0.9643     4.4305   116.8226    30.0
20230531.2000     0.9520     4.4276   116.3344    30.0
20230531.2100     0.9572     4.3955   116.0821    30.0
20230531.2200     0.9617     4.3778   115.6597    30.0
20230531.2300     0.9710     4.3655   115.1112    30.0
20230601.0000     0.9816     4.3603   114.4200    30.0
20230601.0100     0.9811     4.3716   113.7234    30.0
20230601.0200     0.9726     4.3857   113.2735    30.0
20230601.0300     0.9649     4.3887   113.0925    30.0
20230601.0400     0.9630     4.3797   113.1968    30.0
20230601.0500     0.9627     4.3713   113.3065    30.0
20230601.0600     0.9571     4.3746   113.2242    30.0
20230601.0700     0.9480     4.3829   113.0925    30.0
20230601.0800     0.9411     4.3839   113.1474    30.0
20230601.0900     0.9430     4.3687   113.4875    30.0
20230601.1000     0.9438     4.4181   113.4930    30.0
20230601.1100     0.9235     4.3937   113.4765    30.0
20230601.1200     0.9253     4.3750   113.4820    30.0
20230601.1300     0.9256     4.3642   113.3503    30.0
20230601.1400     0.9257     4.3548   113.2516    30.0
20230601.1500     0.9254     4.3464   113.2790    30.0
20230601.1600     0.9244     4.3388   113.5423    30.0
20230601.1700     0.9243     4.3302   113.6301    30.0
20230601.1800     0.9221     4.3251   113.5698    30.0
20230601.1900     0.9149     4.3262   113.5478    30.0
20230601.2000     0.9042     4.3291   113.5094    30.0
20230601.2100     0.8941     4.3231   113.5972    30.0
20230601.2200     0.8772     4.3260   113.7288    30.0
20230601.2300     0.9403     4.4556   114.3322    30.0
20230602.0000     0.9415     4.4056   115.2373    30.0
20230602.0100     0.9525     4.3546   116.1808    30.0
20230602.0200     0.9632     4.3226   116.8336    30.0
20230602.0300     0.9703     4.3089   116.8720    30.0
20230602.0400     0.9735     4.3045   116.5977    30.0
20230602.0500     0.9760     4.3022   116.2357    30.0
20230602.0600     0.9717     4.3065   115.7694    30.0
20230602.0700     0.9645     4.3087   115.5665    30.0
20230602.0800     0.9603     4.3013   115.6707    30.0
20230602.0900     0.9632     4.2866   116.0272    30.0
20230602.1000     0.9494     4.2963   115.9450    30.0
20230602.1100     0.9416     4.2916   116.1095    30.0
20230602.1200     0.9510     4.2681   116.3344    30.0
20230602.1300     0.9800     4.2465   116.6416    30.0
20230602.1400     1.0103     4.2561   116.0985    30.0
20230602.1500     1.0375     4.2871   115.1112    30.0
20230602.1600     1.0813     4.3217   114.6504    30.0
20230602.1700     1.1191     4.3741   114.5023    30.0
20230602.1800     1.1286     4.4401   114.2116    30.0
20230602.1900     1.1226     4.4986   113.8769    30.0
20230602.2000     1.1199     4.5349   113.6246    30.0
20230602.2100     1.1272     4.5507   113.5807    30.0
20230602.2200     1.1334     4.5834   113.5149    30.0
20230602.2300     1.1317     4.5990   113.5259    30.0
20230603.0000     1.1329     4.6055   113.8276    30.0
20230603.0100     1.1396     4.6033   114.3816    30.0
20230603.0200     1.1374     4.6103   114.6888    30.0
20230603.0300     1.1245     4.6225   114.6888    30.0
20230603.0400     1.1078     4.6297   114.4749    30.0
20230603.0500     1.0875     4.6331   114.1786    30.0
20230603.0600     1.0637     4.6357   113.8385    30.0
20230603.0700     1.0428     4.6272   113.6191    30.0
20230603.0800     1.0235     4.6130   113.6246    30.0
20230603.0900     1.0154     4.5771   113.9921    30.0
20230603.1000     1.0153     4.5351   114.4090    30.0
20230603.1100     1.0571     4.5998   114.9740    30.0
20230603.1200     1.0377     4.5976   114.9576    30.0
20230603.1300     1.0157     4.5969   114.9960    30.0
20230603.1400     0.9955     4.5878   115.0728    30.0
20230603.1500     0.9702     4.5879   114.9740    30.0
20230603.1600     0.9437     4.5865   114.6723    30.0
20230603.1700     0.9281     4.5514   114.6284    30.0
20230603.1800     0.9195     4.5022   114.6668    30.0
20230603.1900     0.9104     4.4615   114.3487    30.0
20230603.2000     0.9027     4.4239   113.7069    30.0
20230603.2100     0.8962     4.3889   113.4381    30.0
20230603.2200     0.8808     4.3777   113.6575    30.0
20230603.2300     0.8615     4.3761   113.3997    30.0
20230604.0000     0.8553     4.3372   113.4875    30.0
20230604.0100     0.8727     4.2631   113.6411    30.0
20230604.0200     0.8886     4.2235   113.4710    30.0
20230604.0300     0.8950     4.2152   113.1803    30.0
20230604.0400     0.8956     4.2172   113.0212    30.0
20230604.0500     0.8896     4.2248   112.9773    30.0
20230604.0600     0.8713     4.2460   112.8951    30.0
20230604.0700     0.8525     4.2546   113.0925    30.0
20230604.0800     0.8411     4.2368   113.6685    30.0
20230604.0900     0.8329     4.2110   114.5462    30.0
20230604.1000     0.8194     4.1952   114.6778    30.0
20230604.1100     0.8076     4.1913   114.9631    30.0
20230604.1200     0.7928     4.1780   115.3470    30.0
20230604.1300     0.7824     4.1512   115.8023    30.0
20230604.1400     0.7761     4.1187   115.8956    30.0
20230604.1500     0.7627     4.1109   115.6433    30.0
20230604.1600     0.7420     4.1231   115.1660    30.0
20230604.1700     0.7168     4.1488   114.7162    30.0
20230604.1800     0.6904     4.1824   114.3651    30.0
20230604.1900     0.6657     4.2118   114.0799    30.0
20230604.2000     0.6453     4.2222   113.6959    30.0
20230604.2100     0.6316     4.2024   113.1254    30.0
20230604.2200     0.6240     4.1520   112.4123    30.0
20230604.2300     0.6484     4.1232   111.6334    30.0
20230605.0000     0.6495     4.0536   111.4250    30.0
20230605.0100     0.6528     3.9903   111.4414    30.0
20230605.0200     0.6562     3.9405   111.8748    30.0
20230605.0300     0.6606     3.8984   112.2313    30.0
20230605.0400     0.6756     3.8484   112.6043    30.0
20230605.0500     0.6911     3.8219   113.0816    30.0
20230605.0600     0.6950     3.8281   113.5423    30.0
20230605.0700     0.7036     3.8242   113.8715    30.0
20230605.0800     0.7221     3.8137   114.3761    30.0
20230605.0900     0.7367     3.8196   114.6065    30.0
20230605.1000     0.7604     3.8230   113.7179    30.0
20230605.1100     0.7681     3.8493   112.5495    30.0
20230605.1200     0.7636     3.8776   111.3920    30.0
20230605.1300     0.7720     3.8795   110.0591    30.0
20230605.1400     0.7809     3.8851   108.9346    30.0
20230605.1500     0.7788     3.9063   108.6219    30.0
20230605.1600     0.7673     3.9302   108.7152    30.0
20230605.1700     0.7663     3.9296   108.5451    30.0
20230605.1800     0.7672     3.9285   108.1831    30.0
20230605.1900     0.7638     3.9346   107.8046    30.0
20230605.2000     0.7611     3.9380   107.5577    30.0
20230605.2100     0.7653     3.9308   107.5029    30.0
20230605.2200     0.7602     3.9390   107.5029    30.0
20230605.2300     0.7631     3.9381   107.7333    30.0
20230606.0000     0.7755     3.9269   108.2708    30.0
20230606.0100     0.7981     3.9150   108.9730    30.0
20230606.0200     0.8323     3.9153   109.4283    30.0
20230606.0300     0.8580     3.9436   109.8561    30.0
20230606.0400     0.8690     3.9855   110.2785    30.0
20230606.0500     0.8681     4.0293   110.5802    30.0
20230606.0600     0.8597     4.0686   110.8984    30.0
20230606.0700     0.8556     4.0924   111.3427    30.0
20230606.0800     0.8464     4.1180   112.0338    30.0
20230606.0900     0.8428     4.1269   112.7908    30.0
20230606.1000     0.8575     4.1085   113.6575    30.0
20230606.1100     0.8704     4.1307   114.3542    30.0
20230606.1200     0.8628     4.1537   114.1841    30.0
20230606.1300     0.8542     4.1678   113.8111    30.0
20230606.1400     0.8507     4.1662   113.3668    30.0
20230606.1500     0.8459     4.1671   113.1474    30.0
20230606.1600     0.8389     4.1708   112.9389    30.0
20230606.1700     0.8352     4.1679   112.6208    30.0
20230606.1800     0.8329     4.1665   112.2533    30.0
20230606.1900     0.8305     4.1684   111.9406    30.0
20230606.2000     0.8415     4.1513   111.9625    30.0
20230606.2100     0.8608     4.1348   112.3739    30.0
20230606.2200     0.8608     4.1532   112.6043    30.0
20230606.2300     0.8820     4.1393   113.2955    30.0
20230607.0000     0.8976     4.1426   113.5588    30.0
20230607.0100     0.9147     4.1496   113.0267    30.0
20230607.0200     0.9476     4.1562   112.0229    30.0
20230607.0300     0.9789     4.1821   111.2110    30.0
20230607.0400     0.9976     4.2240   110.8325    30.0
20230607.0500     1.0099     4.2691   110.6899    30.0
20230607.0600     1.0198     4.3108   110.8874    30.0
20230607.0700     1.0379     4.3394   111.2055    30.0
20230607.0800     1.0642     4.3630   111.2769    30.0
20230607.0900     1.0847     4.3928   111.4579    30.0
20230607.1000     1.0721     4.4408   112.0284    30.0
20230607.1100     1.0948     4.5135   112.1545    30.0
20230607.1200     1.1052     4.5291   111.7267    30.0
20230607.1300     1.1201     4.5468   111.2330    30.0
20230607.1400     1.1325     4.5736   110.6789    30.0
20230607.1500     1.1496     4.6002   110.1853    30.0
20230607.1600     1.1810     4.6274   109.9603    30.0
20230607.1700     1.2182     4.6621   109.8013    30.0
20230607.1800     1.2388     4.7086   109.6038    30.0
20230607.1900     1.2468     4.7477   109.4941    30.0
20230607.2000     1.2439     4.7751   109.5160    30.0
20230607.2100     1.2371     4.7862   109.5983    30.0
20230607.2200     1.2277     4.7846   109.9987    30.0
20230607.2300     1.2697     4.8468   110.1578    30.0
20230608.0000     1.2448     4.8391   110.0975    30.0
20230608.0100     1.2179     4.8233   109.8506    30.0
20230608.0200     1.1908     4.7992   109.6970    30.0
20230608.0300     1.1658     4.7676   109.6203    30.0
20230608.0400     1.1427     4.7312   109.4667    30.0
20230608.0500     1.1193     4.6945   109.1924    30.0
20230608.0600     1.0897     4.6660   109.0059    30.0
20230608.0700     1.0616     4.6365   109.0114    30.0
20230608.0800     1.0414     4.5977   109.0662    30.0
20230608.0900     1.0270     4.5585   109.1320    30.0
20230608.1000     1.0047     4.5414   109.0059    30.0
20230608.1100     0.9921     4.5100   109.2088    30.0
20230608.1200     0.9817     4.4837   109.6257    30.0
20230608.1300     0.9661     4.4730   110.0865    30.0
20230608.1400     0.9514     4.4612   110.6515    30.0
20230608.1500     0.9377     4.4492   111.2494    30.0
20230608.1600     0.9190     4.4495   111.8144    30.0
20230608.1700     0.9012     4.4448   112.2752    30.0
20230608.1800     0.8884     4.4247   112.7469    30.0
20230608.1900     0.8814     4.3902   113.4491    30.0
20230608.2000     0.8791     4.3486   114.3267    30.0
20230608.2100     0.8793     4.3083   115.2209    30.0
20230608.2200     0.8705     4.2917   115.6323    30.0
20230608.2300     0.8804     4.3111   115.7968    30.0
20230609.0000     0.8737     4.2940   115.9504    30.0
20230609.0100     0.8647     4.2823   116.0272    30.0
20230609.0200     0.8550     4.2706   115.9395    30.0
20230609.0300     0.8442     4.2607   115.7365    30.0
20230609.0400     0.8323     4.2541   115.5555    30.0
20230609.0500     0.8167     4.2552   115.4074    30.0
20230609.0600     0.7997     4.2578   115.1221    30.0
20230609.0700     0.7824     4.2584   114.6559    30.0
20230609.0800     0.7663     4.2524   114.1457    30.0
20230609.0900     0.7533     4.2345   113.6246    30.0
20230609.1000     0.7407     4.2144   113.1748    30.0
20230609.1100     0.7276     4.1960   112.8567    30.0
20230609.1200     0.7125     4.1829   112.5769    30.0
20230609.1300     0.6962     4.1746   112.6318    30.0
20230609.1400     0.6832     4.1516   112.8951    30.0
20230609.1500     0.6790     4.0980   113.4217    30.0
20230609.1600     0.6839     4.0267   114.3213    30.0
20230609.1700     0.6929     3.9635   115.6323    30.0
20230609.1800     0.6970     3.9285   116.9652    30.0
20230609.1900     0.6972     3.9098   118.0075    30.0
20230609.2000     0.6965     3.8956   118.6877    30.0
20230609.2100     0.7004     3.8766   119.2746    30.0
20230609.2200     0.7067     3.8596   119.0771    30.0
20230609.2300     0.7182     3.8462   119.0936    30.0
20230610.0000     0.7309     3.8417   119.1923    30.0
20230610.0100     0.7447     3.8461   118.9565    30.0
20230610.0200     0.7566     3.8600   118.4024    30.0
20230610.0300     0.7639     3.8839   117.6290    30.0
20230610.0400     0.7633     3.9137   116.9268    30.0
20230610.0500     0.7587     3.9411   116.2247    30.0
20230610.0600     0.7562     3.9550   115.5774    30.0
20230610.0700     0.7548     3.9616   115.0728    30.0
20230610.0800     0.7556     3.9609   114.7162    30.0
20230610.0900     0.7586     3.9561   114.6394    30.0
20230610.1000     0.7432     3.9838   114.2116    30.0
20230610.1100     0.7138     3.9320   113.9318    30.0
20230610.1200     0.7118     3.9186   113.9099    30.0
20230610.1300     0.7109     3.9068   113.9812    30.0
20230610.1400     0.7124     3.8948   114.0196    30.0
20230610.1500     0.7165     3.8840   114.1402    30.0
20230610.1600     0.7235     3.8773   114.3651    30.0
20230610.1700     0.7379     3.8699   114.8369    30.0
20230610.1800     0.7548     3.8753   115.4129    30.0
20230610.1900     0.7678     3.8946   115.9120    30.0
20230610.2000     0.7778     3.9182   116.5483    30.0
20230610.2100     0.7837     3.9426   117.2615    30.0
20230610.2200     0.7954     3.9535   117.8265    30.0
20230610.2300     0.7948     3.9792   118.1611    30.0
20230611.0000     0.7860     4.0077   118.5176    30.0
20230611.0100     0.7810     4.0220   119.0826    30.0
20230611.0200     0.7825     4.0267   119.9164    30.0
20230611.0300     0.7918     4.0275   120.8380    30.0
20230611.0400     0.8070     4.0334   122.0173    30.0
20230611.0500     0.8219     4.0489   123.0925    30.0
20230611.0600     0.8345     4.0723   123.9482    30.0
20230611.0700     0.8524     4.0890   124.7929    30.0
20230611.0800     0.8769     4.1050   125.6212    30.0
20230611.0900     0.9130     4.1213   126.6635    30.0
20230611.1000     0.9571     4.1480   127.8428    30.0
20230611.1100     1.0255     4.1937   128.4243    30.0
20230611.1200     1.0758     4.2776   127.4095    30.0
20230611.1300     1.1027     4.3675   126.1808    30.0
20230611.1400     1.1229     4.4443   125.0343    30.0
20230611.1500     1.1535     4.5073   123.6904    30.0
20230611.1600     1.1993     4.5661   122.0996    30.0
20230611.1700     1.2413     4.6434   120.5198    30.0
20230611.1800     1.2680     4.7254   119.2636    30.0
20230611.1900     1.2805     4.8059   118.3037    30.0
20230611.2000     1.2716     4.8891   117.4150    30.0
20230611.2100     1.2426     4.9754   116.8281    30.0
20230611.2200     1.2148     5.0373   116.2850    30.0
20230611.2300     1.2765     5.2042   116.1040    30.0
20230612.0000     1.2806     5.1869   115.7804    30.0
20230612.0100     1.3062     5.1381   115.1770    30.0
20230612.0200     1.3307     5.1039   114.7162    30.0
20230612.0300     1.3367     5.0966   114.3048    30.0
20230612.0400     1.3274     5.1007   114.0251    30.0
20230612.0500     1.3148     5.0955   113.7892    30.0
20230612.0600     1.3000     5.0881   113.7069    30.0
20230612.0700     1.2785     5.0892   113.8001    30.0
20230612.0800     1.2660     5.0708   113.8934    30.0
20230612.0900     1.2769     5.0231   113.8385    30.0
20230612.1000     1.2653     5.0150   113.2351    30.0
20230612.1100     1.2624     4.9935   112.6866    30.0
20230612.1200     1.2667     4.9680   112.5659    30.0
20230612.1300     1.2737     4.9473   112.7195    30.0
20230612.1400     1.2760     4.9389   112.7469    30.0
20230612.1500     1.2773     4.9352   112.8183    30.0
20230612.1600     1.2678     4.9424   112.8402    30.0
20230612.1700     1.2521     4.9497   112.7469    30.0
20230612.1800     1.2384     4.9463   112.5659    30.0
20230612.1900     1.2380     4.9237   112.1819    30.0
20230612.2000     1.2450     4.9005   111.6169    30.0
20230612.2100     1.2534     4.8867   111.0519    30.0
20230612.2200     1.2502     4.8903   110.6186    30.0
20230612.2300     1.2557     4.8856   110.2675    30.0
20230613.0000     1.2634     4.8834   110.0701    30.0
20230613.0100     1.2700     4.8880   110.1194    30.0
20230613.0200     1.2678     4.9014   110.5363    30.0
20230613.0300     1.2658     4.9072   111.0574    30.0
20230613.0400     1.2679     4.9027   111.6883    30.0
20230613.0500     1.2778     4.8899   112.2971    30.0
20230613.0600     1.2808     4.8859   112.8676    30.0
20230613.0700     1.2760     4.8858   113.5204    30.0
20230613.0800     1.2783     4.8754   114.0196    30.0
20230613.0900     1.2921     4.8598   114.4968    30.0
20230613.1000     1.2795     4.8721   114.3706    30.0
20230613.1100     1.3129     4.9556   114.1348    30.0
20230613.1200     1.2904     4.9637   113.9757    30.0
20230613.1300     1.2804     4.9510   114.0086    30.0
20230613.1400     1.2755     4.9344   114.2006    30.0
20230613.1500     1.2671     4.9254   114.4365    30.0
20230613.1600     1.2614     4.9131   114.6120    30.0
20230613.1700     1.2617     4.8959   114.7272    30.0
20230613.1800     1.2673     4.8788   114.8424    30.0
20230613.1900     1.2626     4.8792   114.5955    30.0
20230613.2000     1.2499     4.8841   113.9483    30.0
20230613.2100     1.2372     4.8817   113.3997    30.0
20230613.2200     1.2145     4.8887   113.3833    30.0
20230613.2300     1.2019     4.8730   113.4326    30.0
20230614.0000     1.1932     4.8513   113.5807    30.0
20230614.0100     1.1859     4.8278   113.9976    30.0
20230614.0200     1.1892     4.7935   114.3706    30.0
20230614.0300     1.1776     4.7816   114.2938    30.0
20230614.0400     1.1459     4.7959   114.0141    30.0
20230614.0500     1.1165     4.7947   113.7014    30.0
20230614.0600     1.1138     4.7452   113.2077    30.0
20230614.0700     1.1151     4.7028   113.6027    30.0
20230614.0800     1.1106     4.6731   114.6010    30.0
20230614.0900     1.0980     4.6567   115.5774    30.0
20230614.1000     1.0596     4.6917   115.9285    30.0
20230614.1100     1.0242     4.7144   116.0437    30.0
20230614.1200     0.9880     4.7391   116.0108    30.0
20230614.1300     0.9546     4.7535   116.0108    30.0
20230614.1400     0.9253     4.7535   115.9724    30.0
20230614.1500     0.8913     4.7772   116.0656    30.0
20230614.1600     0.8581     4.8027   116.2905    30.0
20230614.1700     0.8297     4.8058   116.6032    30.0
20230614.1800     0.8064     4.7836   116.6910    30.0
20230614.1900     0.7892     4.7306   116.5648    30.0
20230614.2000     0.7732     4.6780   116.5045    30.0
20230614.2100     0.7598     4.6151   116.5374    30.0
20230614.2200     0.7323     4.6378   116.5154    30.0
20230614.2300     0.8713     5.1359   116.4277    30.0
20230615.0000     0.8515     5.1705   116.0382    30.0
20230615.0100     0.8305     5.1836   115.6049    30.0
20230615.0200     0.8084     5.1818   115.3086    30.0
20230615.0300     0.7892     5.1391   115.0179    30.0
20230615.0400     0.7762     5.0411   114.7107    30.0
20230615.0500     0.7658     4.9280   114.3651    30.0
20230615.0600     0.7586     4.8020   114.0470    30.0
20230615.0700     0.7577     4.6596   113.8989    30.0
20230615.0800     0.7672     4.4974   113.6959    30.0
20230615.0900     0.7892     4.3395   113.6082    30.0
20230615.1000     0.8070     4.2415   112.6372    30.0
20230615.1100     0.8252     4.1829   112.0064    30.0
20230615.1200     0.8372     4.1605   111.4524    30.0
20230615.1300     0.8438     4.1576   111.2055    30.0
20230615.1400     0.8363     4.1806   111.1562    30.0
20230615.1500     0.8196     4.2127   111.2549    30.0
20230615.1600     0.8004     4.2396   111.3317    30.0
20230615.1700     0.7879     4.2389   111.2933    30.0
20230615.1800     0.7825     4.2195   111.2549    30.0
20230615.1900     0.7792     4.1985   111.2165    30.0
20230615.2000     0.7786     4.1762   110.9916    30.0
20230615.2100     0.7774     4.1631   110.4705    30.0
20230615.2200     0.7463     4.2477   110.3718    30.0
20230615.2300     0.7217     4.3011   110.4047    30.0
20230616.0000     0.7039     4.3216   110.4321    30.0
20230616.0100     0.6911     4.3180   110.5144    30.0
20230616.0200     0.6817     4.3001   110.6296    30.0
20230616.0300     0.6753     4.2725   110.7941    30.0
20230616.0400     0.6672     4.2575   110.9697    30.0
20230616.0500     0.6598     4.2431   111.1946    30.0
20230616.0600     0.6490     4.2496   111.4524    30.0
20230616.0700     0.6362     4.2693   111.8528    30.0
20230616.0800     0.6248     4.2818   112.4233    30.0
20230616.0900     0.6189     4.2640   113.2132    30.0
20230616.1000     0.6187     4.2141   114.0909    30.0
20230616.1100     0.6706     4.3260   114.8588    30.0
20230616.1200     0.6629     4.3056   115.3416    30.0
20230616.1300     0.6537     4.2955   115.7749    30.0
20230616.1400     0.6465     4.2779   116.2576    30.0
20230616.1500     0.6398     4.2604   116.6142    30.0
20230616.1600     0.6339     4.2421   116.8884    30.0
20230616.1700     0.6311     4.2093   117.1956    30.0
20230616.1800     0.6341     4.1539   117.3931    30.0
20230616.1900     0.6354     4.1160   117.3218    30.0
20230616.2000     0.6332     4.0938   117.0146    30.0
20230616.2100     0.6354     4.0522   116.4935    30.0
20230616.2200     0.6508     3.9749   115.6762    30.0
20230616.2300     0.6751     3.9007   114.6175    30.0
20230617.0000     0.7053     3.8488   113.5533    30.0
20230617.0100     0.7411     3.8243   112.3355    30.0
20230617.0200     0.7874     3.8257   111.1617    30.0
20230617.0300     0.8361     3.8605   110.4047    30.0
20230617.0400     0.8810     3.9179   109.7574    30.0
20230617.0500     0.9150     3.9847   109.2143    30.0
20230617.0600     0.9417     4.0494   108.6658    30.0
20230617.0700     0.9650     4.1072   108.0240    30.0
20230617.0800     0.9832     4.1578   107.4700    30.0
20230617.0900     0.9853     4.2041   107.2999    30.0
20230617.1000     0.9496     4.2447   107.4919    30.0
20230617.1100     0.9162     4.2818   107.8814    30.0
20230617.1200     0.8838     4.3045   108.3860    30.0
20230617.1300     0.8514     4.3220   108.9510    30.0
20230617.1400     0.8199     4.3370   109.4008    30.0
20230617.1500     0.7903     4.3476   109.6312    30.0
20230617.1600     0.7634     4.3515   109.7684    30.0
20230617.1700     0.7402     4.3444   109.9713    30.0
20230617.1800     0.7191     4.3313   110.2072    30.0
20230617.1900     0.6999     4.3142   110.3553    30.0
20230617.2000     0.6844     4.2845   110.4211    30.0
20230617.2100     0.6757     4.2279   110.4376    30.0
20230617.2200     0.6727     4.1553   110.5253    30.0
20230617.2300     0.7434     4.2754   110.7996    30.0
20230618.0000     0.7359     4.2062   111.0355    30.0
20230618.0100     0.7288     4.1474   110.9313    30.0
20230618.0200     0.7225     4.0965   110.5418    30.0
20230618.0300     0.7159     4.0543   110.0317    30.0
20230618.0400     0.7117     4.0119   109.5489    30.0
20230618.0500     0.7060     3.9825   109.0717    30.0
20230618.0600     0.6910     3.9834   108.7536    30.0
20230618.0700     0.6668     4.0129   108.7700    30.0
20230618.0800     0.6416     4.0463   108.9181    30.0
20230618.0900     0.6187     4.0711   109.1101    30.0
20230618.1000     0.5918     4.1279   109.4228    30.0
20230618.1100     0.5719     4.1520   109.7464    30.0
20230618.1200     0.5561     4.1577   110.0371    30.0
20230618.1300     0.5448     4.1399   110.3553    30.0
20230618.1400     0.5396     4.0914   110.8325    30.0
20230618.1500     0.5387     4.0236   111.4195    30.0
20230618.1600     0.5357     3.9838   111.9132    30.0
20230618.1700     0.5280     3.9789   112.2313    30.0
20230618.1800     0.5198     3.9788   112.4562    30.0
20230618.1900     0.5117     3.9809   112.5988    30.0
20230618.2000     0.5045     3.9786   112.5934    30.0
20230618.2100     0.4984     3.9733   112.3904    30.0
20230618.2200     0.4976     3.9308   112.3685    30.0
20230618.2300     0.5002     3.8846   112.0338    30.0
20230619.0000     0.4981     3.8716   111.7705    30.0
20230619.0100     0.4920     3.8823   111.5347    30.0
20230619.0200     0.4838     3.9024   111.1891    30.0
20230619.0300     0.4750     3.9258   110.8709    30.0
20230619.0400     0.4661     3.9475   110.6735    30.0
20230619.0500     0.4583     3.9606   110.5308    30.0
20230619.0600     0.4512     3.9700   110.5089    30.0
20230619.0700     0.4437     3.9825   110.6241    30.0
20230619.0800     0.4380     3.9777   111.2165    30.0
20230619.0900     0.4395     3.9181   112.9718    30.0
20230619.1000     0.4310     3.9282   113.8605    30.0
20230619.1100     0.4287     3.8945   114.7985    30.0
20230619.1200     0.4296     3.8385   116.0492    30.0
20230619.1300     0.4265     3.8188   116.5703    30.0
20230619.1400     0.4184     3.8388   116.3618    30.0
20230619.1500     0.4092     3.8655   115.8736    30.0
20230619.1600     0.4022     3.8712   115.3196    30.0
20230619.1700     0.3976     3.8545   114.7711    30.0
20230619.1800     0.3918     3.8478   114.3487    30.0
20230619.1900     0.3850     3.8534   114.0141    30.0
20230619.2000     0.3777     3.8625   113.7508    30.0
20230619.2100     0.3717     3.8605   113.6191    30.0
20230619.2200     0.3658     3.8435   112.1490    30.0
20230619.2300     0.3635     3.8036   110.9532    30.0
20230620.0000     0.3581     3.7941   110.4486    30.0
20230620.0100     0.3529     3.7831   110.1304    30.0
20230620.0200     0.3470     3.7806   109.8616    30.0
20230620.0300     0.3413     3.7804   109.6586    30.0
20230620.0400     0.3364     3.7717   109.4831    30.0
20230620.0500     0.3339     3.7344   108.9785    30.0
20230620.0600     0.3300     3.7209   108.4464    30.0
20230620.0700     0.3266     3.7023   107.8539    30.0
20230620.0800     0.3264     3.6553   106.6307    30.0
20230620.0900     0.3266     3.6074   105.6488    30.0
20230620.1000     0.3214     3.6057   104.7108    30.0
20230620.1100     0.3282     3.5188   103.6302    30.0
20230620.1200     0.3450     3.3870   102.0942    30.0
20230620.1300     0.3619     3.2883   101.4524    30.0
20230620.1400     0.3821     3.2153   101.3482    30.0
20230620.1500     0.4036     3.1751   101.8693    30.0
20230620.1600     0.4318     3.1462   103.0542    30.0
20230620.1700     0.4695     3.1345   104.9796    30.0
20230620.1800     0.5019     3.1554   106.6197    30.0
20230620.1900     0.5306     3.1907   107.9472    30.0
20230620.2000     0.5641     3.2351   108.8084    30.0
20230620.2100     0.5987     3.2962   109.3295    30.0
20230620.2200     0.5936     3.3827   110.0152    30.0
20230620.2300     0.6208     3.5029   110.5418    30.0
20230621.0000     0.6280     3.5383   111.3207    30.0
20230621.0100     0.6389     3.5678   112.1874    30.0
20230621.0200     0.6506     3.5971   113.2077    30.0
20230621.0300     0.6684     3.6230   114.1183    30.0
20230621.0400     0.6906     3.6532   114.9740    30.0
20230621.0500     0.7108     3.6926   115.6926    30.0
20230621.0600     0.7293     3.7334   116.3015    30.0
20230621.0700     0.7458     3.7725   116.7733    30.0
20230621.0800     0.7594     3.8073   117.3602    30.0
20230621.0900     0.7707     3.8382   118.1117    30.0
20230621.1000     0.7631     3.8837   118.4957    30.0
20230621.1100     0.7643     3.9051   118.5834    30.0
20230621.1200     0.7804     3.9070   118.3805    30.0
20230621.1300     0.8035     3.9152   117.6838    30.0
20230621.1400     0.8294     3.9348   116.1644    30.0
20230621.1500     0.8386     3.9721   114.2280    30.0
20230621.1600     0.8357     4.0081   112.3246    30.0
20230621.1700     0.8230     4.0407   110.8161    30.0
20230621.1800     0.8061     4.0633   109.6038    30.0
20230621.1900     0.7891     4.0725   108.6000    30.0
20230621.2000     0.7786     4.0586   107.5632    30.0
20230621.2100     0.7797     4.0226   106.3071    30.0
20230621.2200     0.7903     3.9851   105.6433    30.0
20230621.2300     0.8104     3.9631   105.2264    30.0
20230622.0000     0.8306     3.9625   105.1661    30.0
20230622.0100     0.8447     3.9777   105.2977    30.0
20230622.0200     0.8533     3.9995   105.8572    30.0
20230622.0300     0.8583     4.0213   106.9269    30.0
20230622.0400     0.8693     4.0355   108.3147    30.0
20230622.0500     0.8830     4.0527   109.4502    30.0
20230622.0600     0.8925     4.0780   110.2017    30.0
20230622.0700     0.8881     4.1128   110.6296    30.0
20230622.0800     0.8781     4.1405   110.7996    30.0
20230622.0900     0.8697     4.1542   110.7393    30.0
20230622.1000     0.8490     4.1802   110.8600    30.0
20230622.1100     0.8258     4.2133   110.8600    30.0
20230622.1200     0.7971     4.2355   110.8490    30.0
20230622.1300     0.7722     4.2428   110.8709    30.0
20230622.1400     0.7523     4.2348   110.9916    30.0
20230622.1500     0.7373     4.2138   111.0903    30.0
20230622.1600     0.7258     4.1862   111.0245    30.0
20230622.1700     0.7188     4.1493   110.8216    30.0
20230622.1800     0.7145     4.1123   110.6405    30.0
20230622.1900     0.7096     4.0849   110.5967    30.0
20230622.2000     0.7035     4.0653   110.7777    30.0
20230622.2100     0.6936     4.0573   111.0958    30.0
20230622.2200     0.6835     4.0443   111.3756    30.0
20230622.2300     0.6780     4.0168   111.7980    30.0
20230623.0000     0.6713     3.9940   112.1929    30.0
20230623.0100     0.6687     3.9637   112.5879    30.0
20230623.0200     0.6702     3.9303   112.9609    30.0
20230623.0300     0.6708     3.9086   113.3339    30.0
20230623.0400     0.6678     3.8989   113.6850    30.0
20230623.0500     0.6662     3.8845   114.0031    30.0
20230623.0600     0.6650     3.8678   114.2993    30.0
20230623.0700     0.6617     3.8560   114.6723    30.0
20230623.0800     0.6582     3.8425   115.2264    30.0
20230623.0900     0.6590     3.8166   116.1150    30.0
20230623.1000     0.6571     3.8030   116.2302    30.0
20230623.1100     0.6496     3.7758   116.1589    30.0
20230623.1200     0.6507     3.7655   115.8846    30.0
20230623.1300     0.6491     3.7647   115.6597    30.0
20230623.1400     0.6422     3.7753   115.5665    30.0
20230623.1500     0.6402     3.7688   115.6597    30.0
20230623.1600     0.6450     3.7507   116.1699    30.0
20230623.1700     0.6469     3.7536   116.3070    30.0
20230623.1800     0.6419     3.7788   115.9066    30.0
20230623.1900     0.6359     3.8056   115.1825    30.0
20230623.2000     0.6276     3.8373   114.3158    30.0
20230623.2100     0.6207     3.8580   113.4271    30.0
20230623.2200     0.6184     3.8574   112.4946    30.0
20230623.2300     0.6265     3.8712   111.8912    30.0
20230624.0000     0.6228     3.8662   111.8364    30.0
20230624.0100     0.6190     3.8592   112.2258    30.0
20230624.0200     0.6199     3.8344   113.1035    30.0
20230624.0300     0.6240     3.8042   114.1238    30.0
20230624.0400     0.6244     3.7935   114.8040    30.0
20230624.0500     0.6179     3.8063   114.9356    30.0
20230624.0600     0.6077     3.8269   114.8150    30.0
20230624.0700     0.5966     3.8469   114.6778    30.0
20230624.0800     0.5855     3.8649   114.5571    30.0
20230624.0900     0.5767     3.8707   114.5023    30.0
20230624.1000     0.5699     3.8599   114.0799    30.0
20230624.1100     0.5698     3.8276   113.7892    30.0
20230624.1200     0.5786     3.7707   113.6246    30.0
20230624.1300     0.5880     3.7296   113.5039    30.0
20230624.1400     0.5930     3.7105   113.5423    30.0
20230624.1500     0.5921     3.7104   113.4820    30.0
20230624.1600     0.5846     3.7272   113.4107    30.0
20230624.1700     0.5722     3.7584   113.2955    30.0
20230624.1800     0.5595     3.7883   113.2022    30.0
20230624.1900     0.5492     3.8076   113.2187    30.0
20230624.2000     0.5432     3.8078   113.3887    30.0
20230624.2100     0.5365     3.8168   113.3449    30.0
20230624.2200     0.5351     3.7985   113.2626    30.0
20230624.2300     0.5446     3.7481   113.4052    30.0
20230625.0000     0.5583     3.7034   113.6136    30.0
20230625.0100     0.5720     3.6782   113.7782    30.0
20230625.0200     0.5896     3.6561   113.9483    30.0
20230625.0300     0.6090     3.6452   114.0305    30.0
20230625.0400     0.6223     3.6568   114.1732    30.0
20230625.0500     0.6233     3.6912   114.3267    30.0
20230625.0600     0.6132     3.7415   114.2500    30.0
20230625.0700     0.6006     3.7858   114.1567    30.0
20230625.0800     0.5876     3.8210   114.0580    30.0
20230625.0900     0.5754     3.8462   114.0031    30.0
20230625.1000     0.5598     3.8798   113.6959    30.0
20230625.1100     0.5490     3.8904   113.4765    30.0
20230625.1200     0.5415     3.8807   113.1968    30.0
20230625.1300     0.5396     3.8451   112.6921    30.0
20230625.1400     0.5434     3.7918   112.2533    30.0
20230625.1500     0.5471     3.7536   111.8583    30.0
20230625.1600     0.5448     3.7457   111.7267    30.0
20230625.1700     0.5410     3.7424   111.7596    30.0
20230625.1800     0.5347     3.7489   111.8089    30.0
20230625.1900     0.5222     3.7827   111.7102    30.0
20230625.2000     0.5084     3.8212   111.5785    30.0
20230625.2100     0.4981     3.8388   111.5072    30.0
20230625.2200     0.4910     3.8339   111.6060    30.0
20230625.2300     0.4924     3.7907   111.7267    30.0
20230626.0000     0.4969     3.7430   111.6883    30.0
20230626.0100     0.4993     3.7175   111.5402    30.0
20230626.0200     0.4958     3.7241   111.4524    30.0
20230626.0300     0.4873     3.7506   111.3536    30.0
20230626.0400     0.4769     3.7846   111.3427    30.0
20230626.0500     0.4654     3.8212   111.4140    30.0
20230626.0600     0.4548     3.8519   111.5347    30.0
20230626.0700     0.4452     3.8711   111.6499    30.0
20230626.0800     0.4369     3.8783   111.8199    30.0
20230626.0900     0.4328     3.8547   112.6098    30.0
20230626.1000     0.4236     3.8602   113.2351    30.0
20230626.1100     0.4065     3.7646   113.9537    30.0
20230626.1200     0.4058     3.6888   115.3854    30.0
20230626.1300     0.4055     3.6131   116.4441    30.0
20230626.1400     0.4020     3.5658   116.9543    30.0
20230626.1500     0.3976     3.5261   117.2669    30.0
20230626.1600     0.3951     3.4779   117.7003    30.0
20230626.1700     0.3935     3.4314   118.3969    30.0
20230626.1800     0.3892     3.4074   118.9510    30.0
20230626.1900     0.3817     3.4040   119.1100    30.0
20230626.2000     0.3745     3.3985   119.1484    30.0
20230626.2100     0.3727     3.3621   119.5379    30.0
20230626.2200     0.3749     3.3086   120.6734    30.0
20230626.2300     0.3893     3.2309   122.4616    30.0
20230627.0000     0.4116     3.1669   124.8149    30.0
20230627.0100     0.4343     3.1427   126.7128    30.0
20230627.0200     0.4517     3.1476   127.9361    30.0
20230627.0300     0.4579     3.1765   128.2543    30.0
20230627.0400     0.4624     3.1970   128.3694    30.0
20230627.0500     0.4647     3.2170   128.1336    30.0
20230627.0600     0.4647     3.2361   127.7222    30.0
20230627.0700     0.4645     3.2500   127.2504    30.0
20230627.0800     0.4662     3.2560   126.9432    30.0
20230627.0900     0.4700     3.2562   126.8884    30.0
20230627.1000     0.4678     3.2730   126.4550    30.0
20230627.1100     0.4790     3.2586   125.9613    30.0
20230627.1200     0.4993     3.2473   125.3360    30.0
20230627.1300     0.5307     3.2539   124.1128    30.0
20230627.1400     0.5688     3.2919   122.3903    30.0
20230627.1500     0.6031     3.3566   120.5033    30.0
20230627.1600     0.6226     3.4358   119.1265    30.0
20230627.1700     0.6265     3.5144   118.2049    30.0
20230627.1800     0.6273     3.5747   117.5028    30.0
20230627.1900     0.6321     3.6133   116.6471    30.0
20230627.2000     0.6420     3.6369   115.7584    30.0
20230627.2100     0.6509     3.6622   115.1221    30.0
20230627.2200     0.6602     3.6840   114.9027    30.0
20230627.2300     0.6788     3.7319   114.8698    30.0
20230628.0000     0.6904     3.7503   114.7217    30.0
20230628.0100     0.7109     3.7575   114.5626    30.0
20230628.0200     0.7358     3.7695   114.5901    30.0
20230628.0300     0.7549     3.7936   114.8314    30.0
20230628.0400     0.7695     3.8209   115.1331    30.0
20230628.0500     0.7783     3.8497   115.3416    30.0
20230628.0600     0.7776     3.8786   115.7914    30.0
20230628.0700     0.7703     3.9020   116.3564    30.0
20230628.0800     0.7629     3.9126   116.9982    30.0
20230628.0900     0.7577     3.9124   117.6070    30.0
20230628.1000     0.7567     3.9036   118.5012    30.0
20230628.1100     0.7602     3.8921   119.2472    30.0
20230628.1200     0.7628     3.8886   119.7244    30.0
20230628.1300     0.7646     3.8916   119.8945    30.0
20230628.1400     0.7657     3.8996   119.7409    30.0
20230628.1500     0.7616     3.9187   119.2198    30.0
20230628.1600     0.7516     3.9421   118.5341    30.0
20230628.1700     0.7405     3.9594   117.8539    30.0
20230628.1800     0.7256     3.9767   117.0969    30.0
20230628.1900     0.7100     3.9861   116.4661    30.0
20230628.2000     0.6956     3.9843   116.0931    30.0
20230628.2100     0.6856     3.9653   116.1479    30.0
20230628.2200     0.6843     3.9189   116.9652    30.0
20230628.2300     0.7042     3.8428   119.0881    30.0
20230629.0000     0.7351     3.7919   121.2274    30.0
20230629.0100     0.7604     3.7875   122.3080    30.0
20230629.0200     0.7783     3.8061   122.8017    30.0
20230629.0300     0.7926     3.8310   122.8566    30.0
20230629.0400     0.7954     3.8616   122.9992    30.0
20230629.0500     0.7914     3.8849   123.3503    30.0
20230629.0600     0.7883     3.8970   123.8440    30.0
20230629.0700     0.7785     3.9118   124.2060    30.0
20230629.0800     0.7661     3.9215   124.5516    30.0
20230629.0900     0.7588     3.9168   124.8972    30.0
20230629.1000     0.7421     3.9259   124.4803    30.0
20230629.1100     0.7892     4.0613   123.9811    30.0
20230629.1200     0.7740     4.0514   122.9882    30.0
20230629.1300     0.7580     4.0429   121.8473    30.0
20230629.1400     0.7426     4.0355   120.7557    30.0
20230629.1500     0.7273     4.0297   119.7025    30.0
20230629.1600     0.7157     4.0149   118.8083    30.0
20230629.1700     0.7057     3.9973   117.8045    30.0
20230629.1800     0.6900     4.0000   116.9598    30.0
20230629.1900     0.6759     3.9946   116.2247    30.0
20230629.2000     0.6728     3.9548   115.5390    30.0
20230629.2100     0.6928     3.8758   114.2006    30.0
20230629.2200     0.6923     3.8618   112.8183    30.0
20230629.2300     0.6852     3.8634   112.3246    30.0
20230630.0000     0.6783     3.8567   112.3849    30.0
20230630.0100     0.6777     3.8328   112.4398    30.0
20230630.0200     0.6803     3.8072   112.2039    30.0
20230630.0300     0.6803     3.7936   111.6718    30.0
20230630.0400     0.6734     3.7926   111.5731    30.0
20230630.0500     0.6643     3.7909   111.7651    30.0
20230630.0600     0.6534     3.7870   112.5001    30.0
20230630.0700     0.6449     3.7731   113.5972    30.0
20230630.0800     0.6345     3.7628   114.4255    30.0
20230630.0900     0.6278     3.7418   115.3854    30.0
20230630.1000     0.6213     3.7207   115.8462    30.0
20230630.1100     0.6246     3.6838   117.0036    30.0
20230630.1200     0.6299     3.6551   118.2982    30.0
20230630.1300     0.6386     3.6327   119.0826    30.0
20230630.1400     0.6539     3.6173   119.2856    30.0
20230630.1500     0.6625     3.6247   119.1046    30.0
20230630.1600     0.6631     3.6415   119.1704    30.0
20230630.1700     0.6543     3.6686   118.8742    30.0
20230630.1800     0.6381     3.6995   118.3640    30.0
20230630.1900     0.6263     3.7102   117.9362    30.0
20230630.2000     0.6228     3.6988   117.6674    30.0
20230630.2100     0.6298     3.6722   117.5686    30.0
20230630.2200     0.6500     3.6396   116.5045    30.0
20230630.2300     0.7176     3.7712   115.6707    30.0
