TPAR
20230501.0000     0.2201     3.2817    96.9379    30.0
20230501.0100     0.2172     3.2951    96.7405    30.0
20230501.0200     0.2148     3.3035    96.5101    30.0
20230501.0300     0.2126     3.3072    96.2413    30.0
20230501.0400     0.2107     3.3097    95.9341    30.0
20230501.0500     0.2092     3.3090    95.5995    30.0
20230501.0600     0.2084     3.2980    95.1936    30.0
20230501.0700     0.2075     3.2904    94.7547    30.0
20230501.0800     0.2071     3.2766    94.3433    30.0
20230501.0900     0.2128     3.1881    95.6269    30.0
20230501.1000     0.2032     3.2526    98.8743    30.0
20230501.1100     0.2034     3.2382    98.6110    30.0
20230501.1200     0.2036     3.2265    98.4080    30.0
20230501.1300     0.2046     3.2108    98.1776    30.0
20230501.1400     0.2076     3.1809    98.6713    30.0
20230501.1500     0.2175     3.0551   100.8929    30.0
20230501.1600     0.2225     3.0151   102.7470    30.0
20230501.1700     0.2241     3.0197   103.2956    30.0
20230501.1800     0.2280     3.0042   103.9154    30.0
20230501.1900     0.2355     2.9759   106.2248    30.0
20230501.2000     0.2490     2.9286   109.9494    30.0
20230501.2100     0.2534     2.9303   110.8161    30.0
20230501.2200     0.2441     2.9945   108.8962    30.0
20230501.2300     0.2422     3.0229   108.2324    30.0
20230502.0000     0.2438     3.0209   109.3021    30.0
20230502.0100     0.2483     3.0076   112.0997    30.0
20230502.0200     0.2551     2.9844   112.5934    30.0
20230502.0300     0.2739     2.9223   110.9313    30.0
20230502.0400     0.2954     2.8913   107.5961    30.0
20230502.0500     0.3105     2.8988   104.0800    30.0
20230502.0600     0.3119     2.9535   102.3027    30.0
20230502.0700     0.3104     3.0032   100.7668    30.0
20230502.0800     0.3083     3.0499   100.6571    30.0
20230502.0900     0.3085     3.0823   100.4212    30.0
20230502.1000     0.3013     3.1420   100.0262    30.0
20230502.1100     0.3056     3.1579   100.0537    30.0
20230502.1200     0.3108     3.1727    99.6313    30.0
20230502.1300     0.3187     3.1801   100.0701    30.0
20230502.1400     0.3282     3.1832   100.5474    30.0
20230502.1500     0.3383     3.1875   100.2895    30.0
20230502.1600     0.3522     3.1814    99.9824    30.0
20230502.1700     0.3694     3.1746    99.8836    30.0
20230502.1800     0.3877     3.1808    99.8452    30.0
20230502.1900     0.4005     3.2188    99.7849    30.0
20230502.2000     0.4130     3.2604   100.1414    30.0
20230502.2100     0.4375     3.2740   102.1601    30.0
20230502.2200     0.4677     3.2842   103.9538    30.0
20230502.2300     0.4872     3.3450   104.3433    30.0
20230503.0000     0.5111     3.3806   105.0948    30.0
20230503.0100     0.5359     3.4224   106.0767    30.0
20230503.0200     0.5505     3.4896   106.2412    30.0
20230503.0300     0.5548     3.5734   105.9011    30.0
20230503.0400     0.5595     3.6439   105.5446    30.0
20230503.0500     0.5650     3.7037   105.3197    30.0
20230503.0600     0.5701     3.7583   105.1332    30.0
20230503.0700     0.5704     3.8261   104.7108    30.0
20230503.0800     0.5680     3.8988   104.1348    30.0
20230503.0900     0.5647     3.9667   103.6521    30.0
20230503.1000     0.5625     4.0188   103.2846    30.0
20230503.1100     0.5687     4.0407   102.8787    30.0
20230503.1200     0.5738     4.0466   102.3301    30.0
20230503.1300     0.5793     4.0519   101.6719    30.0
20230503.1400     0.5810     4.0821   101.2824    30.0
20230503.1500     0.5808     4.1204   101.0575    30.0
20230503.1600     0.5790     4.1688   100.9533    30.0
20230503.1700     0.5813     4.1886   100.8490    30.0
20230503.1800     0.5845     4.2032   100.6790    30.0
20230503.1900     0.5837     4.2397   100.7064    30.0
20230503.2000     0.5828     4.2696   100.8765    30.0
20230503.2100     0.5830     4.2858   101.0959    30.0
20230503.2200     0.5824     4.2978   101.3537    30.0
20230503.2300     0.5813     4.3112   101.7157    30.0
20230504.0000     0.5866     4.2728   102.6263    30.0
20230504.0100     0.5973     4.2070   103.7673    30.0
20230504.0200     0.6071     4.1542   104.3926    30.0
20230504.0300     0.6115     4.1312   104.3707    30.0
20230504.0400     0.6078     4.1432   104.0635    30.0
20230504.0500     0.5975     4.1819   103.7070    30.0
20230504.0600     0.5845     4.2296   103.3230    30.0
20230504.0700     0.5708     4.2777   102.9280    30.0
20230504.0800     0.5589     4.3108   102.5879    30.0
20230504.0900     0.5487     4.3257   102.3959    30.0
20230504.1000     0.5392     4.3328   102.2753    30.0
20230504.1100     0.5338     4.3122   102.2094    30.0
20230504.1200     0.5292     4.2897   102.0065    30.0
20230504.1300     0.5248     4.2705   101.8529    30.0
20230504.1400     0.5207     4.2518   101.8309    30.0
20230504.1500     0.5161     4.2429   101.8858    30.0
20230504.1600     0.5141     4.2211   102.2643    30.0
20230504.1700     0.5151     4.1856   103.2681    30.0
20230504.1800     0.5172     4.1491   104.7821    30.0
20230504.1900     0.5232     4.0911   106.6033    30.0
20230504.2000     0.5370     4.0035   108.5232    30.0
20230504.2100     0.5538     3.9271   110.0097    30.0
20230504.2200     0.5585     3.9171   110.8216    30.0
20230504.2300     0.5680     3.8853   111.5511    30.0
20230505.0000     0.5778     3.8580   111.9022    30.0
20230505.0100     0.5866     3.8391   111.9186    30.0
20230505.0200     0.5940     3.8268   111.7541    30.0
20230505.0300     0.6031     3.8141   111.2494    30.0
20230505.0400     0.6141     3.8032   110.3992    30.0
20230505.0500     0.6207     3.8101   109.2418    30.0
20230505.0600     0.6261     3.8199   107.9801    30.0
20230505.0700     0.6280     3.8385   106.8885    30.0
20230505.0800     0.6256     3.8635   106.1315    30.0
20230505.0900     0.6228     3.8834   105.6598    30.0
20230505.1000     0.6114     3.9258   104.8973    30.0
20230505.1100     0.6050     3.9437   104.3597    30.0
20230505.1200     0.5967     3.9660   103.9703    30.0
20230505.1300     0.5868     3.9941   103.5534    30.0
20230505.1400     0.5765     4.0189   102.9939    30.0
20230505.1500     0.5662     4.0415   102.3575    30.0
20230505.1600     0.5553     4.0643   101.8255    30.0
20230505.1700     0.5467     4.0706   101.4689    30.0
20230505.1800     0.5411     4.0592   101.2605    30.0
20230505.1900     0.5342     4.0534   101.3702    30.0
20230505.2000     0.5259     4.0559   101.6828    30.0
20230505.2100     0.5154     4.0666   101.9077    30.0
20230505.2200     0.5229     3.9627   103.4162    30.0
20230505.2300     0.5451     3.8228   104.7108    30.0
20230506.0000     0.5676     3.7364   105.5007    30.0
20230506.0100     0.5674     3.7430   105.2045    30.0
20230506.0200     0.5615     3.7605   104.5627    30.0
20230506.0300     0.5532     3.7850   103.8935    30.0
20230506.0400     0.5378     3.8398   103.1200    30.0
20230506.0500     0.5217     3.8952   102.3575    30.0
20230506.0600     0.5076     3.9370   101.7157    30.0
20230506.0700     0.4967     3.9567   101.2440    30.0
20230506.0800     0.4871     3.9670   100.8545    30.0
20230506.0900     0.4799     3.9612   100.7777    30.0
20230506.1000     0.4775     3.9227   100.7339    30.0
20230506.1100     0.4962     3.9454   100.7503    30.0
20230506.1200     0.5013     3.8941   100.9972    30.0
20230506.1300     0.5113     3.8256   101.4744    30.0
20230506.1400     0.5250     3.7584   101.4963    30.0
20230506.1500     0.5377     3.7159   101.3098    30.0
20230506.1600     0.5421     3.7127   101.0410    30.0
20230506.1700     0.5357     3.7466   100.5857    30.0
20230506.1800     0.5244     3.7940   100.0921    30.0
20230506.1900     0.5133     3.8324    99.7136    30.0
20230506.2000     0.5050     3.8490    99.6532    30.0
20230506.2100     0.4992     3.8493    99.8342    30.0
20230506.2200     0.4926     3.8492    99.9659    30.0
20230506.2300     0.4885     3.8420    99.8891    30.0
20230507.0000     0.4892     3.8064   100.1579    30.0
20230507.0100     0.4956     3.7520   100.9313    30.0
20230507.0200     0.5001     3.7206   101.8035    30.0
20230507.0300     0.5006     3.7165   102.2643    30.0
20230507.0400     0.4988     3.7234   102.4014    30.0
20230507.0500     0.4969     3.7341   102.4343    30.0
20230507.0600     0.4920     3.7628   102.2643    30.0
20230507.0700     0.4871     3.7917   102.1162    30.0
20230507.0800     0.4849     3.8022   102.1381    30.0
20230507.0900     0.4925     3.7597   102.7470    30.0
20230507.1000     0.4997     3.7289   103.0487    30.0
20230507.1100     0.5144     3.6845   103.6850    30.0
20230507.1200     0.5217     3.6916   103.9593    30.0
20230507.1300     0.5266     3.7050   103.9977    30.0
20230507.1400     0.5333     3.7086   104.1622    30.0
20230507.1500     0.5387     3.7178   104.4804    30.0
20230507.1600     0.5437     3.7254   105.0783    30.0
20230507.1700     0.5487     3.7276   105.8134    30.0
20230507.1800     0.5551     3.7195   106.9982    30.0
20230507.1900     0.5625     3.7059   108.6000    30.0
20230507.2000     0.5715     3.6878   110.5967    30.0
20230507.2100     0.5773     3.6827   112.0832    30.0
20230507.2200     0.5822     3.6790   112.4617    30.0
20230507.2300     0.5846     3.6867   112.4068    30.0
20230508.0000     0.5807     3.7135   111.5785    30.0
20230508.0100     0.5724     3.7501   110.4650    30.0
20230508.0200     0.5605     3.7958   109.4667    30.0
20230508.0300     0.5465     3.8466   108.5835    30.0
20230508.0400     0.5330     3.8930   107.8430    30.0
20230508.0500     0.5185     3.9420   107.1354    30.0
20230508.0600     0.5046     3.9862   106.4771    30.0
20230508.0700     0.4919     4.0224   105.8518    30.0
20230508.0800     0.4810     4.0442   105.2484    30.0
20230508.0900     0.4732     4.0430   104.7163    30.0
20230508.1000     0.4607     4.0749   104.0745    30.0
20230508.1100     0.4536     4.0726   103.5314    30.0
20230508.1200     0.4486     4.0591   102.8841    30.0
20230508.1300     0.4440     4.0455   102.2040    30.0
20230508.1400     0.4409     4.0226   101.4854    30.0
20230508.1500     0.4372     4.0112   100.7832    30.0
20230508.1600     0.4309     4.0252   100.0975    30.0
20230508.1700     0.4242     4.0464    99.5161    30.0
20230508.1800     0.4180     4.0640    99.0005    30.0
20230508.1900     0.4130     4.0721    98.6713    30.0
20230508.2000     0.4103     4.0520    98.8414    30.0
20230508.2100     0.4102     4.0148    99.7136    30.0
20230508.2200     0.4101     3.9716   100.6187    30.0
20230508.2300     0.4108     3.9276   100.6845    30.0
20230509.0000     0.4062     3.9356   100.5474    30.0
20230509.0100     0.3993     3.9615   100.2621    30.0
20230509.0200     0.3935     3.9765    99.9494    30.0
20230509.0300     0.3915     3.9511    99.6642    30.0
20230509.0400     0.3893     3.9366    99.5216    30.0
20230509.0500     0.3885     3.9121    99.8233    30.0
20230509.0600     0.3881     3.8852   100.4157    30.0
20230509.0700     0.3868     3.8691   100.8765    30.0
20230509.0800     0.3859     3.8523   101.1837    30.0
20230509.0900     0.3894     3.8030   102.0723    30.0
20230509.1000     0.3830     3.8397   102.5824    30.0
20230509.1100     0.3831     3.8257   103.0871    30.0
20230509.1200     0.3864     3.7888   103.8496    30.0
20230509.1300     0.3917     3.7450   104.4639    30.0
20230509.1400     0.3981     3.7024   104.9960    30.0
20230509.1500     0.4130     3.6192   105.0070    30.0
20230509.1600     0.4375     3.5160   105.2045    30.0
20230509.1700     0.4614     3.4629   106.0767    30.0
20230509.1800     0.4756     3.4617   107.1189    30.0
20230509.1900     0.4872     3.4643   108.1118    30.0
20230509.2000     0.5078     3.4497   109.1814    30.0
20230509.2100     0.5499     3.4273   110.4924    30.0
20230509.2200     0.5633     3.4947   110.3443    30.0
20230509.2300     0.6025     3.5290   110.1085    30.0
20230510.0000     0.6603     3.5802   109.2911    30.0
20230510.0100     0.7352     3.6634   107.4919    30.0
20230510.0200     0.7914     3.7822   106.6033    30.0
20230510.0300     0.8203     3.9008   106.4168    30.0
20230510.0400     0.8394     3.9975   106.5320    30.0
20230510.0500     0.8478     4.0802   106.8666    30.0
20230510.0600     0.8470     4.1500   106.7294    30.0
20230510.0700     0.8348     4.2159   106.2851    30.0
20230510.0800     0.8168     4.2725   105.7530    30.0
20230510.0900     0.7937     4.3296   105.5994    30.0
20230510.1000     0.7674     4.3937   105.9011    30.0
20230510.1100     0.7448     4.4397   106.4826    30.0
20230510.1200     0.7299     4.4430   106.8885    30.0
20230510.1300     0.7302     4.3742   106.9818    30.0
20230510.1400     0.7524     4.2518   106.7075    30.0
20230510.1500     0.7975     4.1341   106.2851    30.0
20230510.1600     0.8519     4.0794   105.7037    30.0
20230510.1700     0.8835     4.1035   105.8902    30.0
20230510.1800     0.8899     4.1650   106.3016    30.0
20230510.1900     0.8886     4.2238   106.1699    30.0
20230510.2000     0.8847     4.2621   105.0235    30.0
20230510.2100     0.9045     4.2415   102.5331    30.0
20230510.2200     0.8969     4.2625   101.0575    30.0
20230510.2300     0.9671     4.4228    99.7574    30.0
20230511.0000     0.9407     4.4450    98.5836    30.0
20230511.0100     0.9136     4.4528    97.3439    30.0
20230511.0200     0.8818     4.4633    96.2961    30.0
20230511.0300     0.8481     4.4781    95.5501    30.0
20230511.0400     0.8179     4.4843    94.9028    30.0
20230511.0500     0.7914     4.4862    94.6121    30.0
20230511.0600     0.7687     4.4790    94.7163    30.0
20230511.0700     0.7521     4.4529    95.1113    30.0
20230511.0800     0.7412     4.4114    95.6818    30.0
20230511.0900     0.7334     4.3678    96.6198    30.0
20230511.1000     0.7199     4.3598    97.7662    30.0
20230511.1100     0.7245     4.2823    99.7794    30.0
20230511.1200     0.7571     4.1472   102.9335    30.0
20230511.1300     0.8051     4.0506   105.4184    30.0
20230511.1400     0.8395     4.0340   106.4222    30.0
20230511.1500     0.8488     4.0638   106.3948    30.0
20230511.1600     0.8479     4.0938   106.0328    30.0
20230511.1700     0.8543     4.1030   105.6817    30.0
20230511.1800     0.8704     4.1034   105.3581    30.0
20230511.1900     0.8928     4.1096   105.2045    30.0
20230511.2000     0.9147     4.1281   105.2429    30.0
20230511.2100     0.9302     4.1573   105.2758    30.0
20230511.2200     0.9315     4.1903   105.1606    30.0
20230511.2300     0.9626     4.1990   105.2758    30.0
20230512.0000     1.0137     4.2227   105.2155    30.0
20230512.0100     1.0641     4.2723   104.8260    30.0
20230512.0200     1.1099     4.3377   104.1622    30.0
20230512.0300     1.1461     4.4110   103.4053    30.0
20230512.0400     1.1678     4.4844   102.9061    30.0
20230512.0500     1.1804     4.5516   102.3850    30.0
20230512.0600     1.1905     4.6108   102.0229    30.0
20230512.0700     1.1935     4.6601   102.0010    30.0
20230512.0800     1.1934     4.6948   102.2204    30.0
20230512.0900     1.1976     4.7140   102.8896    30.0
20230512.1000     1.1928     4.7345   103.3504    30.0
20230512.1100     1.2114     4.7638   103.9703    30.0
20230512.1200     1.2233     4.7616   104.4365    30.0
20230512.1300     1.2391     4.7618   104.5353    30.0
20230512.1400     1.2525     4.7709   104.3158    30.0
20230512.1500     1.2489     4.7931   104.0032    30.0
20230512.1600     1.2394     4.8104   103.9648    30.0
20230512.1700     1.2347     4.8140   104.2665    30.0
20230512.1800     1.2199     4.8232   104.6340    30.0
20230512.1900     1.1965     4.8324   105.1003    30.0
20230512.2000     1.1772     4.8211   105.7969    30.0
20230512.2100     1.1607     4.8015   106.5210    30.0
20230512.2200     1.1469     4.7808   107.0531    30.0
20230512.2300     1.1380     4.7594   107.5358    30.0
20230513.0000     1.1384     4.7299   108.4244    30.0
20230513.0100     1.1431     4.7076   109.1375    30.0
20230513.0200     1.1425     4.7058   109.4337    30.0
20230513.0300     1.1330     4.7205   109.4557    30.0
20230513.0400     1.1157     4.7437   109.3570    30.0
20230513.0500     1.0939     4.7684   109.2692    30.0
20230513.0600     1.0648     4.8034   108.8852    30.0
20230513.0700     1.0367     4.8296   108.5341    30.0
20230513.0800     1.0136     4.8372   108.3147    30.0
20230513.0900     0.9969     4.8244   108.2873    30.0
20230513.1000     0.9978     4.7579   109.3953    30.0
20230513.1100     1.0176     4.6658   110.9313    30.0
20230513.1200     1.0426     4.5948   112.1435    30.0
20230513.1300     1.0499     4.5773   112.2039    30.0
20230513.1400     1.0467     4.5813   111.7431    30.0
20230513.1500     1.0305     4.6045   111.0574    30.0
20230513.1600     1.0083     4.6310   110.3443    30.0
20230513.1700     0.9936     4.6337   109.9165    30.0
20230513.1800     0.9839     4.6258   109.9110    30.0
20230513.1900     0.9767     4.6146   110.2675    30.0
20230513.2000     0.9708     4.6010   111.0684    30.0
20230513.2100     0.9630     4.5886   112.2642    30.0
20230513.2200     0.9400     4.6117   112.7250    30.0
20230513.2300     1.1367     5.1579   113.2516    30.0
20230514.0000     1.0841     5.1674   113.2187    30.0
20230514.0100     1.0340     5.1699   113.1419    30.0
20230514.0200     0.9880     5.1591   113.0816    30.0
20230514.0300     0.9454     5.1391   113.0486    30.0
20230514.0400     0.9064     5.1069   113.1090    30.0
20230514.0500     0.8702     5.0679   113.2242    30.0
20230514.0600     0.8371     5.0180   113.3449    30.0
20230514.0700     0.8067     4.9614   113.4436    30.0
20230514.0800     0.7782     4.9042   113.5094    30.0
20230514.0900     0.7502     4.8545   113.5314    30.0
20230514.1000     0.7229     4.8113   113.3778    30.0
20230514.1100     0.7015     4.7440   113.3887    30.0
20230514.1200     0.6846     4.6641   113.4162    30.0
20230514.1300     0.6706     4.5827   113.4930    30.0
20230514.1400     0.6575     4.5122   113.5094    30.0
20230514.1500     0.6426     4.4658   113.2626    30.0
20230514.1600     0.6277     4.4306   112.8237    30.0
20230514.1700     0.6156     4.3867   112.3630    30.0
20230514.1800     0.6082     4.3271   112.1161    30.0
20230514.1900     0.6055     4.2552   112.0942    30.0
20230514.2000     0.6081     4.1739   112.3355    30.0
20230514.2100     0.6167     4.0866   112.9938    30.0
20230514.2200     0.6151     4.0580   113.3010    30.0
20230514.2300     0.6106     4.0498   113.4655    30.0
20230515.0000     0.6062     4.0407   113.6466    30.0
20230515.0100     0.6049     4.0229   114.0470    30.0
20230515.0200     0.6096     3.9885   114.5626    30.0
20230515.0300     0.6123     3.9762   114.7436    30.0
20230515.0400     0.6127     3.9766   114.5517    30.0
20230515.0500     0.6107     3.9860   114.1896    30.0
20230515.0600     0.6076     3.9969   113.7837    30.0
20230515.0700     0.6040     4.0013   113.5368    30.0
20230515.0800     0.6000     4.0031   113.3668    30.0
20230515.0900     0.5951     4.0016   113.2516    30.0
20230515.1000     0.5889     3.9980   112.5056    30.0
20230515.1100     0.5974     4.0151   112.1052    30.0
20230515.1200     0.5978     3.9693   111.9680    30.0
20230515.1300     0.6010     3.9201   111.7705    30.0
20230515.1400     0.6023     3.8863   111.2878    30.0
20230515.1500     0.5955     3.8850   110.8380    30.0
20230515.1600     0.5828     3.9015   110.6789    30.0
20230515.1700     0.5701     3.9152   110.6570    30.0
20230515.1800     0.5596     3.9158   110.7557    30.0
20230515.1900     0.5487     3.9203   110.8545    30.0
20230515.2000     0.5383     3.9253   110.9806    30.0
20230515.2100     0.5321     3.9075   111.1562    30.0
20230515.2200     0.5178     3.9363   111.1178    30.0
20230515.2300     0.5144     3.9063   111.4908    30.0
20230516.0000     0.5163     3.8535   112.1490    30.0
20230516.0100     0.5196     3.8108   112.5659    30.0
20230516.0200     0.5193     3.7922   112.4617    30.0
20230516.0300     0.5141     3.7984   112.0393    30.0
20230516.0400     0.5058     3.8128   111.5018    30.0
20230516.0500     0.4999     3.8075   110.7612    30.0
20230516.0600     0.4959     3.7878   110.0591    30.0
20230516.0700     0.4909     3.7752   109.6477    30.0
20230516.0800     0.4827     3.7800   109.5270    30.0
20230516.0900     0.4722     3.7926   109.6257    30.0
20230516.1000     0.4557     3.8361   109.4008    30.0
20230516.1100     0.4451     3.8422   109.4886    30.0
20230516.1200     0.4396     3.8112   109.9055    30.0
20230516.1300     0.4370     3.7613   110.4924    30.0
20230516.1400     0.4374     3.6981   111.2659    30.0
20230516.1500     0.4391     3.6406   112.0174    30.0
20230516.1600     0.4385     3.6043   112.4946    30.0
20230516.1700     0.4353     3.5853   112.6702    30.0
20230516.1800     0.4325     3.5652   112.5769    30.0
20230516.1900     0.4346     3.5232   112.3301    30.0
20230516.2000     0.4430     3.4675   111.9954    30.0
20230516.2100     0.4541     3.4253   111.7102    30.0
20230516.2200     0.4506     3.4452   111.3591    30.0
20230516.2300     0.4644     3.5012   111.2220    30.0
20230517.0000     0.4652     3.4914   111.1891    30.0
20230517.0100     0.4619     3.4983   111.0519    30.0
20230517.0200     0.4604     3.4955   110.8654    30.0
20230517.0300     0.4585     3.4933   110.4266    30.0
20230517.0400     0.4570     3.4870   109.8232    30.0
20230517.0500     0.4585     3.4704   109.3460    30.0
20230517.0600     0.4601     3.4565   109.1046    30.0
20230517.0700     0.4598     3.4512   109.0717    30.0
20230517.0800     0.4572     3.4521   108.9785    30.0
20230517.0900     0.4604     3.4275   108.7974    30.0
20230517.1000     0.4594     3.4173   107.9472    30.0
20230517.1100     0.4618     3.3993   107.5138    30.0
20230517.1200     0.4693     3.3687   107.5632    30.0
20230517.1300     0.4837     3.3329   107.2560    30.0
20230517.1400     0.4947     3.3204   107.1244    30.0
20230517.1500     0.5028     3.3189   107.2999    30.0
20230517.1600     0.5110     3.3185   107.9417    30.0
20230517.1700     0.5175     3.3255   108.8523    30.0
20230517.1800     0.5149     3.3495   109.4228    30.0
20230517.1900     0.5085     3.3717   109.9768    30.0
20230517.2000     0.5071     3.3732   110.8161    30.0
20230517.2100     0.5114     3.3635   111.7925    30.0
20230517.2200     0.5176     3.3527   113.0706    30.0
20230517.2300     0.5318     3.3404   113.9208    30.0
20230518.0000     0.5536     3.3355   114.0744    30.0
20230518.0100     0.5722     3.3506   113.7069    30.0
20230518.0200     0.5810     3.3807   113.0541    30.0
20230518.0300     0.5827     3.4121   112.2533    30.0
20230518.0400     0.5792     3.4414   111.5018    30.0
20230518.0500     0.5666     3.4782   110.9422    30.0
20230518.0600     0.5469     3.5212   110.5253    30.0
20230518.0700     0.5285     3.5513   110.2840    30.0
20230518.0800     0.5104     3.5776   110.1085    30.0
20230518.0900     0.4991     3.5706   110.1633    30.0
20230518.1000     0.4903     3.5528   110.2511    30.0
20230518.1100     0.4859     3.5251   110.5802    30.0
20230518.1200     0.4831     3.4985   111.3098    30.0
20230518.1300     0.4865     3.4550   112.2587    30.0
20230518.1400     0.5007     3.3964   113.3613    30.0
20230518.1500     0.5205     3.3578   114.0689    30.0
20230518.1600     0.5406     3.3465   114.4035    30.0
20230518.1700     0.5595     3.3521   114.4913    30.0
20230518.1800     0.5707     3.3764   114.1732    30.0
20230518.1900     0.5678     3.4136   113.3503    30.0
20230518.2000     0.5619     3.4402   112.6811    30.0
20230518.2100     0.5566     3.4579   112.1710    30.0
20230518.2200     0.5568     3.4602   111.7047    30.0
20230518.2300     0.5561     3.4735   111.3536    30.0
20230519.0000     0.5547     3.4924   110.7886    30.0
20230519.0100     0.5588     3.4999   110.1085    30.0
20230519.0200     0.5640     3.5117   109.6916    30.0
20230519.0300     0.5635     3.5425   109.3679    30.0
20230519.0400     0.5590     3.5837   109.0717    30.0
20230519.0500     0.5479     3.6473   108.6384    30.0
20230519.0600     0.5339     3.7210   108.0788    30.0
20230519.0700     0.5226     3.7750   107.6126    30.0
20230519.0800     0.5176     3.7887   107.4371    30.0
20230519.0900     0.5159     3.7812   107.3383    30.0
20230519.1000     0.5142     3.7736   107.2012    30.0
20230519.1100     0.5188     3.7424   107.1299    30.0
20230519.1200     0.5262     3.7062   106.6526    30.0
20230519.1300     0.5320     3.6833   105.8956    30.0
20230519.1400     0.5362     3.6697   105.3745    30.0
20230519.1500     0.5407     3.6549   104.9028    30.0
20230519.1600     0.5477     3.6339   104.5462    30.0
20230519.1700     0.5539     3.6203   104.3488    30.0
20230519.1800     0.5532     3.6264   104.4146    30.0
20230519.1900     0.5508     3.6286   104.7108    30.0
20230519.2000     0.5578     3.6001   105.5226    30.0
20230519.2100     0.5741     3.5636   106.3893    30.0
20230519.2200     0.5938     3.5414   107.1299    30.0
20230519.2300     0.6384     3.5964   107.4206    30.0
20230520.0000     0.6522     3.6119   107.1847    30.0
20230520.0100     0.6567     3.6413   106.6581    30.0
20230520.0200     0.6610     3.6636   106.1480    30.0
20230520.0300     0.6601     3.6898   105.7037    30.0
20230520.0400     0.6583     3.7086   105.5117    30.0
20230520.0500     0.6566     3.7198   105.4788    30.0
20230520.0600     0.6538     3.7285   105.3910    30.0
20230520.0700     0.6487     3.7364   105.2593    30.0
20230520.0800     0.6427     3.7401   105.2374    30.0
20230520.0900     0.6409     3.7294   105.6707    30.0
20230520.1000     0.6319     3.7328   105.8408    30.0
20230520.1100     0.6318     3.7169   106.2632    30.0
20230520.1200     0.6383     3.6950   106.9324    30.0
20230520.1300     0.6525     3.6760   106.9927    30.0
20230520.1400     0.6688     3.6736   106.1480    30.0
20230520.1500     0.6748     3.6973   104.6669    30.0
20230520.1600     0.6749     3.7261   103.1968    30.0
20230520.1700     0.6709     3.7580   102.0833    30.0
20230520.1800     0.6673     3.7845   101.4744    30.0
20230520.1900     0.6693     3.7979   101.2001    30.0
20230520.2000     0.6833     3.7943   101.3098    30.0
20230520.2100     0.7086     3.7907   101.8529    30.0
20230520.2200     0.7528     3.7933   102.5879    30.0
20230520.2300     0.8005     3.8594   103.2078    30.0
20230521.0000     0.8223     3.9142   103.6466    30.0
20230521.0100     0.8349     3.9649   103.8496    30.0
20230521.0200     0.8461     4.0024   104.1513    30.0
20230521.0300     0.8549     4.0330   104.6559    30.0
20230521.0400     0.8595     4.0598   105.2155    30.0
20230521.0500     0.8536     4.0910   105.4678    30.0
20230521.0600     0.8440     4.1140   105.5994    30.0
20230521.0700     0.8325     4.1306   105.5117    30.0
20230521.0800     0.8216     4.1402   105.3965    30.0
20230521.0900     0.8126     4.1429   105.5117    30.0
20230521.1000     0.8007     4.1502   105.6269    30.0
20230521.1100     0.7996     4.1341   106.0383    30.0
20230521.1200     0.8028     4.1176   106.1919    30.0
20230521.1300     0.8074     4.1088   105.8463    30.0
20230521.1400     0.8132     4.1051   105.2703    30.0
20230521.1500     0.8128     4.1169   104.8040    30.0
20230521.1600     0.8065     4.1374   104.7053    30.0
20230521.1700     0.7992     4.1555   104.9357    30.0
20230521.1800     0.7926     4.1689   105.2922    30.0
20230521.1900     0.7881     4.1755   105.7750    30.0
20230521.2000     0.7890     4.1684   106.3674    30.0
20230521.2100     0.8041     4.1354   107.0092    30.0
20230521.2200     0.8140     4.1240   107.1518    30.0
20230521.2300     0.8311     4.1076   107.4700    30.0
20230522.0000     0.8502     4.0981   107.9143    30.0
20230522.0100     0.8611     4.1043   108.0843    30.0
20230522.0200     0.8744     4.1088   107.8375    30.0
20230522.0300     0.8845     4.1201   107.0311    30.0
20230522.0400     0.8878     4.1374   106.2467    30.0
20230522.0500     0.8777     4.1639   105.7475    30.0
20230522.0600     0.8569     4.1932   105.5226    30.0
20230522.0700     0.8346     4.2146   105.4568    30.0
20230522.0800     0.8149     4.2243   105.4184    30.0
20230522.0900     0.8028     4.2158   105.4349    30.0
20230522.1000     0.7785     4.2453   104.9357    30.0
20230522.1100     0.7774     4.2885   104.6669    30.0
20230522.1200     0.7670     4.2756   104.4969    30.0
20230522.1300     0.7628     4.2477   104.3268    30.0
20230522.1400     0.7635     4.2150   103.8825    30.0
20230522.1500     0.7617     4.1976   103.3010    30.0
20230522.1600     0.7586     4.1882   102.9280    30.0
20230522.1700     0.7561     4.1778   102.8457    30.0
20230522.1800     0.7575     4.1582   102.9171    30.0
20230522.1900     0.7614     4.1379   102.8787    30.0
20230522.2000     0.7648     4.1238   102.7690    30.0
20230522.2100     0.7658     4.1185   102.6922    30.0
20230522.2200     0.7582     4.1295   102.9993    30.0
20230522.2300     0.7704     4.1356   103.7344    30.0
20230523.0000     0.7836     4.0914   104.7218    30.0
20230523.0100     0.8028     4.0543   105.6872    30.0
20230523.0200     0.8132     4.0456   106.3893    30.0
20230523.0300     0.8103     4.0578   106.7404    30.0
20230523.0400     0.7980     4.0765   106.9159    30.0
20230523.0500     0.7841     4.0859   106.9708    30.0
20230523.0600     0.7666     4.0951   106.7020    30.0
20230523.0700     0.7505     4.0931   106.3564    30.0
20230523.0800     0.7348     4.0852   106.0273    30.0
20230523.0900     0.7229     4.0639   105.8682    30.0
20230523.1000     0.7052     4.0571   105.5610    30.0
20230523.1100     0.6902     4.0421   105.4678    30.0
20230523.1200     0.6792     4.0156   105.5446    30.0
20230523.1300     0.6686     3.9925   105.6707    30.0
20230523.1400     0.6649     3.9546   106.0328    30.0
20230523.1500     0.6651     3.9206   106.3564    30.0
20230523.1600     0.6648     3.9013   106.5155    30.0
20230523.1700     0.6621     3.8971   106.4113    30.0
20230523.1800     0.6581     3.9008   106.1535    30.0
20230523.1900     0.6569     3.8982   105.9395    30.0
20230523.2000     0.6598     3.8879   105.9066    30.0
20230523.2100     0.6630     3.8823   106.1644    30.0
20230523.2200     0.6657     3.8788   106.2248    30.0
20230523.2300     0.6884     3.8875   106.5539    30.0
20230524.0000     0.7026     3.8800   106.7130    30.0
20230524.0100     0.7073     3.8985   106.5429    30.0
20230524.0200     0.7058     3.9279   106.2412    30.0
20230524.0300     0.6995     3.9637   105.6598    30.0
20230524.0400     0.6878     4.0078   105.0125    30.0
20230524.0500     0.6758     4.0493   104.4146    30.0
20230524.0600     0.6644     4.0859   103.7947    30.0
20230524.0700     0.6549     4.1137   103.2791    30.0
20230524.0800     0.6472     4.1350   102.9171    30.0
20230524.0900     0.6437     4.1363   102.7470    30.0
20230524.1000     0.6458     4.1122   102.3356    30.0
20230524.1100     0.6598     4.0568   102.0668    30.0
20230524.1200     0.6774     4.0081   102.2478    30.0
20230524.1300     0.6938     3.9776   102.7964    30.0
20230524.1400     0.7069     3.9650   103.2681    30.0
20230524.1500     0.7215     3.9542   103.8002    30.0
20230524.1600     0.7454     3.9360   104.6285    30.0
20230524.1700     0.7747     3.9305   105.4952    30.0
20230524.1800     0.7901     3.9577   105.9999    30.0
20230524.1900     0.7904     4.0003   106.1096    30.0
20230524.2000     0.7851     4.0382   106.0108    30.0
20230524.2100     0.7813     4.0597   106.0547    30.0
20230524.2200     0.7710     4.0833   106.0108    30.0
20230524.2300     0.7798     4.0606   106.6581    30.0
20230525.0000     0.8053     4.0230   107.9362    30.0
20230525.0100     0.8299     4.0119   109.0169    30.0
20230525.0200     0.8522     4.0171   110.0975    30.0
20230525.0300     0.8705     4.0349   110.8764    30.0
20230525.0400     0.8859     4.0594   111.0958    30.0
20230525.0500     0.9008     4.0862   110.8051    30.0
20230525.0600     0.9141     4.1160   110.1469    30.0
20230525.0700     0.9159     4.1545   109.0553    30.0
20230525.0800     0.9037     4.1960   107.7881    30.0
20230525.0900     0.8869     4.2269   106.5210    30.0
20230525.1000     0.8642     4.2549   104.8754    30.0
20230525.1100     0.9074     4.4131   103.6137    30.0
20230525.1200     0.8903     4.4067   103.0487    30.0
20230525.1300     0.8825     4.3765   102.5331    30.0
20230525.1400     0.8771     4.3467   102.1491    30.0
20230525.1500     0.8662     4.3320   102.0394    30.0
20230525.1600     0.8488     4.3315   101.9626    30.0
20230525.1700     0.8307     4.3290   101.8913    30.0
20230525.1800     0.8129     4.3257   101.9242    30.0
20230525.1900     0.8026     4.2990   102.4837    30.0
20230525.2000     0.8095     4.2325   103.9867    30.0
20230525.2100     0.8366     4.1506   106.2741    30.0
20230525.2200     0.8546     4.1236   107.1463    30.0
20230525.2300     0.8825     4.1063   107.8485    30.0
20230526.0000     0.9059     4.1135   108.4519    30.0
20230526.0100     0.9190     4.1386   108.7700    30.0
20230526.0200     0.9319     4.1635   108.8907    30.0
20230526.0300     0.9388     4.1932   108.6603    30.0
20230526.0400     0.9415     4.2208   108.3312    30.0
20230526.0500     0.9350     4.2508   107.7387    30.0
20230526.0600     0.9207     4.2798   106.9763    30.0
20230526.0700     0.9033     4.3012   106.3235    30.0
20230526.0800     0.8853     4.3136   105.9066    30.0
20230526.0900     0.8672     4.3196   105.7530    30.0
20230526.1000     0.8564     4.3027   104.8040    30.0
20230526.1100     0.8452     4.2862   104.1458    30.0
20230526.1200     0.8323     4.2735   103.7070    30.0
20230526.1300     0.8198     4.2605   103.3230    30.0
20230526.1400     0.8111     4.2381   103.1365    30.0
20230526.1500     0.8061     4.2119   103.0103    30.0
20230526.1600     0.7976     4.2009   102.9116    30.0
20230526.1700     0.7872     4.1955   102.9116    30.0
20230526.1800     0.7793     4.1827   103.1255    30.0
20230526.1900     0.7801     4.1487   103.8825    30.0
20230526.2000     0.8011     4.0851   105.5172    30.0
20230526.2100     0.8481     4.0235   107.7552    30.0
20230526.2200     0.8895     4.0193   109.1375    30.0
20230526.2300     1.4010     4.8470   110.0975    30.0
20230527.0000     1.3768     5.0079   109.1266    30.0
20230527.0100     1.3578     5.1247   108.4573    30.0
20230527.0200     1.3468     5.1964   108.1611    30.0
20230527.0300     1.3322     5.2448   107.9198    30.0
20230527.0400     1.3034     5.2888   107.6400    30.0
20230527.0500     1.2629     5.3261   107.4206    30.0
20230527.0600     1.2162     5.3533   107.2012    30.0
20230527.0700     1.1678     5.3622   107.0147    30.0
20230527.0800     1.1196     5.3557   106.8940    30.0
20230527.0900     1.0708     5.3417   106.8337    30.0
20230527.1000     1.0192     5.3417   106.5758    30.0
20230527.1100     0.9747     5.3068   106.5265    30.0
20230527.1200     0.9369     5.2436   106.6142    30.0
20230527.1300     0.9041     5.1647   106.5155    30.0
20230527.1400     0.8834     5.0369   106.3345    30.0
20230527.1500     0.8747     4.8783   106.1480    30.0
20230527.1600     0.8671     4.7480   105.9560    30.0
20230527.1700     0.8561     4.6578   105.8188    30.0
20230527.1800     0.8413     4.6010   105.8682    30.0
20230527.1900     0.8361     4.5231   106.3619    30.0
20230527.2000     0.8513     4.4112   107.3767    30.0
20230527.2100     0.8867     4.3050   108.6987    30.0
20230527.2200     0.9284     4.2486   109.6916    30.0
20230527.2300     0.9841     4.2292   111.0081    30.0
20230528.0000     1.0502     4.2503   112.2478    30.0
20230528.0100     1.1083     4.3085   112.8073    30.0
20230528.0200     1.1522     4.3837   112.4343    30.0
20230528.0300     1.1662     4.4633   111.6389    30.0
20230528.0400     1.1497     4.5385   110.9916    30.0
20230528.0500     1.1169     4.6028   110.4321    30.0
20230528.0600     1.0791     4.6532   109.9549    30.0
20230528.0700     1.0437     4.6839   109.5051    30.0
20230528.0800     1.0100     4.7048   109.0662    30.0
20230528.0900     0.9778     4.7177   108.7206    30.0
20230528.1000     0.9482     4.7195   108.3202    30.0
20230528.1100     1.0016     4.8661   108.0734    30.0
20230528.1200     0.9764     4.8184   108.1282    30.0
20230528.1300     0.9587     4.7551   108.3312    30.0
20230528.1400     0.9420     4.7008   108.4519    30.0
20230528.1500     0.9201     4.6732   108.3805    30.0
20230528.1600     0.9049     4.6288   108.1721    30.0
20230528.1700     0.8978     4.5690   107.8704    30.0
20230528.1800     0.8916     4.5201   107.5193    30.0
20230528.1900     0.8879     4.4737   107.3657    30.0
20230528.2000     0.8947     4.4161   107.5029    30.0
20230528.2100     0.9175     4.3513   107.9143    30.0
20230528.2200     0.9410     4.3164   108.1776    30.0
20230528.2300     0.9663     4.3047   108.4957    30.0
20230529.0000     0.9930     4.3095   108.6932    30.0
20230529.0100     1.0166     4.3261   108.9620    30.0
20230529.0200     1.0452     4.3436   109.2418    30.0
20230529.0300     1.0617     4.3713   109.3734    30.0
20230529.0400     1.0587     4.4029   109.3844    30.0
20230529.0500     1.0394     4.4323   109.1869    30.0
20230529.0600     1.0067     4.4586   108.8139    30.0
20230529.0700     0.9702     4.4737   108.3970    30.0
20230529.0800     0.9390     4.4666   108.0624    30.0
20230529.0900     0.9144     4.4400   107.9582    30.0
20230529.1000     0.8807     4.4349   107.5632    30.0
20230529.1100     0.8548     4.4054   107.5303    30.0
20230529.1200     0.8336     4.3679   107.5687    30.0
20230529.1300     0.8233     4.3095   107.5358    30.0
20230529.1400     0.8188     4.2529   107.1299    30.0
20230529.1500     0.8183     4.2067   106.4113    30.0
20230529.1600     0.8231     4.1681   105.5391    30.0
20230529.1700     0.8327     4.1420   104.5133    30.0
20230529.1800     0.8448     4.1312   103.5698    30.0
20230529.1900     0.8583     4.1335   103.0377    30.0
20230529.2000     0.8757     4.1414   103.1913    30.0
20230529.2100     0.8956     4.1546   103.9428    30.0
20230529.2200     0.9151     4.1724   104.5901    30.0
20230529.2300     0.9492     4.2143   105.0948    30.0
20230530.0000     0.9694     4.2410   105.5555    30.0
20230530.0100     0.9875     4.2702   106.0602    30.0
20230530.0200     0.9997     4.3019   106.3125    30.0
20230530.0300     1.0081     4.3313   106.2687    30.0
20230530.0400     1.0147     4.3548   106.2138    30.0
20230530.0500     1.0180     4.3735   106.2467    30.0
20230530.0600     1.0135     4.3930   106.0931    30.0
20230530.0700     0.9997     4.4148   105.8134    30.0
20230530.0800     0.9812     4.4337   105.5610    30.0
20230530.0900     0.9601     4.4508   105.2593    30.0
20230530.1000     0.9284     4.4882   104.5901    30.0
20230530.1100     0.8969     4.5232   104.1513    30.0
20230530.1200     0.8718     4.5396   103.9703    30.0
20230530.1300     0.8543     4.5345   103.9648    30.0
20230530.1400     0.8435     4.5134   104.2445    30.0
20230530.1500     0.8365     4.4870   104.6943    30.0
20230530.1600     0.8293     4.4697   105.0454    30.0
20230530.1700     0.8252     4.4490   105.3142    30.0
20230530.1800     0.8201     4.4370   105.4513    30.0
20230530.1900     0.8151     4.4274   105.6323    30.0
20230530.2000     0.8151     4.4038   106.0163    30.0
20230530.2100     0.8268     4.3533   106.9214    30.0
20230530.2200     0.8335     4.3290   107.1628    30.0
20230530.2300     0.8417     4.3073   107.4700    30.0
20230531.0000     0.8531     4.2829   108.0020    30.0
20230531.0100     0.8718     4.2515   108.6493    30.0
20230531.0200     0.8886     4.2352   109.1046    30.0
20230531.0300     0.9030     4.2303   109.3295    30.0
20230531.0400     0.9135     4.2362   109.4337    30.0
20230531.0500     0.9131     4.2560   109.4941    30.0
20230531.0600     0.9052     4.2795   109.5928    30.0
20230531.0700     0.8959     4.2960   109.7245    30.0
20230531.0800     0.8871     4.3063   109.8506    30.0
20230531.0900     0.8787     4.3128   109.9494    30.0
20230531.1000     0.8712     4.3165   109.1320    30.0
20230531.1100     0.9100     4.3938   108.2818    30.0
20230531.1200     0.9105     4.3719   107.4206    30.0
20230531.1300     0.9087     4.3618   106.6691    30.0
20230531.1400     0.9080     4.3530   106.0218    30.0
20230531.1500     0.9050     4.3508   105.4184    30.0
20230531.1600     0.8964     4.3583   104.9138    30.0
20230531.1700     0.8820     4.3725   104.6395    30.0
20230531.1800     0.8698     4.3739   104.6175    30.0
20230531.1900     0.8736     4.3372   105.0893    30.0
20230531.2000     0.8886     4.2907   105.9066    30.0
20230531.2100     0.9148     4.2498   106.7185    30.0
20230531.2200     0.9279     4.2475   106.6142    30.0
20230531.2300     0.9303     4.2603   106.2467    30.0
20230601.0000     0.9289     4.2696   105.9340    30.0
20230601.0100     0.9266     4.2709   105.9176    30.0
20230601.0200     0.9269     4.2639   106.2687    30.0
20230601.0300     0.9271     4.2574   106.4716    30.0
20230601.0400     0.9284     4.2523   106.3784    30.0
20230601.0500     0.9279     4.2527   106.0492    30.0
20230601.0600     0.9188     4.2651   105.4239    30.0
20230601.0700     0.9037     4.2815   104.6230    30.0
20230601.0800     0.8885     4.2915   103.8441    30.0
20230601.0900     0.8772     4.2904   103.2736    30.0
20230601.1000     0.8660     4.3344   102.4947    30.0
20230601.1100     0.8408     4.3168   101.9516    30.0
20230601.1200     0.8366     4.2932   101.8090    30.0
20230601.1300     0.8319     4.2802   101.5183    30.0
20230601.1400     0.8251     4.2774   101.0849    30.0
20230601.1500     0.8153     4.2839   100.5693    30.0
20230601.1600     0.8056     4.2877   100.4267    30.0
20230601.1700     0.7983     4.2827   100.6735    30.0
20230601.1800     0.7930     4.2712   101.1617    30.0
20230601.1900     0.7897     4.2548   101.9736    30.0
20230601.2000     0.7905     4.2285   103.2078    30.0
20230601.2100     0.7940     4.2006   104.4255    30.0
20230601.2200     0.7857     4.2078   104.3268    30.0
20230601.2300     0.8612     4.3899   104.3597    30.0
20230602.0000     0.8489     4.3659   104.0525    30.0
20230602.0100     0.8410     4.3345   103.6356    30.0
20230602.0200     0.8348     4.3034   103.5698    30.0
20230602.0300     0.8290     4.2763   103.7673    30.0
20230602.0400     0.8266     4.2435   104.3872    30.0
20230602.0500     0.8303     4.2027   105.4623    30.0
20230602.0600     0.8303     4.1787   106.3235    30.0
20230602.0700     0.8274     4.1654   106.8995    30.0
20230602.0800     0.8228     4.1579   107.1354    30.0
20230602.0900     0.8216     4.1453   107.2067    30.0
20230602.1000     0.8074     4.1602   106.1864    30.0
20230602.1100     0.7986     4.1600   105.2648    30.0
20230602.1200     0.8005     4.1391   104.3762    30.0
20230602.1300     0.8178     4.1056   103.4437    30.0
20230602.1400     0.8489     4.0828   102.7196    30.0
20230602.1500     0.8746     4.0967   102.0833    30.0
20230602.1600     0.9072     4.1190   102.0065    30.0
20230602.1700     0.9525     4.1469   102.6208    30.0
20230602.1800     0.9815     4.1987   103.1749    30.0
20230602.1900     0.9899     4.2579   103.5424    30.0
20230602.2000     0.9991     4.2995   104.0416    30.0
20230602.2100     1.0140     4.3265   104.6724    30.0
20230602.2200     1.0318     4.3538   105.5939    30.0
20230602.2300     1.0413     4.3845   106.1644    30.0
20230603.0000     1.0318     4.4267   105.8956    30.0
20230603.0100     1.0155     4.4597   105.4568    30.0
20230603.0200     0.9980     4.4784   105.1716    30.0
20230603.0300     0.9796     4.4878   104.9905    30.0
20230603.0400     0.9633     4.4872   104.8424    30.0
20230603.0500     0.9482     4.4820   104.6779    30.0
20230603.0600     0.9300     4.4840   104.3213    30.0
20230603.0700     0.9128     4.4824   103.9264    30.0
20230603.0800     0.8952     4.4837   103.4053    30.0
20230603.0900     0.8819     4.4734   103.1310    30.0
20230603.1000     0.8790     4.4395   102.7635    30.0
20230603.1100     0.9124     4.4831   102.7580    30.0
20230603.1200     0.9038     4.4671   102.4947    30.0
20230603.1300     0.8839     4.4808   101.8584    30.0
20230603.1400     0.8599     4.5022   101.2385    30.0
20230603.1500     0.8367     4.5164   100.7887    30.0
20230603.1600     0.8154     4.5202   100.3608    30.0
20230603.1700     0.8016     4.4956   100.0591    30.0
20230603.1800     0.7937     4.4526   100.0098    30.0
20230603.1900     0.7910     4.3980   100.2895    30.0
20230603.2000     0.7889     4.3508   100.5857    30.0
20230603.2100     0.7889     4.3035   100.9204    30.0
20230603.2200     0.7792     4.2893   101.8090    30.0
20230603.2300     0.7795     4.2451   102.9884    30.0
20230604.0000     0.7819     4.2061   103.6795    30.0
20230604.0100     0.8014     4.1408   104.6889    30.0
20230604.0200     0.8296     4.0899   105.8298    30.0
20230604.0300     0.8423     4.0870   106.4003    30.0
20230604.0400     0.8333     4.1152   106.3071    30.0
20230604.0500     0.8155     4.1441   106.0657    30.0
20230604.0600     0.7950     4.1650   105.7256    30.0
20230604.0700     0.7710     4.1869   105.1332    30.0
20230604.0800     0.7504     4.1926   104.6559    30.0
20230604.0900     0.7325     4.1876   104.3652    30.0
20230604.1000     0.7113     4.1920   103.7015    30.0
20230604.1100     0.6998     4.1767   103.3065    30.0
20230604.1200     0.6868     4.1565   102.8512    30.0
20230604.1300     0.6715     4.1475   102.4124    30.0
20230604.1400     0.6598     4.1254   102.0339    30.0
20230604.1500     0.6490     4.1042   101.7432    30.0
20230604.1600     0.6381     4.0863   101.4470    30.0
20230604.1700     0.6242     4.0865   101.0685    30.0
20230604.1800     0.6068     4.1066   100.6680    30.0
20230604.1900     0.5908     4.1230   100.4706    30.0
20230604.2000     0.5783     4.1213   100.5144    30.0
20230604.2100     0.5707     4.0967   100.8545    30.0
20230604.2200     0.5739     4.0163   101.7761    30.0
20230604.2300     0.6008     3.9848   102.8348    30.0
20230605.0000     0.6063     3.9295   103.6082    30.0
20230605.0100     0.6147     3.8758   104.1897    30.0
20230605.0200     0.6240     3.8329   104.6450    30.0
20230605.0300     0.6343     3.7990   105.1990    30.0
20230605.0400     0.6456     3.7757   105.5172    30.0
20230605.0500     0.6579     3.7613   105.6707    30.0
20230605.0600     0.6654     3.7631   105.8847    30.0
20230605.0700     0.6691     3.7728   105.8792    30.0
20230605.0800     0.6699     3.7850   105.3800    30.0
20230605.0900     0.6708     3.7925   104.8040    30.0
20230605.1000     0.6689     3.8006   103.2791    30.0
20230605.1100     0.6720     3.7985   101.6773    30.0
20230605.1200     0.6775     3.7940    99.9220    30.0
20230605.1300     0.6860     3.7880    98.1447    30.0
20230605.1400     0.6932     3.7918    97.0092    30.0
20230605.1500     0.6974     3.8034    96.5814    30.0
20230605.1600     0.6953     3.8224    96.6472    30.0
20230605.1700     0.6969     3.8285    96.9434    30.0
20230605.1800     0.7038     3.8270    97.3439    30.0
20230605.1900     0.7079     3.8341    97.5962    30.0
20230605.2000     0.7085     3.8463    97.8485    30.0
20230605.2100     0.7075     3.8573    98.2599    30.0
20230605.2200     0.7007     3.8713    98.8524    30.0
20230605.2300     0.7028     3.8608    99.6532    30.0
20230606.0000     0.7170     3.8329   101.0685    30.0
20230606.0100     0.7432     3.8066   102.8019    30.0
20230606.0200     0.7818     3.7972   104.6011    30.0
20230606.0300     0.8126     3.8239   105.5501    30.0
20230606.0400     0.8221     3.8741   105.4678    30.0
20230606.0500     0.8149     3.9265   104.8095    30.0
20230606.0600     0.7980     3.9743   103.9977    30.0
20230606.0700     0.7845     4.0005   103.4546    30.0
20230606.0800     0.7782     4.0074   103.2407    30.0
20230606.0900     0.7764     4.0068   103.0048    30.0
20230606.1000     0.7906     3.9869   102.7690    30.0
20230606.1100     0.7990     3.9897   102.1381    30.0
20230606.1200     0.8005     4.0076   101.0740    30.0
20230606.1300     0.7940     4.0326   100.1359    30.0
20230606.1400     0.7905     4.0444    99.6313    30.0
20230606.1500     0.7884     4.0519    99.6916    30.0
20230606.1600     0.7881     4.0543   100.2731    30.0
20230606.1700     0.7953     4.0462   101.2330    30.0
20230606.1800     0.8009     4.0504   102.0668    30.0
20230606.1900     0.7977     4.0731   102.6154    30.0
20230606.2000     0.7886     4.1016   102.6757    30.0
20230606.2100     0.7805     4.1193   102.7470    30.0
20230606.2200     0.7687     4.1381   102.5660    30.0
20230606.2300     0.7679     4.1257   102.7799    30.0
20230607.0000     0.7784     4.0899   103.7454    30.0
20230607.0100     0.8029     4.0473   104.5298    30.0
20230607.0200     0.8431     4.0211   104.9028    30.0
20230607.0300     0.8858     4.0354   104.9138    30.0
20230607.0400     0.9303     4.0792   104.5572    30.0
20230607.0500     0.9665     4.1431   103.6905    30.0
20230607.0600     0.9705     4.2212   102.7470    30.0
20230607.0700     0.9576     4.2891   102.0010    30.0
20230607.0800     0.9498     4.3315   101.4634    30.0
20230607.0900     0.9601     4.3449   101.1617    30.0
20230607.1000     0.9702     4.3659   101.2111    30.0
20230607.1100     1.0156     4.4141   101.4140    30.0
20230607.1200     1.0489     4.4354   100.9094    30.0
20230607.1300     1.0855     4.4650   100.4102    30.0
20230607.1400     1.1178     4.5031   100.2018    30.0
20230607.1500     1.1424     4.5470    99.8342    30.0
20230607.1600     1.1611     4.5898    99.3954    30.0
20230607.1700     1.1744     4.6270    99.1157    30.0
20230607.1800     1.1741     4.6587    99.0224    30.0
20230607.1900     1.1698     4.6754    99.1376    30.0
20230607.2000     1.1649     4.6775    99.4612    30.0
20230607.2100     1.1610     4.6685   100.1085    30.0
20230607.2200     1.1543     4.6568   100.4486    30.0
20230607.2300     1.2027     4.7160   100.7777    30.0
20230608.0000     1.1804     4.7093   100.9642    30.0
20230608.0100     1.1514     4.6982   101.0794    30.0
20230608.0200     1.1257     4.6762   101.2330    30.0
20230608.0300     1.1056     4.6476   101.3811    30.0
20230608.0400     1.0831     4.6227   101.3373    30.0
20230608.0500     1.0605     4.6008   101.0246    30.0
20230608.0600     1.0355     4.5838   100.4925    30.0
20230608.0700     1.0118     4.5650    99.9385    30.0
20230608.0800     0.9944     4.5368    99.3844    30.0
20230608.0900     0.9852     4.4990    98.9182    30.0
20230608.1000     0.9681     4.4831    98.1776    30.0
20230608.1100     0.9516     4.4675    97.8869    30.0
20230608.1200     0.9412     4.4416    98.0405    30.0
20230608.1300     0.9269     4.4276    98.3258    30.0
20230608.1400     0.9047     4.4312    98.5232    30.0
20230608.1500     0.8780     4.4434    98.5836    30.0
20230608.1600     0.8481     4.4646    98.6110    30.0
20230608.1700     0.8214     4.4713    98.8194    30.0
20230608.1800     0.8009     4.4558    99.2802    30.0
20230608.1900     0.7876     4.4148   100.1305    30.0
20230608.2000     0.7838     4.3452   101.5896    30.0
20230608.2100     0.7876     4.2654   103.4766    30.0
20230608.2200     0.7966     4.1879   105.8353    30.0
20230608.2300     0.8172     4.1818   107.3657    30.0
20230609.0000     0.8114     4.1689   107.9417    30.0
20230609.0100     0.7989     4.1688   108.0514    30.0
20230609.0200     0.7888     4.1594   108.1172    30.0
20230609.0300     0.7794     4.1494   108.0514    30.0
20230609.0400     0.7654     4.1538   107.7497    30.0
20230609.0500     0.7463     4.1703   107.2286    30.0
20230609.0600     0.7257     4.1890   106.4990    30.0
20230609.0700     0.7051     4.2051   105.6378    30.0
20230609.0800     0.6862     4.2123   104.7382    30.0
20230609.0900     0.6713     4.2032   103.8222    30.0
20230609.1000     0.6561     4.1933   103.0432    30.0
20230609.1100     0.6418     4.1827   102.3740    30.0
20230609.1200     0.6285     4.1664   101.7048    30.0
20230609.1300     0.6128     4.1652   101.2550    30.0
20230609.1400     0.5968     4.1654   101.0465    30.0
20230609.1500     0.5861     4.1402   101.0520    30.0
20230609.1600     0.5776     4.1064   101.2550    30.0
20230609.1700     0.5702     4.0744   101.7322    30.0
20230609.1800     0.5630     4.0450   102.4343    30.0
20230609.1900     0.5594     3.9995   103.5205    30.0
20230609.2000     0.5633     3.9265   105.0893    30.0
20230609.2100     0.5767     3.8386   107.1134    30.0
20230609.2200     0.5921     3.7739   108.6000    30.0
20230609.2300     0.6065     3.7347   109.7519    30.0
20230610.0000     0.6188     3.7161   110.7338    30.0
20230610.0100     0.6300     3.7110   111.2165    30.0
20230610.0200     0.6380     3.7207   111.1781    30.0
20230610.0300     0.6416     3.7433   110.6844    30.0
20230610.0400     0.6378     3.7788   110.0810    30.0
20230610.0500     0.6299     3.8178   109.4721    30.0
20230610.0600     0.6259     3.8363   108.9785    30.0
20230610.0700     0.6248     3.8433   108.5067    30.0
20230610.0800     0.6237     3.8478   107.9253    30.0
20230610.0900     0.6207     3.8543   107.3273    30.0
20230610.1000     0.6112     3.8773   106.2083    30.0
20230610.1100     0.5837     3.7953   105.2977    30.0
20230610.1200     0.5888     3.7722   104.8260    30.0
20230610.1300     0.5979     3.7449   104.9192    30.0
20230610.1400     0.6102     3.7225   105.2593    30.0
20230610.1500     0.6244     3.7097   105.5501    30.0
20230610.1600     0.6394     3.7092   105.4349    30.0
20230610.1700     0.6608     3.7108   105.1332    30.0
20230610.1800     0.6805     3.7298   104.9083    30.0
20230610.1900     0.6967     3.7601   104.9467    30.0
20230610.2000     0.7077     3.7954   105.4074    30.0
20230610.2100     0.7157     3.8274   106.2796    30.0
20230610.2200     0.7378     3.8357   107.7662    30.0
20230610.2300     0.7670     3.8483   109.6641    30.0
20230611.0000     0.8070     3.8713   111.6883    30.0
20230611.0100     0.8531     3.9138   113.2571    30.0
20230611.0200     0.8851     3.9740   114.4913    30.0
20230611.0300     0.8973     4.0363   115.3470    30.0
20230611.0400     0.8934     4.0931   115.8901    30.0
20230611.0500     0.8894     4.1330   116.1918    30.0
20230611.0600     0.8863     4.1642   116.1534    30.0
20230611.0700     0.8868     4.1877   115.7146    30.0
20230611.0800     0.8905     4.2067   114.9301    30.0
20230611.0900     0.8936     4.2275   113.8056    30.0
20230611.1000     0.8971     4.2482   112.7415    30.0
20230611.1100     0.9205     4.2515   111.8364    30.0
20230611.1200     0.9678     4.2585   110.6954    30.0
20230611.1300     1.0175     4.3011   109.1595    30.0
20230611.1400     1.0539     4.3678   108.0624    30.0
20230611.1500     1.0857     4.4376   107.3987    30.0
20230611.1600     1.1387     4.4975   107.3657    30.0
20230611.1700     1.2015     4.5669   107.5303    30.0
20230611.1800     1.2416     4.6561   107.3109    30.0
20230611.1900     1.2462     4.7552   106.5374    30.0
20230611.2000     1.2369     4.8441   105.7311    30.0
20230611.2100     1.2225     4.9208   105.0289    30.0
20230611.2200     1.2274     4.9470   104.6669    30.0
20230611.2300     1.2965     5.1153   104.4255    30.0
20230612.0000     1.2982     5.1255   104.2774    30.0
20230612.0100     1.3130     5.1150   103.9319    30.0
20230612.0200     1.3311     5.0994   103.5753    30.0
20230612.0300     1.3406     5.0917   103.3230    30.0
20230612.0400     1.3415     5.0895   103.0652    30.0
20230612.0500     1.3414     5.0835   102.6757    30.0
20230612.0600     1.3366     5.0830   102.1875    30.0
20230612.0700     1.3200     5.0883   101.6828    30.0
20230612.0800     1.2979     5.0915   101.2550    30.0
20230612.0900     1.2908     5.0754   100.9258    30.0
20230612.1000     1.2807     5.0552   100.3828    30.0
20230612.1100     1.2758     5.0306    99.8013    30.0
20230612.1200     1.2685     5.0105    99.4612    30.0
20230612.1300     1.2527     4.9997    99.4667    30.0
20230612.1400     1.2367     4.9859    99.5600    30.0
20230612.1500     1.2284     4.9612    99.7904    30.0
20230612.1600     1.2178     4.9431   100.0866    30.0
20230612.1700     1.2042     4.9286   100.4870    30.0
20230612.1800     1.1894     4.9138   100.9149    30.0
20230612.1900     1.1859     4.8818   101.5457    30.0
20230612.2000     1.1935     4.8432   102.2478    30.0
20230612.2100     1.2059     4.8134   102.8896    30.0
20230612.2200     1.2195     4.7972   103.3120    30.0
20230612.2300     1.2424     4.7867   103.5259    30.0
20230613.0000     1.2706     4.7895   103.4162    30.0
20230613.0100     1.2957     4.8065   103.0652    30.0
20230613.0200     1.2971     4.8376   102.6922    30.0
20230613.0300     1.2821     4.8667   102.1710    30.0
20230613.0400     1.2652     4.8805   101.7377    30.0
20230613.0500     1.2562     4.8760   101.5731    30.0
20230613.0600     1.2452     4.8705   101.5512    30.0
20230613.0700     1.2293     4.8651   101.9023    30.0
20230613.0800     1.2236     4.8430   102.5111    30.0
20230613.0900     1.2354     4.8085   103.2736    30.0
20230613.1000     1.2250     4.8070   103.4272    30.0
20230613.1100     1.2869     4.9171   103.3504    30.0
20230613.1200     1.2690     4.9092   103.0981    30.0
20230613.1300     1.2543     4.8958   102.8896    30.0
20230613.1400     1.2421     4.8808   102.8512    30.0
20230613.1500     1.2234     4.8717   102.8348    30.0
20230613.1600     1.2026     4.8629   102.6647    30.0
20230613.1700     1.1868     4.8432   102.5989    30.0
20230613.1800     1.1795     4.8117   102.7799    30.0
20230613.1900     1.1793     4.7751   103.4656    30.0
20230613.2000     1.1777     4.7479   104.2665    30.0
20230613.2100     1.1792     4.7232   105.0564    30.0
20230613.2200     1.1750     4.7028   105.7366    30.0
20230613.2300     1.1679     4.6953   105.9450    30.0
20230614.0000     1.1721     4.6796   106.2961    30.0
20230614.0100     1.1721     4.6705   106.6197    30.0
20230614.0200     1.1680     4.6653   106.9159    30.0
20230614.0300     1.1571     4.6590   107.1463    30.0
20230614.0400     1.1375     4.6590   107.3109    30.0
20230614.0500     1.1195     4.6526   107.4261    30.0
20230614.0600     1.1070     4.6358   107.3493    30.0
20230614.0700     1.0952     4.6189   107.1244    30.0
20230614.0800     1.0832     4.6018   107.3767    30.0
20230614.0900     1.0660     4.5914   107.7826    30.0
20230614.1000     1.0237     4.6248   107.4754    30.0
20230614.1100     0.9865     4.6428   106.9982    30.0
20230614.1200     0.9546     4.6447   106.4277    30.0
20230614.1300     0.9199     4.6580   105.6488    30.0
20230614.1400     0.8884     4.6632   105.0344    30.0
20230614.1500     0.8557     4.6784   104.4585    30.0
20230614.1600     0.8197     4.7181   103.7015    30.0
20230614.1700     0.7853     4.7607   102.9335    30.0
20230614.1800     0.7588     4.7627   102.2862    30.0
20230614.1900     0.7414     4.7154   101.7651    30.0
20230614.2000     0.7259     4.6664   101.5073    30.0
20230614.2100     0.7163     4.5941   101.8474    30.0
20230614.2200     0.6932     4.6049   101.8200    30.0
20230614.2300     0.8030     4.9904   102.0174    30.0
20230615.0000     0.7839     5.0002   101.9571    30.0
20230615.0100     0.7667     4.9883   101.8474    30.0
20230615.0200     0.7494     4.9652   101.8474    30.0
20230615.0300     0.7375     4.8971   102.0449    30.0
20230615.0400     0.7327     4.7854   102.4398    30.0
20230615.0500     0.7343     4.6471   102.7964    30.0
20230615.0600     0.7441     4.4936   103.2736    30.0
20230615.0700     0.7575     4.3583   103.7289    30.0
20230615.0800     0.7736     4.2489   104.0087    30.0
20230615.0900     0.7895     4.1710   104.2720    30.0
20230615.1000     0.7789     4.1676   103.4930    30.0
20230615.1100     0.7751     4.1420   103.1584    30.0
20230615.1200     0.7669     4.1298   102.8183    30.0
20230615.1300     0.7550     4.1292   102.3740    30.0
20230615.1400     0.7404     4.1392   101.7706    30.0
20230615.1500     0.7223     4.1643   101.2001    30.0
20230615.1600     0.7056     4.1865   100.7009    30.0
20230615.1700     0.6973     4.1812   100.1579    30.0
20230615.1800     0.6949     4.1625    99.7081    30.0
20230615.1900     0.6951     4.1430    99.4722    30.0
20230615.2000     0.7036     4.1051    99.6642    30.0
20230615.2100     0.7207     4.0583   100.3115    30.0
20230615.2200     0.7053     4.1145   100.0098    30.0
20230615.2300     0.6921     4.1512    99.9659    30.0
20230616.0000     0.6858     4.1521   100.3499    30.0
20230616.0100     0.6913     4.1098   101.2550    30.0
20230616.0200     0.7050     4.0557   102.0668    30.0
20230616.0300     0.7179     4.0192   102.3411    30.0
20230616.0400     0.7197     4.0158   102.2643    30.0
20230616.0500     0.7161     4.0210   102.2478    30.0
20230616.0600     0.7080     4.0327   102.2204    30.0
20230616.0700     0.6964     4.0484   102.2588    30.0
20230616.0800     0.6822     4.0672   102.3575    30.0
20230616.0900     0.6697     4.0746   102.5495    30.0
20230616.1000     0.6537     4.0936   102.3356    30.0
20230616.1100     0.6936     4.2543   102.3191    30.0
20230616.1200     0.6724     4.2683   102.0174    30.0
20230616.1300     0.6511     4.2891   101.6390    30.0
20230616.1400     0.6309     4.3089   101.2934    30.0
20230616.1500     0.6118     4.3304   100.9258    30.0
20230616.1600     0.5954     4.3409   100.5857    30.0
20230616.1700     0.5822     4.3340   100.3444    30.0
20230616.1800     0.5726     4.3075   100.1963    30.0
20230616.1900     0.5657     4.2664   100.2566    30.0
20230616.2000     0.5638     4.2003   100.6845    30.0
20230616.2100     0.5740     4.0823   101.6006    30.0
20230616.2200     0.5986     3.9418   102.7635    30.0
20230616.2300     0.6387     3.8160   103.5589    30.0
20230617.0000     0.6916     3.7402   103.7454    30.0
20230617.0100     0.7447     3.7320   103.1420    30.0
20230617.0200     0.7947     3.7671   102.0888    30.0
20230617.0300     0.8403     3.8266   100.9149    30.0
20230617.0400     0.8821     3.8962   100.1030    30.0
20230617.0500     0.9110     3.9671    99.6477    30.0
20230617.0600     0.9246     4.0321    99.2199    30.0
20230617.0700     0.9306     4.0839    98.6604    30.0
20230617.0800     0.9351     4.1205    97.9802    30.0
20230617.0900     0.9328     4.1484    97.4481    30.0
20230617.1000     0.8967     4.1760    96.8721    30.0
20230617.1100     0.8664     4.2001    96.5649    30.0
20230617.1200     0.8351     4.2197    96.4388    30.0
20230617.1300     0.8021     4.2405    96.4442    30.0
20230617.1400     0.7723     4.2508    96.5320    30.0
20230617.1500     0.7443     4.2604    96.4278    30.0
20230617.1600     0.7187     4.2656    96.2687    30.0
20230617.1700     0.6967     4.2621    96.1096    30.0
20230617.1800     0.6790     4.2429    95.9780    30.0
20230617.1900     0.6662     4.2092    95.8847    30.0
20230617.2000     0.6574     4.1646    95.9506    30.0
20230617.2100     0.6535     4.1101    96.2907    30.0
20230617.2200     0.6509     4.0593    96.7953    30.0
20230617.2300     0.7030     4.1459    97.5029    30.0
20230618.0000     0.6997     4.0849    98.0515    30.0
20230618.0100     0.6970     4.0349    98.4629    30.0
20230618.0200     0.6964     3.9898    98.7646    30.0
20230618.0300     0.7009     3.9453    98.8688    30.0
20230618.0400     0.7114     3.9037    98.8962    30.0
20230618.0500     0.7209     3.8798    98.7262    30.0
20230618.0600     0.7183     3.8838    98.2325    30.0
20230618.0700     0.7005     3.9122    97.6510    30.0
20230618.0800     0.6751     3.9491    97.2890    30.0
20230618.0900     0.6493     3.9825    97.1299    30.0
20230618.1000     0.6166     4.0535    97.2342    30.0
20230618.1100     0.5923     4.0915    97.3493    30.0
20230618.1200     0.5738     4.1056    97.4975    30.0
20230618.1300     0.5591     4.1039    97.6894    30.0
20230618.1400     0.5487     4.0857    97.9911    30.0
20230618.1500     0.5425     4.0504    98.2544    30.0
20230618.1600     0.5367     4.0215    98.4080    30.0
20230618.1700     0.5309     4.0009    98.3696    30.0
20230618.1800     0.5273     3.9730    98.0186    30.0
20230618.1900     0.5228     3.9552    97.5304    30.0
20230618.2000     0.5160     3.9518    97.2725    30.0
20230618.2100     0.5082     3.9546    97.3274    30.0
20230618.2200     0.5013     3.9481    97.9198    30.0
20230618.2300     0.4982     3.9265    98.3477    30.0
20230619.0000     0.4935     3.9175    98.4080    30.0
20230619.0100     0.4852     3.9314    98.3861    30.0
20230619.0200     0.4738     3.9640    98.4025    30.0
20230619.0300     0.4625     3.9953    98.4025    30.0
20230619.0400     0.4523     4.0188    98.4355    30.0
20230619.0500     0.4441     4.0285    98.5177    30.0
20230619.0600     0.4373     4.0261    98.8414    30.0
20230619.0700     0.4310     4.0207    99.4119    30.0
20230619.0800     0.4254     4.0095   100.1359    30.0
20230619.0900     0.4218     3.9814   101.1014    30.0
20230619.1000     0.4098     4.0224   101.4689    30.0
20230619.1100     0.4031     4.0194   101.2605    30.0
20230619.1200     0.3975     4.0055   101.0081    30.0
20230619.1300     0.3911     4.0006   100.7723    30.0
20230619.1400     0.3837     4.0087   100.5364    30.0
20230619.1500     0.3755     4.0264   100.3115    30.0
20230619.1600     0.3682     4.0353   100.0591    30.0
20230619.1700     0.3615     4.0416    99.8397    30.0
20230619.1800     0.3558     4.0364    99.8726    30.0
20230619.1900     0.3513     4.0187   100.1579    30.0
20230619.2000     0.3489     3.9809   100.8710    30.0
20230619.2100     0.3477     3.9333   101.7706    30.0
20230619.2200     0.3429     3.9111   102.2533    30.0
20230619.2300     0.3397     3.8883   102.3137    30.0
20230620.0000     0.3377     3.8578   102.4179    30.0
20230620.0100     0.3352     3.8331   102.3466    30.0
20230620.0200     0.3324     3.8154   102.2862    30.0
20230620.0300     0.3286     3.8100   102.0558    30.0
20230620.0400     0.3243     3.8125   101.8419    30.0
20230620.0500     0.3209     3.8036   101.4195    30.0
20230620.0600     0.3198     3.7742   100.5748    30.0
20230620.0700     0.3188     3.7446    99.7739    30.0
20230620.0800     0.3204     3.6940    98.4190    30.0
20230620.0900     0.3218     3.6498    97.2122    30.0
20230620.1000     0.3205     3.6288    96.2632    30.0
20230620.1100     0.3339     3.5107    96.1864    30.0
20230620.1200     0.3575     3.3708    96.5814    30.0
20230620.1300     0.3846     3.2694    97.1848    30.0
20230620.1400     0.4126     3.2135    97.9747    30.0
20230620.1500     0.4418     3.1896    98.2709    30.0
20230620.1600     0.4751     3.1842    98.4629    30.0
20230620.1700     0.5167     3.1994    99.2254    30.0
20230620.1800     0.5544     3.2374   100.4047    30.0
20230620.1900     0.5904     3.2856   101.7541    30.0
20230620.2000     0.6309     3.3424   103.0487    30.0
20230620.2100     0.6711     3.4127   104.2281    30.0
20230620.2200     0.6689     3.4939   105.3142    30.0
20230620.2300     0.6977     3.6282   106.1699    30.0
20230621.0000     0.6901     3.6678   106.8117    30.0
20230621.0100     0.6873     3.6918   107.4590    30.0
20230621.0200     0.6883     3.7078   108.2050    30.0
20230621.0300     0.6929     3.7218   108.7974    30.0
20230621.0400     0.7008     3.7355   109.1759    30.0
20230621.0500     0.7080     3.7553   109.2802    30.0
20230621.0600     0.7148     3.7760   109.2198    30.0
20230621.0700     0.7212     3.7958   109.1156    30.0
20230621.0800     0.7281     3.8116   109.2253    30.0
20230621.0900     0.7353     3.8256   109.3460    30.0
20230621.1000     0.7202     3.8730   108.6493    30.0
20230621.1100     0.7102     3.8986   107.7662    30.0
20230621.1200     0.7074     3.9030   106.4552    30.0
20230621.1300     0.7123     3.8941   104.6175    30.0
20230621.1400     0.7323     3.8718   102.2698    30.0
20230621.1500     0.7495     3.8731    99.9165    30.0
20230621.1600     0.7607     3.8887    97.9253    30.0
20230621.1700     0.7647     3.9119    96.4004    30.0
20230621.1800     0.7633     3.9340    95.2045    30.0
20230621.1900     0.7605     3.9479    94.4311    30.0
20230621.2000     0.7657     3.9423    94.0197    30.0
20230621.2100     0.7816     3.9266    93.7838    30.0
20230621.2200     0.7880     3.9293    94.0745    30.0
20230621.2300     0.7966     3.9316    94.8754    30.0
20230622.0000     0.8109     3.9334    96.1919    30.0
20230622.0100     0.8285     3.9406    97.4371    30.0
20230622.0200     0.8430     3.9581    98.5836    30.0
20230622.0300     0.8475     3.9841    99.5600    30.0
20230622.0400     0.8488     4.0061   100.5748    30.0
20230622.0500     0.8453     4.0268   101.4086    30.0
20230622.0600     0.8421     4.0398   102.1875    30.0
20230622.0700     0.8348     4.0542   102.5879    30.0
20230622.0800     0.8247     4.0677   102.4727    30.0
20230622.0900     0.8166     4.0743   101.9626    30.0
20230622.1000     0.7909     4.1110   101.2275    30.0
20230622.1100     0.7650     4.1504   100.4596    30.0
20230622.1200     0.7379     4.1791    99.7026    30.0
20230622.1300     0.7155     4.1909    98.8633    30.0
20230622.1400     0.6973     4.1882    98.0350    30.0
20230622.1500     0.6840     4.1717    97.2396    30.0
20230622.1600     0.6754     4.1415    96.5978    30.0
20230622.1700     0.6758     4.0867    96.1042    30.0
20230622.1800     0.6845     4.0217    95.8134    30.0
20230622.1900     0.6951     3.9729    95.6708    30.0
20230622.2000     0.7019     3.9482    95.8354    30.0
20230622.2100     0.6999     3.9454    96.2797    30.0
20230622.2200     0.6925     3.9468    96.7295    30.0
20230622.2300     0.6875     3.9327    97.3823    30.0
20230623.0000     0.6772     3.9266    98.1776    30.0
20230623.0100     0.6625     3.9264    99.0443    30.0
20230623.0200     0.6465     3.9250    99.8507    30.0
20230623.0300     0.6303     3.9213   100.5090    30.0
20230623.0400     0.6148     3.9137   101.1069    30.0
20230623.0500     0.6037     3.8893   101.7377    30.0
20230623.0600     0.5962     3.8556   102.3027    30.0
20230623.0700     0.5880     3.8300   102.8073    30.0
20230623.0800     0.5782     3.8131   103.2791    30.0
20230623.0900     0.5693     3.7920   103.8770    30.0
20230623.1000     0.5619     3.7649   104.0745    30.0
20230623.1100     0.5551     3.7181   104.1403    30.0
20230623.1200     0.5557     3.6761   104.1787    30.0
20230623.1300     0.5558     3.6467   104.1074    30.0
20230623.1400     0.5506     3.6383   104.0416    30.0
20230623.1500     0.5482     3.6209   103.8715    30.0
20230623.1600     0.5533     3.5875   103.7892    30.0
20230623.1700     0.5636     3.5588   103.6795    30.0
20230623.1800     0.5715     3.5521   103.3559    30.0
20230623.1900     0.5791     3.5541   102.9280    30.0
20230623.2000     0.5827     3.5679   102.7251    30.0
20230623.2100     0.5846     3.5826   102.9006    30.0
20230623.2200     0.5878     3.5874   103.2572    30.0
20230623.2300     0.6016     3.6122   103.8222    30.0
20230624.0000     0.6010     3.6218   104.4475    30.0
20230624.0100     0.5955     3.6372   105.1167    30.0
20230624.0200     0.5929     3.6383   106.1260    30.0
20230624.0300     0.5945     3.6295   107.1737    30.0
20230624.0400     0.5976     3.6228   107.9582    30.0
20230624.0500     0.5947     3.6361   108.0459    30.0
20230624.0600     0.5852     3.6639   107.5138    30.0
20230624.0700     0.5738     3.6908   106.7514    30.0
20230624.0800     0.5629     3.7118   105.9944    30.0
20230624.0900     0.5528     3.7292   105.2538    30.0
20230624.1000     0.5461     3.7265   103.7234    30.0
20230624.1100     0.5422     3.7196   102.4069    30.0
20230624.1200     0.5402     3.7073   101.2221    30.0
20230624.1300     0.5386     3.6989   100.2347    30.0
20230624.1400     0.5374     3.6924    99.6148    30.0
20230624.1500     0.5354     3.6921    99.0334    30.0
20230624.1600     0.5293     3.7101    98.7042    30.0
20230624.1700     0.5183     3.7479    98.5836    30.0
20230624.1800     0.5070     3.7866    98.4903    30.0
20230624.1900     0.4994     3.8037    98.4739    30.0
20230624.2000     0.4982     3.7868    98.8249    30.0
20230624.2100     0.4975     3.7740    99.2144    30.0
20230624.2200     0.5019     3.7348   100.6077    30.0
20230624.2300     0.5155     3.6733   102.0339    30.0
20230625.0000     0.5338     3.6219   103.1145    30.0
20230625.0100     0.5489     3.6020   103.4985    30.0
20230625.0200     0.5620     3.5940   103.9044    30.0
20230625.0300     0.5761     3.5884   104.3049    30.0
20230625.0400     0.5879     3.5940   104.3872    30.0
20230625.0500     0.5896     3.6214   104.0361    30.0
20230625.0600     0.5781     3.6722   103.2407    30.0
20230625.0700     0.5634     3.7202   102.4179    30.0
20230625.0800     0.5496     3.7561   101.7157    30.0
20230625.0900     0.5369     3.7826   101.2166    30.0
20230625.1000     0.5224     3.8109   100.5035    30.0
20230625.1100     0.5131     3.8174    99.8726    30.0
20230625.1200     0.5055     3.8149    99.3844    30.0
20230625.1300     0.5023     3.7913    98.7701    30.0
20230625.1400     0.5044     3.7491    98.1173    30.0
20230625.1500     0.5085     3.7108    97.4865    30.0
20230625.1600     0.5064     3.7091    96.8337    30.0
20230625.1700     0.4986     3.7310    96.3894    30.0
20230625.1800     0.4879     3.7655    96.1426    30.0
20230625.1900     0.4747     3.8151    96.0603    30.0
20230625.2000     0.4618     3.8644    96.0438    30.0
20230625.2100     0.4525     3.8906    96.1809    30.0
20230625.2200     0.4469     3.8840    96.9599    30.0
20230625.2300     0.4503     3.8280    98.3696    30.0
20230626.0000     0.4578     3.7558   100.0811    30.0
20230626.0100     0.4639     3.7062   101.2934    30.0
20230626.0200     0.4661     3.6855   102.0942    30.0
20230626.0300     0.4632     3.6890   102.4069    30.0
20230626.0400     0.4561     3.7124   102.3959    30.0
20230626.0500     0.4445     3.7572   102.0449    30.0
20230626.0600     0.4319     3.8046   101.6170    30.0
20230626.0700     0.4209     3.8389   101.2385    30.0
20230626.0800     0.4110     3.8616   100.9588    30.0
20230626.0900     0.4022     3.8742   100.7942    30.0
20230626.1000     0.3900     3.9054   100.5144    30.0
20230626.1100     0.3701     3.8305   100.4322    30.0
20230626.1200     0.3626     3.7875   100.5967    30.0
20230626.1300     0.3552     3.7469   100.7284    30.0
20230626.1400     0.3479     3.7079   100.9094    30.0
20230626.1500     0.3402     3.6791   101.0465    30.0
20230626.1600     0.3338     3.6455   101.3811    30.0
20230626.1700     0.3283     3.6096   102.0449    30.0
20230626.1800     0.3234     3.5777   103.0158    30.0
20230626.1900     0.3203     3.5389   104.6669    30.0
20230626.2000     0.3221     3.4757   108.0075    30.0
20230626.2100     0.3275     3.4006   112.1106    30.0
20230626.2200     0.3418     3.2894   118.1666    30.0
20230626.2300     0.3625     3.1880   123.1473    30.0
20230627.0000     0.3833     3.1270   126.4989    30.0
20230627.0100     0.3971     3.1116   127.6344    30.0
20230627.0200     0.4038     3.1139   127.8812    30.0
20230627.0300     0.3999     3.1409   127.1627    30.0
20230627.0400     0.3952     3.1609   126.3234    30.0
20230627.0500     0.3893     3.1873   125.0562    30.0
20230627.0600     0.3838     3.2161   123.5807    30.0
20230627.0700     0.3790     3.2455   121.8418    30.0
20230627.0800     0.3767     3.2677   120.0316    30.0
20230627.0900     0.3760     3.2873   118.4024    30.0
20230627.1000     0.3715     3.3228   115.9998    30.0
20230627.1100     0.3788     3.3123   114.3432    30.0
20230627.1200     0.3927     3.2839   112.8841    30.0
20230627.1300     0.4164     3.2465   111.1068    30.0
20230627.1400     0.4443     3.2350   109.4063    30.0
20230627.1500     0.4704     3.2556   107.9637    30.0
20230627.1600     0.4880     3.3049   106.7130    30.0
20230627.1700     0.4949     3.3727   105.7805    30.0
20230627.1800     0.5002     3.4301   105.3087    30.0
20230627.1900     0.5121     3.4582   105.4678    30.0
20230627.2000     0.5327     3.4690   105.8956    30.0
20230627.2100     0.5563     3.4894   106.3180    30.0
20230627.2200     0.5788     3.5155   106.9214    30.0
20230627.2300     0.6050     3.5689   107.4096    30.0
20230628.0000     0.6209     3.6060   107.4754    30.0
20230628.0100     0.6377     3.6329   107.2944    30.0
20230628.0200     0.6584     3.6484   107.4151    30.0
20230628.0300     0.6757     3.6679   107.7717    30.0
20230628.0400     0.6882     3.6876   108.2434    30.0
20230628.0500     0.6893     3.7131   108.5287    30.0
20230628.0600     0.6787     3.7395   108.7700    30.0
20230628.0700     0.6591     3.7666   108.8358    30.0
20230628.0800     0.6383     3.7825   108.8852    30.0
20230628.0900     0.6199     3.7856   108.8962    30.0
20230628.1000     0.6017     3.7851   108.7865    30.0
20230628.1100     0.5882     3.7723   108.2928    30.0
20230628.1200     0.5767     3.7571   107.5413    30.0
20230628.1300     0.5686     3.7364   106.6910    30.0
20230628.1400     0.5622     3.7186   105.9670    30.0
20230628.1500     0.5553     3.7133   105.3142    30.0
20230628.1600     0.5469     3.7181   104.5462    30.0
20230628.1700     0.5418     3.7129   103.9922    30.0
20230628.1800     0.5410     3.6969   103.8222    30.0
20230628.1900     0.5438     3.6752   104.1622    30.0
20230628.2000     0.5486     3.6546   104.9302    30.0
20230628.2100     0.5558     3.6340   106.1699    30.0
20230628.2200     0.5680     3.6012   108.5506    30.0
20230628.2300     0.5884     3.5702   111.1013    30.0
20230629.0000     0.6132     3.5533   113.5478    30.0
20230629.0100     0.6295     3.5692   114.9027    30.0
20230629.0200     0.6332     3.6030   115.5829    30.0
20230629.0300     0.6310     3.6357   115.9888    30.0
20230629.0400     0.6243     3.6661   116.4661    30.0
20230629.0500     0.6105     3.7049   116.4386    30.0
20230629.0600     0.5941     3.7436   115.9559    30.0
20230629.0700     0.5753     3.7905   114.9740    30.0
20230629.0800     0.5568     3.8362   113.8331    30.0
20230629.0900     0.5420     3.8658   112.8786    30.0
20230629.1000     0.5235     3.9160   111.5621    30.0
20230629.1100     0.5343     3.9914   110.5637    30.0
20230629.1200     0.5280     3.9767   109.3844    30.0
20230629.1300     0.5265     3.9376   108.1940    30.0
20230629.1400     0.5234     3.9143   107.2560    30.0
20230629.1500     0.5195     3.8997   106.3509    30.0
20230629.1600     0.5165     3.8825   105.4842    30.0
20230629.1700     0.5173     3.8458   104.7711    30.0
20230629.1800     0.5170     3.8223   104.3323    30.0
20230629.1900     0.5151     3.8096   104.1348    30.0
20230629.2000     0.5189     3.7705   104.3652    30.0
20230629.2100     0.5360     3.6935   105.0673    30.0
20230629.2200     0.5525     3.6413   106.1260    30.0
20230629.2300     0.5613     3.6343   106.2687    30.0
20230630.0000     0.5685     3.6300   106.2961    30.0
20230630.0100     0.5794     3.6175   106.3784    30.0
20230630.0200     0.5875     3.6149   106.2741    30.0
20230630.0300     0.5935     3.6155   106.1425    30.0
20230630.0400     0.5942     3.6239   106.1205    30.0
20230630.0500     0.5878     3.6404   105.9286    30.0
20230630.0600     0.5763     3.6608   105.6488    30.0
20230630.0700     0.5628     3.6768   105.5775    30.0
20230630.0800     0.5479     3.6911   105.4952    30.0
20230630.0900     0.5348     3.6936   105.5281    30.0
20230630.1000     0.5246     3.6773   105.7750    30.0
20230630.1100     0.5200     3.6466   106.0931    30.0
20230630.1200     0.5176     3.6144   106.7569    30.0
20230630.1300     0.5146     3.5914   106.9269    30.0
20230630.1400     0.5151     3.5619   106.7514    30.0
20230630.1500     0.5150     3.5437   106.0767    30.0
20230630.1600     0.5123     3.5377   105.4129    30.0
20230630.1700     0.5123     3.5244   105.0893    30.0
20230630.1800     0.5126     3.5175   105.0893    30.0
20230630.1900     0.5156     3.5093   105.4788    30.0
20230630.2000     0.5259     3.4871   106.2577    30.0
20230630.2100     0.5426     3.4676   107.2999    30.0
20230630.2200     0.5579     3.4652   107.6565    30.0
20230630.2300     0.6005     3.5513   108.1611    30.0
