TPAR
20230501.0000     0.1906     3.1507       94.5    30.0
20230501.0100     0.1892     3.1595       95.7    30.0
20230501.0200     0.1878     3.1580       97.1    30.0
20230501.0300     0.1876     3.1365       98.6    30.0
20230501.0400     0.1843     3.1530      101.0    30.0
20230501.0500     0.1807     3.1778      103.8    30.0
20230501.0600     0.1838     3.0842      111.5    30.0
20230501.0700     0.1983     2.9015      126.8    30.0
20230501.0800     0.2250     2.7609      152.9    30.0
20230501.0900     0.2239     2.7699      158.0    30.0
20230501.1000     0.2620     2.7464      193.9    30.0
20230501.1100     0.2681     2.7535      196.0    30.0
20230501.1200     0.2624     2.7918      195.5    30.0
20230501.1300     0.2559     2.8100      193.2    30.0
20230501.1400     0.2492     2.8167      190.4    30.0
20230501.1500     0.2420     2.8183      188.2    30.0
20230501.1600     0.2368     2.7987      184.8    30.0
20230501.1700     0.2293     2.8053      182.5    30.0
20230501.1800     0.2222     2.8111      180.1    30.0
20230501.1900     0.2154     2.8203      177.9    30.0
20230501.2000     0.2093     2.8279      176.0    30.0
20230501.2100     0.2032     2.8362      174.3    30.0
20230501.2200     0.1797     2.9730      173.0    30.0
20230501.2300     0.1772     2.9477      171.0    30.0
20230502.0000     0.1753     2.9241      168.6    30.0
20230502.0100     0.1725     2.9164      166.3    30.0
20230502.0200     0.1736     2.8779      162.2    30.0
20230502.0300     0.1795     2.7724      156.1    30.0
20230502.0400     0.1954     2.6402      141.4    30.0
20230502.0500     0.2129     2.5427      143.3    30.0
20230502.0600     0.2588     2.5474      142.1    30.0
20230502.0700     0.2970     2.5642      136.4    30.0
20230502.0800     0.3014     2.6404      133.3    30.0
20230502.0900     0.2864     2.7038      132.7    30.0
20230502.1000     0.2702     2.7379      130.5    30.0
20230502.1100     0.2602     2.7607      129.1    30.0
20230502.1200     0.2498     2.7851      128.7    30.0
20230502.1300     0.2439     2.7874      128.1    30.0
20230502.1400     0.2436     2.7661      125.2    30.0
20230502.1500     0.2491     2.7384      119.8    30.0
20230502.1600     0.2473     2.7433      119.1    30.0
20230502.1700     0.2457     2.7534      118.8    30.0
20230502.1800     0.2429     2.7744      119.1    30.0
20230502.1900     0.2397     2.7987      119.6    30.0
20230502.2000     0.2394     2.8112      119.3    30.0
20230502.2100     0.2445     2.8082      118.0    30.0
20230502.2200     0.2438     2.8388      115.7    30.0
20230502.2300     0.2604     2.7867      112.9    30.0
20230503.0000     0.2826     2.7635      109.2    30.0
20230503.0100     0.2975     2.7919      107.9    30.0
20230503.0200     0.3029     2.8612      109.1    30.0
20230503.0300     0.3007     2.9617      111.4    30.0
20230503.0400     0.2987     3.0558      113.9    30.0
20230503.0500     0.2979     3.1433      116.2    30.0
20230503.0600     0.3007     3.1847      119.1    30.0
20230503.0700     0.3074     3.2103      122.7    30.0
20230503.0800     0.3226     3.1963      127.4    30.0
20230503.0900     0.3373     3.1902      130.3    30.0
20230503.1000     0.3309     3.2855      130.7    30.0
20230503.1100     0.3338     3.3244      131.6    30.0
20230503.1200     0.3338     3.3796      131.6    30.0
20230503.1300     0.3334     3.4343      131.4    30.0
20230503.1400     0.3305     3.5110      131.1    30.0
20230503.1500     0.3276     3.5870      130.8    30.0
20230503.1600     0.3247     3.6632      130.5    30.0
20230503.1700     0.3231     3.7316      130.3    30.0
20230503.1800     0.3245     3.7633      129.9    30.0
20230503.1900     0.3252     3.8109      129.5    30.0
20230503.2000     0.3252     3.8660      129.4    30.0
20230503.2100     0.3257     3.9162      129.2    30.0
20230503.2200     0.3200     4.0381      128.5    30.0
20230503.2300     0.3238     4.0503      128.7    30.0
20230504.0000     0.3260     4.0806      128.6    30.0
20230504.0100     0.3281     4.1092      128.5    30.0
20230504.0200     0.3291     4.1508      128.4    30.0
20230504.0300     0.3307     4.1811      128.3    30.0
20230504.0400     0.3324     4.2051      128.3    30.0
20230504.0500     0.3368     4.1700      128.5    30.0
20230504.0600     0.3406     4.1550      129.1    30.0
20230504.0700     0.3472     4.1017      130.7    30.0
20230504.0800     0.3616     3.9861      134.1    30.0
20230504.0900     0.3644     3.9810      134.8    30.0
20230504.1000     0.3607     4.0181      134.9    30.0
20230504.1100     0.3583     4.0497      134.4    30.0
20230504.1200     0.3571     4.0639      134.4    30.0
20230504.1300     0.3544     4.0885      134.0    30.0
20230504.1400     0.3520     4.1064      133.6    30.0
20230504.1500     0.3487     4.1293      133.2    30.0
20230504.1600     0.3467     4.1357      133.0    30.0
20230504.1700     0.3520     4.0606      134.5    30.0
20230504.1800     0.3617     3.9538      136.8    30.0
20230504.1900     0.3708     3.8645      138.6    30.0
20230504.2000     0.3772     3.8121      139.7    30.0
20230504.2100     0.3805     3.7908      139.9    30.0
20230504.2200     0.3802     3.7905      139.2    30.0
20230504.2300     0.3874     3.7275      139.0    30.0
20230505.0000     0.3925     3.6958      139.0    30.0
20230505.0100     0.3923     3.7055      138.7    30.0
20230505.0200     0.3904     3.7249      138.3    30.0
20230505.0300     0.3885     3.7441      137.7    30.0
20230505.0400     0.3873     3.7557      137.2    30.0
20230505.0500     0.3858     3.7714      136.7    30.0
20230505.0600     0.3835     3.7919      136.4    30.0
20230505.0700     0.3828     3.7961      136.0    30.0
20230505.0800     0.3826     3.7993      135.7    30.0
20230505.0900     0.3849     3.7753      135.7    30.0
20230505.1000     0.3787     3.8279      135.3    30.0
20230505.1100     0.3769     3.8480      135.1    30.0
20230505.1200     0.3750     3.8679      134.9    30.0
20230505.1300     0.3723     3.8903      134.7    30.0
20230505.1400     0.3699     3.9123      134.5    30.0
20230505.1500     0.3688     3.9118      134.4    30.0
20230505.1600     0.3667     3.9243      134.3    30.0
20230505.1700     0.3634     3.9482      134.1    30.0
20230505.1800     0.3604     3.9693      134.0    30.0
20230505.1900     0.3578     3.9881      133.8    30.0
20230505.2000     0.3548     4.0061      133.6    30.0
20230505.2100     0.3522     4.0223      133.4    30.0
20230505.2200     0.3510     4.0118      132.3    30.0
20230505.2300     0.3517     3.9883      131.8    30.0
20230506.0000     0.3512     3.9763      131.3    30.0
20230506.0100     0.3513     3.9542      130.8    30.0
20230506.0200     0.3512     3.9187      130.3    30.0
20230506.0300     0.3484     3.9266      130.1    30.0
20230506.0400     0.3451     3.9373      130.2    30.0
20230506.0500     0.3440     3.9042      130.4    30.0
20230506.0600     0.3417     3.9015      130.4    30.0
20230506.0700     0.3447     3.8360      131.3    30.0
20230506.0800     0.3510     3.7543      133.3    30.0
20230506.0900     0.3562     3.6978      134.6    30.0
20230506.1000     0.3568     3.6716      134.4    30.0
20230506.1100     0.3655     3.6049      133.8    30.0
20230506.1200     0.3778     3.5318      133.5    30.0
20230506.1300     0.3840     3.5114      133.2    30.0
20230506.1400     0.3876     3.5123      132.3    30.0
20230506.1500     0.3937     3.4971      131.2    30.0
20230506.1600     0.3987     3.4904      130.2    30.0
20230506.1700     0.3982     3.5150      129.6    30.0
20230506.1800     0.3947     3.5500      129.1    30.0
20230506.1900     0.3916     3.5789      128.5    30.0
20230506.2000     0.3902     3.5967      127.9    30.0
20230506.2100     0.3900     3.5958      127.3    30.0
20230506.2200     0.3901     3.5871      125.2    30.0
20230506.2300     0.3919     3.5762      124.2    30.0
20230507.0000     0.3948     3.5602      123.1    30.0
20230507.0100     0.3950     3.5600      122.6    30.0
20230507.0200     0.3945     3.5594      122.6    30.0
20230507.0300     0.3948     3.5517      122.8    30.0
20230507.0400     0.3962     3.5366      123.0    30.0
20230507.0500     0.3966     3.5251      123.5    30.0
20230507.0600     0.4005     3.4925      124.4    30.0
20230507.0700     0.4147     3.4205      126.0    30.0
20230507.0800     0.4480     3.3229      129.4    30.0
20230507.0900     0.4806     3.2946      130.0    30.0
20230507.1000     0.4590     3.3947      129.0    30.0
20230507.1100     0.4424     3.4544      128.6    30.0
20230507.1200     0.4291     3.4821      128.5    30.0
20230507.1300     0.4170     3.5053      128.6    30.0
20230507.1400     0.4051     3.5281      128.7    30.0
20230507.1500     0.3991     3.5109      129.6    30.0
20230507.1600     0.3994     3.4649      131.2    30.0
20230507.1700     0.3981     3.4365      131.5    30.0
20230507.1800     0.3907     3.4523      131.1    30.0
20230507.1900     0.3785     3.4988      130.7    30.0
20230507.2000     0.3660     3.5517      130.5    30.0
20230507.2100     0.3560     3.5931      130.4    30.0
20230507.2200     0.3459     3.6371      130.0    30.0
20230507.2300     0.3425     3.6399      129.9    30.0
20230508.0000     0.3459     3.6010      129.2    30.0
20230508.0100     0.3505     3.5651      128.0    30.0
20230508.0200     0.3575     3.5021      126.5    30.0
20230508.0300     0.3595     3.5068      126.2    30.0
20230508.0400     0.3591     3.5331      126.4    30.0
20230508.0500     0.3567     3.5787      126.9    30.0
20230508.0600     0.3540     3.6280      127.3    30.0
20230508.0700     0.3522     3.6677      127.7    30.0
20230508.0800     0.3510     3.7012      127.9    30.0
20230508.0900     0.3511     3.7191      128.1    30.0
20230508.1000     0.3440     3.7988      128.0    30.0
20230508.1100     0.3447     3.8014      128.1    30.0
20230508.1200     0.3469     3.7900      128.1    30.0
20230508.1300     0.3506     3.7648      128.2    30.0
20230508.1400     0.3587     3.6924      128.1    30.0
20230508.1500     0.3706     3.6067      128.0    30.0
20230508.1600     0.3783     3.5770      128.3    30.0
20230508.1700     0.3818     3.5747      128.8    30.0
20230508.1800     0.3823     3.5894      129.5    30.0
20230508.1900     0.3811     3.6141      130.1    30.0
20230508.2000     0.3776     3.6521      130.9    30.0
20230508.2100     0.3722     3.7040      131.7    30.0
20230508.2200     0.3638     3.7743      132.4    30.0
20230508.2300     0.3647     3.7766      132.9    30.0
20230509.0000     0.3648     3.7876      133.7    30.0
20230509.0100     0.3645     3.8035      134.7    30.0
20230509.0200     0.3641     3.8208      135.7    30.0
20230509.0300     0.3639     3.8356      136.8    30.0
20230509.0400     0.3625     3.8574      137.9    30.0
20230509.0500     0.3610     3.8787      139.4    30.0
20230509.0600     0.3612     3.8676      140.8    30.0
20230509.0700     0.3699     3.7811      143.6    30.0
20230509.0800     0.3866     3.6577      144.9    30.0
20230509.0900     0.4059     3.5503      144.9    30.0
20230509.1000     0.4000     3.5881      145.2    30.0
20230509.1100     0.4041     3.5624      144.9    30.0
20230509.1200     0.3976     3.5963      144.4    30.0
20230509.1300     0.3927     3.6011      143.5    30.0
20230509.1400     0.3885     3.5940      142.8    30.0
20230509.1500     0.3864     3.5722      141.4    30.0
20230509.1600     0.3863     3.5366      138.9    30.0
20230509.1700     0.3864     3.5029      137.0    30.0
20230509.1800     0.3866     3.4674      135.3    30.0
20230509.1900     0.3875     3.4346      133.3    30.0
20230509.2000     0.3972     3.3635      130.2    30.0
20230509.2100     0.4147     3.2986      127.0    30.0
20230509.2200     0.4260     3.2665      124.4    30.0
20230509.2300     0.4797     3.2039      120.4    30.0
20230510.0000     0.5462     3.2137      117.6    30.0
20230510.0100     0.5786     3.2749      116.5    30.0
20230510.0200     0.5958     3.3385      115.6    30.0
20230510.0300     0.5973     3.4027      115.4    30.0
20230510.0400     0.5974     3.4542      115.5    30.0
20230510.0500     0.5954     3.4977      115.4    30.0
20230510.0600     0.5867     3.5480      116.1    30.0
20230510.0700     0.5732     3.6012      117.2    30.0
20230510.0800     0.5569     3.6488      118.3    30.0
20230510.0900     0.5376     3.7108      119.6    30.0
20230510.1000     0.5215     3.7598      120.6    30.0
20230510.1100     0.5045     3.8233      122.3    30.0
20230510.1200     0.4873     3.8953      124.0    30.0
20230510.1300     0.4730     3.9584      125.3    30.0
20230510.1400     0.4624     4.0060      126.3    30.0
20230510.1500     0.4588     3.9998      126.2    30.0
20230510.1600     0.4603     3.9656      124.6    30.0
20230510.1700     0.4598     3.9621      123.8    30.0
20230510.1800     0.4595     3.9623      123.2    30.0
20230510.1900     0.4532     4.0144      123.7    30.0
20230510.2000     0.4446     4.0848      125.0    30.0
20230510.2100     0.4401     4.1229      125.9    30.0
20230510.2200     0.4517     4.0231      124.8    30.0
20230510.2300     0.4954     4.0755      124.2    30.0
20230511.0000     0.5070     4.0944      124.4    30.0
20230511.0100     0.5200     4.0923      124.0    30.0
20230511.0200     0.5360     4.0776      123.3    30.0
20230511.0300     0.5519     4.0714      122.7    30.0
20230511.0400     0.5616     4.0891      122.3    30.0
20230511.0500     0.5599     4.1558      122.8    30.0
20230511.0600     0.5495     4.2600      124.0    30.0
20230511.0700     0.5389     4.3546      125.2    30.0
20230511.0800     0.5342     4.3903      126.0    30.0
20230511.0900     0.5418     4.3256      126.9    30.0
20230511.1000     0.5661     4.1880      128.1    30.0
20230511.1100     0.6138     4.0011      128.9    30.0
20230511.1200     0.6657     3.8949      129.1    30.0
20230511.1300     0.6993     3.8744      129.4    30.0
20230511.1400     0.7183     3.8874      129.4    30.0
20230511.1500     0.7365     3.9039      129.2    30.0
20230511.1600     0.7646     3.9167      128.9    30.0
20230511.1700     0.7974     3.9442      127.9    30.0
20230511.1800     0.8161     3.9921      126.8    30.0
20230511.1900     0.8276     4.0381      125.6    30.0
20230511.2000     0.8362     4.0763      124.5    30.0
20230511.2100     0.8415     4.1072      123.4    30.0
20230511.2200     0.8306     4.1500      122.8    30.0
20230511.2300     0.8246     4.1656      122.0    30.0
20230512.0000     0.8291     4.1580      120.7    30.0
20230512.0100     0.8299     4.1585      119.6    30.0
20230512.0200     0.8225     4.1774      119.3    30.0
20230512.0300     0.8165     4.1951      119.4    30.0
20230512.0400     0.8144     4.2114      119.9    30.0
20230512.0500     0.8193     4.2211      120.6    30.0
20230512.0600     0.8258     4.2388      121.5    30.0
20230512.0700     0.8337     4.2652      122.5    30.0
20230512.0800     0.8494     4.2907      123.9    30.0
20230512.0900     0.8721     4.3112      125.1    30.0
20230512.1000     0.8972     4.3319      125.9    30.0
20230512.1100     0.9602     4.4539      126.7    30.0
20230512.1200     0.9669     4.4708      127.2    30.0
20230512.1300     0.9728     4.4862      127.3    30.0
20230512.1400     0.9804     4.5023      127.3    30.0
20230512.1500     0.9933     4.5181      127.3    30.0
20230512.1600     1.0016     4.5459      127.3    30.0
20230512.1700     0.9958     4.5937      127.6    30.0
20230512.1800     0.9802     4.6456      128.1    30.0
20230512.1900     0.9589     4.6929      128.5    30.0
20230512.2000     0.9322     4.7400      128.7    30.0
20230512.2100     0.9046     4.7778      128.8    30.0
20230512.2200     0.8777     4.8036      129.1    30.0
20230512.2300     0.8598     4.7830      129.4    30.0
20230513.0000     0.8505     4.7272      129.7    30.0
20230513.0100     0.8466     4.6572      129.8    30.0
20230513.0200     0.8291     4.6419      129.9    30.0
20230513.0300     0.8069     4.6441      130.1    30.0
20230513.0400     0.7849     4.6461      130.5    30.0
20230513.0500     0.7749     4.5909      130.9    30.0
20230513.0600     0.7689     4.5348      131.6    30.0
20230513.0700     0.7613     4.4970      132.0    30.0
20230513.0800     0.7521     4.4727      132.1    30.0
20230513.0900     0.7414     4.4591      131.9    30.0
20230513.1000     0.7437     4.4049      131.9    30.0
20230513.1100     0.7613     4.3213      131.9    30.0
20230513.1200     0.7944     4.2415      131.7    30.0
20230513.1300     0.8317     4.2092      131.7    30.0
20230513.1400     0.8546     4.2334      131.7    30.0
20230513.1500     0.8627     4.2926      131.6    30.0
20230513.1600     0.8606     4.3652      131.7    30.0
20230513.1700     0.8537     4.4407      131.8    30.0
20230513.1800     0.8434     4.5130      131.9    30.0
20230513.1900     0.8351     4.5640      132.0    30.0
20230513.2000     0.8284     4.5961      132.0    30.0
20230513.2100     0.8227     4.6140      132.0    30.0
20230513.2200     0.8079     4.6583      131.9    30.0
20230513.2300     0.9339     5.0485      131.7    30.0
20230514.0000     0.9172     5.0308      131.7    30.0
20230514.0100     0.9061     4.9668      131.6    30.0
20230514.0200     0.9013     4.8707      131.3    30.0
20230514.0300     0.8924     4.7930      131.0    30.0
20230514.0400     0.8782     4.7387      130.9    30.0
20230514.0500     0.8559     4.7169      131.2    30.0
20230514.0600     0.8285     4.7124      131.6    30.0
20230514.0700     0.7984     4.7200      132.0    30.0
20230514.0800     0.7723     4.7053      132.3    30.0
20230514.0900     0.7532     4.6592      132.4    30.0
20230514.1000     0.7344     4.6188      132.3    30.0
20230514.1100     0.7219     4.5533      132.3    30.0
20230514.1200     0.7119     4.4832      132.3    30.0
20230514.1300     0.7011     4.4226      132.6    30.0
20230514.1400     0.6930     4.3559      133.3    30.0
20230514.1500     0.6939     4.2636      134.5    30.0
20230514.1600     0.7008     4.1708      135.7    30.0
20230514.1700     0.7026     4.1104      136.7    30.0
20230514.1800     0.7027     4.0641      137.5    30.0
20230514.1900     0.6997     4.0316      138.0    30.0
20230514.2000     0.6935     4.0066      138.3    30.0
20230514.2100     0.6848     3.9860      138.4    30.0
20230514.2200     0.6768     3.9601      137.8    30.0
20230514.2300     0.6717     3.9301      137.3    30.0
20230515.0000     0.6688     3.8992      136.4    30.0
20230515.0100     0.6611     3.8796      135.1    30.0
20230515.0200     0.6565     3.8565      133.4    30.0
20230515.0300     0.6493     3.8486      132.3    30.0
20230515.0400     0.6390     3.8532      131.7    30.0
20230515.0500     0.6263     3.8638      131.3    30.0
20230515.0600     0.6147     3.8695      131.0    30.0
20230515.0700     0.6064     3.8626      130.5    30.0
20230515.0800     0.6013     3.8464      130.1    30.0
20230515.0900     0.5983     3.8266      129.8    30.0
20230515.1000     0.5876     3.8306      128.9    30.0
20230515.1100     0.6011     3.8963      128.8    30.0
20230515.1200     0.5970     3.8704      129.0    30.0
20230515.1300     0.5968     3.8379      128.9    30.0
20230515.1400     0.5946     3.8175      129.0    30.0
20230515.1500     0.5853     3.8156      129.3    30.0
20230515.1600     0.5768     3.8066      130.0    30.0
20230515.1700     0.5722     3.7861      130.6    30.0
20230515.1800     0.5672     3.7687      131.2    30.0
20230515.1900     0.5585     3.7652      131.6    30.0
20230515.2000     0.5487     3.7637      131.9    30.0
20230515.2100     0.5439     3.7467      132.1    30.0
20230515.2200     0.5327     3.7543      132.4    30.0
20230515.2300     0.5270     3.7458      133.0    30.0
20230516.0000     0.5183     3.7502      133.3    30.0
20230516.0100     0.5084     3.7600      133.2    30.0
20230516.0200     0.4988     3.7664      132.8    30.0
20230516.0300     0.4894     3.7745      132.4    30.0
20230516.0400     0.4804     3.7830      132.2    30.0
20230516.0500     0.4730     3.7854      132.0    30.0
20230516.0600     0.4675     3.7809      131.8    30.0
20230516.0700     0.4635     3.7670      131.7    30.0
20230516.0800     0.4613     3.7439      131.5    30.0
20230516.0900     0.4619     3.7121      131.2    30.0
20230516.1000     0.4530     3.7273      130.8    30.0
20230516.1100     0.4515     3.7048      130.9    30.0
20230516.1200     0.4577     3.6516      131.1    30.0
20230516.1300     0.4639     3.6124      131.3    30.0
20230516.1400     0.4695     3.5826      131.6    30.0
20230516.1500     0.4703     3.5742      131.7    30.0
20230516.1600     0.4683     3.5721      131.8    30.0
20230516.1700     0.4681     3.5596      132.0    30.0
20230516.1800     0.4669     3.5483      132.1    30.0
20230516.1900     0.4628     3.5517      132.1    30.0
20230516.2000     0.4580     3.5539      131.8    30.0
20230516.2100     0.4557     3.5439      131.4    30.0
20230516.2200     0.4488     3.5495      130.7    30.0
20230516.2300     0.4688     3.6005      129.9    30.0
20230517.0000     0.4716     3.5679      129.0    30.0
20230517.0100     0.4748     3.5335      127.7    30.0
20230517.0200     0.4789     3.5021      126.5    30.0
20230517.0300     0.4822     3.4823      125.5    30.0
20230517.0400     0.4850     3.4715      125.1    30.0
20230517.0500     0.4874     3.4672      125.0    30.0
20230517.0600     0.4852     3.4768      125.5    30.0
20230517.0700     0.4844     3.4727      126.3    30.0
20230517.0800     0.4905     3.4481      127.0    30.0
20230517.0900     0.5060     3.4154      127.8    30.0
20230517.1000     0.4978     3.4425      128.3    30.0
20230517.1100     0.4999     3.4308      129.1    30.0
20230517.1200     0.5013     3.4226      129.2    30.0
20230517.1300     0.5000     3.4234      128.8    30.0
20230517.1400     0.4954     3.4291      128.7    30.0
20230517.1500     0.4970     3.4220      128.6    30.0
20230517.1600     0.4969     3.4255      128.9    30.0
20230517.1700     0.4885     3.4487      129.3    30.0
20230517.1800     0.4770     3.4790      129.7    30.0
20230517.1900     0.4678     3.4918      130.1    30.0
20230517.2000     0.4648     3.4835      130.3    30.0
20230517.2100     0.4646     3.4724      130.5    30.0
20230517.2200     0.4673     3.4582      130.5    30.0
20230517.2300     0.4728     3.4489      130.4    30.0
20230518.0000     0.4740     3.4581      130.1    30.0
20230518.0100     0.4722     3.4714      129.7    30.0
20230518.0200     0.4720     3.4755      129.2    30.0
20230518.0300     0.4743     3.4727      128.6    30.0
20230518.0400     0.4666     3.5138      128.9    30.0
20230518.0500     0.4549     3.5652      129.4    30.0
20230518.0600     0.4454     3.5978      130.1    30.0
20230518.0700     0.4374     3.6171      130.5    30.0
20230518.0800     0.4389     3.5867      130.8    30.0
20230518.0900     0.4395     3.5640      131.0    30.0
20230518.1000     0.4261     3.6066      130.8    30.0
20230518.1100     0.4214     3.5966      130.8    30.0
20230518.1200     0.4211     3.5573      131.1    30.0
20230518.1300     0.4305     3.4866      131.3    30.0
20230518.1400     0.4460     3.4200      131.4    30.0
20230518.1500     0.4620     3.3800      131.4    30.0
20230518.1600     0.4781     3.3640      131.4    30.0
20230518.1700     0.4866     3.3834      131.6    30.0
20230518.1800     0.4820     3.4358      132.2    30.0
20230518.1900     0.4719     3.4942      132.9    30.0
20230518.2000     0.4642     3.5339      133.5    30.0
20230518.2100     0.4563     3.5709      133.8    30.0
20230518.2200     0.4444     3.6293      133.9    30.0
20230518.2300     0.4370     3.6547      133.7    30.0
20230519.0000     0.4309     3.6678      133.4    30.0
20230519.0100     0.4264     3.6554      132.8    30.0
20230519.0200     0.4200     3.6656      132.6    30.0
20230519.0300     0.4136     3.6753      132.6    30.0
20230519.0400     0.4093     3.6667      132.7    30.0
20230519.0500     0.4073     3.6423      133.3    30.0
20230519.0600     0.4239     3.5207      136.3    30.0
20230519.0700     0.4459     3.4249      137.3    30.0
20230519.0800     0.4627     3.3822      137.5    30.0
20230519.0900     0.4838     3.3505      137.0    30.0
20230519.1000     0.4587     3.4419      136.3    30.0
20230519.1100     0.4405     3.4878      135.7    30.0
20230519.1200     0.4315     3.4835      134.9    30.0
20230519.1300     0.4336     3.4324      133.8    30.0
20230519.1400     0.4386     3.3923      132.6    30.0
20230519.1500     0.4395     3.3829      131.5    30.0
20230519.1600     0.4416     3.3680      130.2    30.0
20230519.1700     0.4440     3.3652      129.1    30.0
20230519.1800     0.4441     3.3756      128.2    30.0
20230519.1900     0.4410     3.4006      127.3    30.0
20230519.2000     0.4379     3.4196      126.8    30.0
20230519.2100     0.4350     3.4392      126.5    30.0
20230519.2200     0.4392     3.4279      124.5    30.0
20230519.2300     0.4486     3.4755      123.8    30.0
20230520.0000     0.4475     3.4910      123.5    30.0
20230520.0100     0.4465     3.5098      123.2    30.0
20230520.0200     0.4471     3.5229      123.4    30.0
20230520.0300     0.4558     3.5038      123.2    30.0
20230520.0400     0.4705     3.4779      123.4    30.0
20230520.0500     0.4889     3.4610      123.9    30.0
20230520.0600     0.5082     3.4603      124.6    30.0
20230520.0700     0.5289     3.4693      125.3    30.0
20230520.0800     0.5495     3.4867      125.8    30.0
20230520.0900     0.5688     3.5103      126.4    30.0
20230520.1000     0.5667     3.5710      126.6    30.0
20230520.1100     0.5638     3.6106      127.0    30.0
20230520.1200     0.5585     3.6392      127.5    30.0
20230520.1300     0.5546     3.6485      127.4    30.0
20230520.1400     0.5576     3.6366      126.8    30.0
20230520.1500     0.5599     3.6293      125.9    30.0
20230520.1600     0.5590     3.6299      125.4    30.0
20230520.1700     0.5551     3.6385      125.2    30.0
20230520.1800     0.5500     3.6483      125.1    30.0
20230520.1900     0.5409     3.6673      125.1    30.0
20230520.2000     0.5332     3.6785      125.0    30.0
20230520.2100     0.5287     3.6786      124.7    30.0
20230520.2200     0.5409     3.6328      122.9    30.0
20230520.2300     0.5553     3.6120      122.1    30.0
20230521.0000     0.5662     3.6150      121.7    30.0
20230521.0100     0.5841     3.6074      121.5    30.0
20230521.0200     0.6079     3.6158      121.7    30.0
20230521.0300     0.6269     3.6476      121.9    30.0
20230521.0400     0.6344     3.6955      122.3    30.0
20230521.0500     0.6355     3.7428      122.8    30.0
20230521.0600     0.6364     3.7775      123.4    30.0
20230521.0700     0.6355     3.8058      124.2    30.0
20230521.0800     0.6332     3.8263      125.2    30.0
20230521.0900     0.6313     3.8380      126.3    30.0
20230521.1000     0.6195     3.8766      126.9    30.0
20230521.1100     0.6153     3.8802      127.6    30.0
20230521.1200     0.6182     3.8648      128.2    30.0
20230521.1300     0.6292     3.8373      128.8    30.0
20230521.1400     0.6465     3.8150      129.3    30.0
20230521.1500     0.6624     3.8120      130.2    30.0
20230521.1600     0.6750     3.8247      130.7    30.0
20230521.1700     0.6846     3.8449      131.0    30.0
20230521.1800     0.6893     3.8700      131.0    30.0
20230521.1900     0.6903     3.8939      131.0    30.0
20230521.2000     0.6868     3.9182      130.8    30.0
20230521.2100     0.6808     3.9412      130.5    30.0
20230521.2200     0.6668     3.9747      130.1    30.0
20230521.2300     0.6598     3.9822      129.7    30.0
20230522.0000     0.6611     3.9661      129.3    30.0
20230522.0100     0.6690     3.9364      128.4    30.0
20230522.0200     0.6862     3.9039      127.2    30.0
20230522.0300     0.7064     3.8910      126.0    30.0
20230522.0400     0.7262     3.8986      125.4    30.0
20230522.0500     0.7412     3.9236      125.3    30.0
20230522.0600     0.7471     3.9589      125.7    30.0
20230522.0700     0.7483     3.9881      126.4    30.0
20230522.0800     0.7465     4.0102      126.9    30.0
20230522.0900     0.7459     4.0193      127.4    30.0
20230522.1000     0.7266     4.0579      127.9    30.0
20230522.1100     0.7202     4.0671      128.2    30.0
20230522.1200     0.7160     4.0504      128.5    30.0
20230522.1300     0.7108     4.0359      128.8    30.0
20230522.1400     0.7047     4.0224      129.3    30.0
20230522.1500     0.6990     4.0100      129.8    30.0
20230522.1600     0.6941     4.0015      129.9    30.0
20230522.1700     0.6887     3.9965      129.6    30.0
20230522.1800     0.6855     3.9872      128.9    30.0
20230522.1900     0.6825     3.9809      128.1    30.0
20230522.2000     0.6761     3.9851      127.4    30.0
20230522.2100     0.6704     3.9854      126.6    30.0
20230522.2200     0.6595     3.9999      126.0    30.0
20230522.2300     0.6644     4.0461      125.7    30.0
20230523.0000     0.6502     4.0629      125.6    30.0
20230523.0100     0.6343     4.0799      125.5    30.0
20230523.0200     0.6163     4.1054      125.7    30.0
20230523.0300     0.5996     4.1277      126.1    30.0
20230523.0400     0.5849     4.1401      126.4    30.0
20230523.0500     0.5780     4.1139      126.7    30.0
20230523.0600     0.5757     4.0694      127.2    30.0
20230523.0700     0.5756     4.0239      127.7    30.0
20230523.0800     0.5764     3.9796      128.5    30.0
20230523.0900     0.5832     3.9200      129.5    30.0
20230523.1000     0.5821     3.9068      130.1    30.0
20230523.1100     0.5902     3.8641      130.9    30.0
20230523.1200     0.6073     3.8092      131.8    30.0
20230523.1300     0.6231     3.7793      132.2    30.0
20230523.1400     0.6245     3.7900      132.3    30.0
20230523.1500     0.6148     3.8189      132.2    30.0
20230523.1600     0.6053     3.8348      132.3    30.0
20230523.1700     0.5988     3.8360      132.5    30.0
20230523.1800     0.5959     3.8228      132.6    30.0
20230523.1900     0.5927     3.8136      132.4    30.0
20230523.2000     0.5859     3.8157      131.9    30.0
20230523.2100     0.5750     3.8318      131.7    30.0
20230523.2200     0.5667     3.8261      130.6    30.0
20230523.2300     0.5612     3.8205      129.6    30.0
20230524.0000     0.5567     3.8136      128.5    30.0
20230524.0100     0.5531     3.8053      127.5    30.0
20230524.0200     0.5469     3.8102      127.0    30.0
20230524.0300     0.5408     3.8139      126.7    30.0
20230524.0400     0.5374     3.8070      126.3    30.0
20230524.0500     0.5373     3.7885      125.9    30.0
20230524.0600     0.5358     3.7785      125.9    30.0
20230524.0700     0.5319     3.7790      126.3    30.0
20230524.0800     0.5286     3.7739      127.1    30.0
20230524.0900     0.5354     3.7305      128.1    30.0
20230524.1000     0.5588     3.6631      127.6    30.0
20230524.1100     0.5956     3.6190      127.1    30.0
20230524.1200     0.6180     3.6282      127.3    30.0
20230524.1300     0.6235     3.6578      127.6    30.0
20230524.1400     0.6207     3.6886      127.8    30.0
20230524.1500     0.6108     3.7205      127.9    30.0
20230524.1600     0.5976     3.7525      127.9    30.0
20230524.1700     0.5856     3.7742      127.6    30.0
20230524.1800     0.5790     3.7786      126.8    30.0
20230524.1900     0.5769     3.7748      125.8    30.0
20230524.2000     0.5771     3.7740      125.1    30.0
20230524.2100     0.5792     3.7746      124.8    30.0
20230524.2200     0.5788     3.7902      124.8    30.0
20230524.2300     0.5863     3.7842      124.9    30.0
20230525.0000     0.6040     3.7591      124.6    30.0
20230525.0100     0.6265     3.7404      124.5    30.0
20230525.0200     0.6499     3.7417      125.4    30.0
20230525.0300     0.6709     3.7573      126.3    30.0
20230525.0400     0.6913     3.7806      126.8    30.0
20230525.0500     0.7113     3.8118      126.9    30.0
20230525.0600     0.7306     3.8460      126.5    30.0
20230525.0700     0.7513     3.8807      125.9    30.0
20230525.0800     0.7738     3.9139      125.8    30.0
20230525.0900     0.7920     3.9537      125.8    30.0
20230525.1000     0.7944     3.9978      125.8    30.0
20230525.1100     0.8411     4.1012      126.7    30.0
20230525.1200     0.8373     4.1435      127.0    30.0
20230525.1300     0.8270     4.1805      126.8    30.0
20230525.1400     0.8136     4.2114      126.8    30.0
20230525.1500     0.8027     4.2255      126.4    30.0
20230525.1600     0.7904     4.2401      126.1    30.0
20230525.1700     0.7825     4.2387      126.2    30.0
20230525.1800     0.7832     4.2203      126.2    30.0
20230525.1900     0.7955     4.1856      125.9    30.0
20230525.2000     0.8099     4.1644      125.8    30.0
20230525.2100     0.8114     4.1706      125.8    30.0
20230525.2200     0.7998     4.1915      125.7    30.0
20230525.2300     0.8034     4.1966      125.5    30.0
20230526.0000     0.8044     4.1789      125.1    30.0
20230526.0100     0.8046     4.1650      124.6    30.0
20230526.0200     0.8051     4.1541      124.1    30.0
20230526.0300     0.8057     4.1488      124.0    30.0
20230526.0400     0.8140     4.1329      124.0    30.0
20230526.0500     0.8215     4.1266      124.2    30.0
20230526.0600     0.8200     4.1353      124.6    30.0
20230526.0700     0.8221     4.1369      125.1    30.0
20230526.0800     0.8314     4.1329      125.6    30.0
20230526.0900     0.8414     4.1308      125.8    30.0
20230526.1000     0.8426     4.1386      124.8    30.0
20230526.1100     0.8277     4.1611      124.2    30.0
20230526.1200     0.8062     4.1794      124.1    30.0
20230526.1300     0.7904     4.1767      124.0    30.0
20230526.1400     0.7770     4.1677      124.1    30.0
20230526.1500     0.7639     4.1615      124.5    30.0
20230526.1600     0.7494     4.1602      125.2    30.0
20230526.1700     0.7354     4.1558      125.9    30.0
20230526.1800     0.7235     4.1457      126.5    30.0
20230526.1900     0.7192     4.1161      127.1    30.0
20230526.2000     0.7253     4.0714      127.3    30.0
20230526.2100     0.7325     4.0432      127.2    30.0
20230526.2200     0.7240     4.0609      126.8    30.0
20230526.2300     0.9151     4.4833      126.3    30.0
20230527.0000     0.9284     4.5511      126.2    30.0
20230527.0100     0.9438     4.5654      126.0    30.0
20230527.0200     0.9439     4.6010      125.9    30.0
20230527.0300     0.9362     4.6430      126.0    30.0
20230527.0400     0.9261     4.6851      126.3    30.0
20230527.0500     0.9151     4.7224      126.7    30.0
20230527.0600     0.9064     4.7478      127.3    30.0
20230527.0700     0.8970     4.7670      127.8    30.0
20230527.0800     0.8922     4.7590      128.4    30.0
20230527.0900     0.8953     4.7152      129.4    30.0
20230527.1000     0.8931     4.6896      130.4    30.0
20230527.1100     0.8928     4.6553      131.1    30.0
20230527.1200     0.8872     4.6303      131.4    30.0
20230527.1300     0.8846     4.5900      131.3    30.0
20230527.1400     0.8829     4.5465      131.3    30.0
20230527.1500     0.8679     4.5377      131.4    30.0
20230527.1600     0.8392     4.5621      131.6    30.0
20230527.1700     0.8101     4.5803      131.8    30.0
20230527.1800     0.7893     4.5591      131.9    30.0
20230527.1900     0.7824     4.4872      131.8    30.0
20230527.2000     0.7891     4.3874      131.4    30.0
20230527.2100     0.8005     4.3000      130.3    30.0
20230527.2200     0.8010     4.2568      128.8    30.0
20230527.2300     0.8065     4.2159      127.5    30.0
20230528.0000     0.8031     4.2036      126.6    30.0
20230528.0100     0.7943     4.2029      126.0    30.0
20230528.0200     0.7938     4.1890      125.5    30.0
20230528.0300     0.8010     4.1787      125.5    30.0
20230528.0400     0.8150     4.1748      125.7    30.0
20230528.0500     0.8394     4.1753      125.8    30.0
20230528.0600     0.8542     4.2089      126.4    30.0
20230528.0700     0.8550     4.2617      127.1    30.0
20230528.0800     0.8520     4.3056      127.8    30.0
20230528.0900     0.8561     4.3200      128.5    30.0
20230528.1000     0.8682     4.3143      128.6    30.0
20230528.1100     0.9415     4.3769      128.7    30.0
20230528.1200     0.9537     4.4082      129.3    30.0
20230528.1300     0.9343     4.4659      129.8    30.0
20230528.1400     0.9055     4.5118      130.5    30.0
20230528.1500     0.8760     4.5392      131.2    30.0
20230528.1600     0.8503     4.5442      131.7    30.0
20230528.1700     0.8292     4.5302      132.3    30.0
20230528.1800     0.8185     4.4816      132.8    30.0
20230528.1900     0.8149     4.4200      133.0    30.0
20230528.2000     0.8126     4.3679      132.9    30.0
20230528.2100     0.8063     4.3395      132.6    30.0
20230528.2200     0.7922     4.3380      131.8    30.0
20230528.2300     0.7770     4.3426      131.2    30.0
20230529.0000     0.7710     4.3161      130.1    30.0
20230529.0100     0.7662     4.2938      129.3    30.0
20230529.0200     0.7586     4.2881      128.8    30.0
20230529.0300     0.7472     4.2977      128.6    30.0
20230529.0400     0.7345     4.3113      128.6    30.0
20230529.0500     0.7234     4.3172      128.6    30.0
20230529.0600     0.7160     4.3096      128.8    30.0
20230529.0700     0.7141     4.2818      129.1    30.0
20230529.0800     0.7165     4.2456      129.4    30.0
20230529.0900     0.7261     4.1984      129.6    30.0
20230529.1000     0.7282     4.1901      129.5    30.0
20230529.1100     0.7375     4.1639      129.5    30.0
20230529.1200     0.7463     4.1472      129.6    30.0
20230529.1300     0.7584     4.1292      129.9    30.0
20230529.1400     0.7678     4.1222      130.4    30.0
20230529.1500     0.7719     4.1276      131.0    30.0
20230529.1600     0.7695     4.1406      131.1    30.0
20230529.1700     0.7645     4.1522      130.9    30.0
20230529.1800     0.7650     4.1442      130.4    30.0
20230529.1900     0.7658     4.1353      129.6    30.0
20230529.2000     0.7604     4.1395      129.0    30.0
20230529.2100     0.7495     4.1505      128.2    30.0
20230529.2200     0.7362     4.1629      127.5    30.0
20230529.2300     0.7531     4.2149      126.6    30.0
20230530.0000     0.7433     4.2133      125.7    30.0
20230530.0100     0.7298     4.2172      124.9    30.0
20230530.0200     0.7156     4.2213      124.3    30.0
20230530.0300     0.7062     4.2097      123.9    30.0
20230530.0400     0.7018     4.1872      123.7    30.0
20230530.0500     0.7003     4.1636      123.7    30.0
20230530.0600     0.6992     4.1437      124.0    30.0
20230530.0700     0.7038     4.1117      124.7    30.0
20230530.0800     0.7148     4.0764      125.2    30.0
20230530.0900     0.7311     4.0458      125.9    30.0
20230530.1000     0.7344     4.0561      126.4    30.0
20230530.1100     0.7376     4.0613      127.4    30.0
20230530.1200     0.7363     4.0690      128.4    30.0
20230530.1300     0.7284     4.0858      129.2    30.0
20230530.1400     0.7158     4.1085      130.1    30.0
20230530.1500     0.6987     4.1370      130.8    30.0
20230530.1600     0.6813     4.1609      131.4    30.0
20230530.1700     0.6664     4.1721      131.9    30.0
20230530.1800     0.6498     4.1892      132.3    30.0
20230530.1900     0.6349     4.2003      132.5    30.0
20230530.2000     0.6269     4.1809      132.7    30.0
20230530.2100     0.6311     4.1156      133.0    30.0
20230530.2200     0.6408     4.0484      132.5    30.0
20230530.2300     0.6676     3.9644      131.7    30.0
20230531.0000     0.6915     3.9230      130.7    30.0
20230531.0100     0.7129     3.9078      129.6    30.0
20230531.0200     0.7284     3.9184      128.9    30.0
20230531.0300     0.7390     3.9423      128.4    30.0
20230531.0400     0.7446     3.9729      128.3    30.0
20230531.0500     0.7468     4.0014      128.5    30.0
20230531.0600     0.7494     4.0200      128.9    30.0
20230531.0700     0.7509     4.0324      129.4    30.0
20230531.0800     0.7510     4.0402      130.2    30.0
20230531.0900     0.7556     4.0339      131.2    30.0
20230531.1000     0.7534     4.0418      131.6    30.0
20230531.1100     0.7827     4.0857      132.0    30.0
20230531.1200     0.7930     4.0853      132.3    30.0
20230531.1300     0.7987     4.0952      132.4    30.0
20230531.1400     0.8021     4.1080      132.5    30.0
20230531.1500     0.8032     4.1238      132.3    30.0
20230531.1600     0.8038     4.1400      131.9    30.0
20230531.1700     0.8122     4.1424      131.3    30.0
20230531.1800     0.8237     4.1456      130.7    30.0
20230531.1900     0.8359     4.1535      130.0    30.0
20230531.2000     0.8388     4.1741      129.3    30.0
20230531.2100     0.8335     4.1976      128.7    30.0
20230531.2200     0.8146     4.2355      128.1    30.0
20230531.2300     0.8048     4.2390      127.6    30.0
20230601.0000     0.8095     4.2125      126.8    30.0
20230601.0100     0.8141     4.1924      125.9    30.0
20230601.0200     0.8182     4.1824      125.4    30.0
20230601.0300     0.8244     4.1747      125.1    30.0
20230601.0400     0.8319     4.1688      125.1    30.0
20230601.0500     0.8341     4.1730      125.4    30.0
20230601.0600     0.8296     4.1816      125.9    30.0
20230601.0700     0.8278     4.1768      126.2    30.0
20230601.0800     0.8331     4.1583      126.5    30.0
20230601.0900     0.8413     4.1421      126.9    30.0
20230601.1000     0.8278     4.1673      127.0    30.0
20230601.1100     0.8198     4.1679      127.1    30.0
20230601.1200     0.8165     4.1596      127.1    30.0
20230601.1300     0.8086     4.1594      127.0    30.0
20230601.1400     0.8000     4.1611      127.0    30.0
20230601.1500     0.7890     4.1669      127.0    30.0
20230601.1600     0.7755     4.1743      127.1    30.0
20230601.1700     0.7623     4.1770      127.2    30.0
20230601.1800     0.7529     4.1685      127.2    30.0
20230601.1900     0.7488     4.1485      127.2    30.0
20230601.2000     0.7494     4.1227      127.1    30.0
20230601.2100     0.7582     4.0909      127.1    30.0
20230601.2200     0.7496     4.1000      127.0    30.0
20230601.2300     0.7975     4.1998      126.8    30.0
20230602.0000     0.8025     4.1765      126.8    30.0
20230602.0100     0.8139     4.1420      126.7    30.0
20230602.0200     0.8307     4.1120      127.0    30.0
20230602.0300     0.8541     4.0954      127.5    30.0
20230602.0400     0.8781     4.0989      127.9    30.0
20230602.0500     0.8892     4.1222      128.1    30.0
20230602.0600     0.8861     4.1510      128.0    30.0
20230602.0700     0.8838     4.1659      127.9    30.0
20230602.0800     0.8852     4.1692      127.9    30.0
20230602.0900     0.8918     4.1648      128.2    30.0
20230602.1000     0.8825     4.1808      128.2    30.0
20230602.1100     0.8884     4.1752      128.2    30.0
20230602.1200     0.9131     4.1613      127.7    30.0
20230602.1300     0.9290     4.1718      127.0    30.0
20230602.1400     0.9361     4.1920      126.0    30.0
20230602.1500     0.9437     4.2127      125.1    30.0
20230602.1600     0.9404     4.2446      124.7    30.0
20230602.1700     0.9247     4.2830      124.7    30.0
20230602.1800     0.9095     4.3089      124.8    30.0
20230602.1900     0.9040     4.3163      125.1    30.0
20230602.2000     0.9063     4.3145      125.2    30.0
20230602.2100     0.9045     4.3213      125.2    30.0
20230602.2200     0.8904     4.3453      125.0    30.0
20230602.2300     0.8793     4.3521      124.7    30.0
20230603.0000     0.8663     4.3556      124.5    30.0
20230603.0100     0.8588     4.3420      124.3    30.0
20230603.0200     0.8553     4.3263      124.1    30.0
20230603.0300     0.8496     4.3224      124.2    30.0
20230603.0400     0.8435     4.3233      124.5    30.0
20230603.0500     0.8415     4.3154      124.8    30.0
20230603.0600     0.8423     4.3034      125.1    30.0
20230603.0700     0.8463     4.2830      125.2    30.0
20230603.0800     0.8384     4.2847      125.6    30.0
20230603.0900     0.8290     4.2807      126.0    30.0
20230603.1000     0.8225     4.2701      126.5    30.0
20230603.1100     0.8640     4.3666      127.1    30.0
20230603.1200     0.8462     4.3667      127.5    30.0
20230603.1300     0.8330     4.3452      127.9    30.0
20230603.1400     0.8185     4.3280      128.0    30.0
20230603.1500     0.8021     4.3174      128.1    30.0
20230603.1600     0.7918     4.2910      128.2    30.0
20230603.1700     0.7801     4.2744      128.4    30.0
20230603.1800     0.7620     4.2794      128.5    30.0
20230603.1900     0.7470     4.2713      128.2    30.0
20230603.2000     0.7327     4.2592      127.5    30.0
20230603.2100     0.7149     4.2623      127.0    30.0
20230603.2200     0.6919     4.2862      127.1    30.0
20230603.2300     0.6757     4.2732      126.8    30.0
20230604.0000     0.6645     4.2397      126.0    30.0
20230604.0100     0.6599     4.1844      125.0    30.0
20230604.0200     0.6694     4.0881      123.5    30.0
20230604.0300     0.6805     4.0226      122.2    30.0
20230604.0400     0.6789     4.0057      121.6    30.0
20230604.0500     0.6727     4.0062      121.6    30.0
20230604.0600     0.6688     4.0016      121.8    30.0
20230604.0700     0.6623     4.0036      122.5    30.0
20230604.0800     0.6542     4.0087      123.7    30.0
20230604.0900     0.6502     3.9952      125.1    30.0
20230604.1000     0.6505     3.9840      125.4    30.0
20230604.1100     0.6390     4.0033      126.0    30.0
20230604.1200     0.6302     4.0049      126.4    30.0
20230604.1300     0.6174     4.0216      126.8    30.0
20230604.1400     0.6040     4.0333      126.9    30.0
20230604.1500     0.5902     4.0450      127.1    30.0
20230604.1600     0.5754     4.0588      127.2    30.0
20230604.1700     0.5585     4.0831      127.4    30.0
20230604.1800     0.5418     4.1064      127.7    30.0
20230604.1900     0.5272     4.1192      127.9    30.0
20230604.2000     0.5150     4.1140      127.7    30.0
20230604.2100     0.5073     4.0686      126.8    30.0
20230604.2200     0.5044     4.0120      125.7    30.0
20230604.2300     0.5214     4.0127      125.0    30.0
20230605.0000     0.5236     3.9428      124.3    30.0
20230605.0100     0.5329     3.8508      123.7    30.0
20230605.0200     0.5513     3.7572      123.2    30.0
20230605.0300     0.5680     3.7086      122.8    30.0
20230605.0400     0.5684     3.7151      122.8    30.0
20230605.0500     0.5640     3.7274      123.1    30.0
20230605.0600     0.5584     3.7321      123.9    30.0
20230605.0700     0.5651     3.6962      124.6    30.0
20230605.0800     0.5751     3.6700      124.6    30.0
20230605.0900     0.5890     3.6489      124.1    30.0
20230605.1000     0.5932     3.6522      122.6    30.0
20230605.1100     0.6063     3.6414      120.8    30.0
20230605.1200     0.6070     3.6676      120.4    30.0
20230605.1300     0.6055     3.6840      120.1    30.0
20230605.1400     0.6103     3.6893      119.7    30.0
20230605.1500     0.6118     3.7046      119.6    30.0
20230605.1600     0.6075     3.7275      119.6    30.0
20230605.1700     0.6033     3.7468      119.6    30.0
20230605.1800     0.5997     3.7623      119.5    30.0
20230605.1900     0.5999     3.7638      119.1    30.0
20230605.2000     0.6034     3.7604      118.8    30.0
20230605.2100     0.6038     3.7691      118.5    30.0
20230605.2200     0.5939     3.8042      118.4    30.0
20230605.2300     0.5873     3.8188      118.5    30.0
20230606.0000     0.5878     3.8077      118.2    30.0
20230606.0100     0.5937     3.7825      117.5    30.0
20230606.0200     0.6035     3.7578      116.9    30.0
20230606.0300     0.6093     3.7645      117.2    30.0
20230606.0400     0.6088     3.7990      118.3    30.0
20230606.0500     0.6040     3.8405      119.7    30.0
20230606.0600     0.5939     3.8855      121.4    30.0
20230606.0700     0.5879     3.8940      122.9    30.0
20230606.0800     0.5818     3.9029      124.0    30.0
20230606.0900     0.5780     3.8988      124.8    30.0
20230606.1000     0.5871     3.8640      125.5    30.0
20230606.1100     0.5858     3.8612      126.3    30.0
20230606.1200     0.5899     3.8488      126.6    30.0
20230606.1300     0.5976     3.8281      126.4    30.0
20230606.1400     0.6068     3.8153      125.9    30.0
20230606.1500     0.6102     3.8249      125.5    30.0
20230606.1600     0.6061     3.8566      125.1    30.0
20230606.1700     0.5991     3.8961      125.1    30.0
20230606.1800     0.5931     3.9261      125.2    30.0
20230606.1900     0.5910     3.9375      125.0    30.0
20230606.2000     0.5947     3.9297      124.6    30.0
20230606.2100     0.6099     3.8907      123.6    30.0
20230606.2200     0.6327     3.8700      123.0    30.0
20230606.2300     0.6661     3.8522      122.7    30.0
20230607.0000     0.7072     3.8509      122.1    30.0
20230607.0100     0.7389     3.8781      121.7    30.0
20230607.0200     0.7556     3.9290      121.7    30.0
20230607.0300     0.7603     3.9870      121.9    30.0
20230607.0400     0.7631     4.0347      122.3    30.0
20230607.0500     0.7700     4.0681      122.6    30.0
20230607.0600     0.7872     4.0814      122.7    30.0
20230607.0700     0.8256     4.0615      122.2    30.0
20230607.0800     0.8623     4.0786      121.2    30.0
20230607.0900     0.8788     4.1231      121.9    30.0
20230607.1000     0.8817     4.1734      123.2    30.0
20230607.1100     0.9166     4.2332      124.0    30.0
20230607.1200     0.9251     4.2617      124.0    30.0
20230607.1300     0.9241     4.2875      123.8    30.0
20230607.1400     0.9219     4.3031      123.4    30.0
20230607.1500     0.9151     4.3182      123.2    30.0
20230607.1600     0.9117     4.3266      122.9    30.0
20230607.1700     0.9268     4.3216      122.4    30.0
20230607.1800     0.9609     4.3216      121.8    30.0
20230607.1900     1.0032     4.3493      121.4    30.0
20230607.2000     1.0466     4.3940      121.0    30.0
20230607.2100     1.0856     4.4500      120.8    30.0
20230607.2200     1.0929     4.5236      121.1    30.0
20230607.2300     1.1605     4.6531      121.2    30.0
20230608.0000     1.1556     4.6990      121.0    30.0
20230608.0100     1.1433     4.7112      120.5    30.0
20230608.0200     1.1286     4.7022      120.2    30.0
20230608.0300     1.1104     4.6880      120.0    30.0
20230608.0400     1.0823     4.6805      120.0    30.0
20230608.0500     1.0488     4.6709      120.4    30.0
20230608.0600     1.0176     4.6481      121.0    30.0
20230608.0700     0.9976     4.6012      121.5    30.0
20230608.0800     0.9719     4.5662      122.0    30.0
20230608.0900     0.9454     4.5321      122.4    30.0
20230608.1000     0.9438     4.4531      122.5    30.0
20230608.1100     0.9346     4.4110      122.8    30.0
20230608.1200     0.9112     4.3985      123.2    30.0
20230608.1300     0.8784     4.3995      123.6    30.0
20230608.1400     0.8406     4.4094      124.1    30.0
20230608.1500     0.8028     4.4217      124.6    30.0
20230608.1600     0.7720     4.4175      125.2    30.0
20230608.1700     0.7504     4.3859      125.6    30.0
20230608.1800     0.7350     4.3448      125.9    30.0
20230608.1900     0.7273     4.2888      126.0    30.0
20230608.2000     0.7297     4.2176      126.1    30.0
20230608.2100     0.7396     4.1500      126.2    30.0
20230608.2200     0.7324     4.1434      126.1    30.0
20230608.2300     0.7406     4.1169      126.1    30.0
20230609.0000     0.7498     4.0867      125.8    30.0
20230609.0100     0.7513     4.0736      125.2    30.0
20230609.0200     0.7473     4.0702      124.6    30.0
20230609.0300     0.7385     4.0747      124.2    30.0
20230609.0400     0.7277     4.0787      123.9    30.0
20230609.0500     0.7160     4.0786      123.8    30.0
20230609.0600     0.7110     4.0559      123.6    30.0
20230609.0700     0.7148     4.0150      123.3    30.0
20230609.0800     0.7244     3.9745      123.0    30.0
20230609.0900     0.7326     3.9509      122.5    30.0
20230609.1000     0.7459     3.9343      122.4    30.0
20230609.1100     0.7468     3.9379      122.3    30.0
20230609.1200     0.7426     3.9394      122.1    30.0
20230609.1300     0.7314     3.9422      122.2    30.0
20230609.1400     0.7120     3.9471      122.5    30.0
20230609.1500     0.6893     3.9476      122.9    30.0
20230609.1600     0.6704     3.9335      123.5    30.0
20230609.1700     0.6599     3.9003      124.5    30.0
20230609.1800     0.6540     3.8675      125.6    30.0
20230609.1900     0.6558     3.8291      126.8    30.0
20230609.2000     0.6657     3.7939      127.9    30.0
20230609.2100     0.6790     3.7750      128.7    30.0
20230609.2200     0.6781     3.7867      128.7    30.0
20230609.2300     0.6730     3.8004      128.7    30.0
20230610.0000     0.6641     3.8118      128.6    30.0
20230610.0100     0.6557     3.8153      128.1    30.0
20230610.0200     0.6497     3.8138      127.5    30.0
20230610.0300     0.6477     3.8076      126.9    30.0
20230610.0400     0.6556     3.7900      126.6    30.0
20230610.0500     0.6690     3.7762      126.0    30.0
20230610.0600     0.6803     3.7765      125.6    30.0
20230610.0700     0.6898     3.7833      125.3    30.0
20230610.0800     0.6956     3.7958      124.9    30.0
20230610.0900     0.6969     3.8123      124.7    30.0
20230610.1000     0.6930     3.8313      124.3    30.0
20230610.1100     0.6961     3.8194      124.1    30.0
20230610.1200     0.7156     3.8078      123.9    30.0
20230610.1300     0.7253     3.8169      123.8    30.0
20230610.1400     0.7209     3.8345      123.9    30.0
20230610.1500     0.7111     3.8449      124.0    30.0
20230610.1600     0.7030     3.8444      124.2    30.0
20230610.1700     0.6996     3.8350      124.4    30.0
20230610.1800     0.6984     3.8254      124.6    30.0
20230610.1900     0.6962     3.8208      124.9    30.0
20230610.2000     0.6886     3.8238      125.1    30.0
20230610.2100     0.6784     3.8278      125.4    30.0
20230610.2200     0.6760     3.8209      125.3    30.0
20230610.2300     0.6816     3.8386      125.6    30.0
20230611.0000     0.6801     3.8375      125.7    30.0
20230611.0100     0.6752     3.8446      125.9    30.0
20230611.0200     0.6660     3.8595      126.5    30.0
20230611.0300     0.6571     3.8669      127.4    30.0
20230611.0400     0.6522     3.8620      128.7    30.0
20230611.0500     0.6521     3.8504      129.9    30.0
20230611.0600     0.6534     3.8466      131.0    30.0
20230611.0700     0.6589     3.8438      132.2    30.0
20230611.0800     0.6574     3.8723      133.2    30.0
20230611.0900     0.6691     3.8762      135.1    30.0
20230611.1000     0.6881     3.8865      137.3    30.0
20230611.1100     0.7411     3.8809      139.3    30.0
20230611.1200     0.8269     3.9182      139.6    30.0
20230611.1300     0.9185     4.0173      138.9    30.0
20230611.1400     1.0048     4.1452      138.0    30.0
20230611.1500     1.0666     4.2738      137.2    30.0
20230611.1600     1.0815     4.3857      136.5    30.0
20230611.1700     1.0586     4.4743      135.7    30.0
20230611.1800     1.0259     4.5336      135.0    30.0
20230611.1900     0.9919     4.5681      134.2    30.0
20230611.2000     0.9704     4.5681      133.1    30.0
20230611.2100     0.9717     4.5355      131.5    30.0
20230611.2200     0.9675     4.5317      131.0    30.0
20230611.2300     1.0048     4.5894      130.5    30.0
20230612.0000     1.0039     4.5930      129.6    30.0
20230612.0100     1.0078     4.5806      128.1    30.0
20230612.0200     1.0090     4.5787      126.5    30.0
20230612.0300     0.9953     4.6079      125.4    30.0
20230612.0400     0.9676     4.6715      125.3    30.0
20230612.0500     0.9326     4.7564      126.0    30.0
20230612.0600     0.9013     4.8268      127.0    30.0
20230612.0700     0.8760     4.8740      127.9    30.0
20230612.0800     0.8584     4.8815      128.5    30.0
20230612.0900     0.8601     4.8094      128.6    30.0
20230612.1000     0.8700     4.7254      127.2    30.0
20230612.1100     0.8800     4.6631      126.3    30.0
20230612.1200     0.8874     4.6226      125.7    30.0
20230612.1300     0.8960     4.5903      125.4    30.0
20230612.1400     0.9145     4.5533      125.2    30.0
20230612.1500     0.9436     4.5199      124.8    30.0
20230612.1600     0.9645     4.5196      124.4    30.0
20230612.1700     0.9783     4.5344      124.2    30.0
20230612.1800     0.9871     4.5516      124.1    30.0
20230612.1900     0.9910     4.5672      123.9    30.0
20230612.2000     0.9930     4.5768      123.5    30.0
20230612.2100     0.9970     4.5790      123.0    30.0
20230612.2200     0.9885     4.5980      122.5    30.0
20230612.2300     0.9765     4.6149      122.1    30.0
20230613.0000     0.9621     4.6263      121.6    30.0
20230613.0100     0.9559     4.6054      120.6    30.0
20230613.0200     0.9659     4.5575      119.7    30.0
20230613.0300     0.9853     4.5137      119.1    30.0
20230613.0400     1.0052     4.4892      119.1    30.0
20230613.0500     1.0322     4.4774      119.6    30.0
20230613.0600     1.0652     4.4886      120.5    30.0
20230613.0700     1.0934     4.5185      121.8    30.0
20230613.0800     1.1147     4.5564      122.9    30.0
20230613.0900     1.1311     4.5940      124.0    30.0
20230613.1000     1.1078     4.6551      124.6    30.0
20230613.1100     1.1181     4.7378      124.7    30.0
20230613.1200     1.0953     4.7499      125.0    30.0
20230613.1300     1.0715     4.7529      125.2    30.0
20230613.1400     1.0551     4.7367      125.4    30.0
20230613.1500     1.0469     4.7116      125.6    30.0
20230613.1600     1.0424     4.6852      125.2    30.0
20230613.1700     1.0332     4.6694      125.0    30.0
20230613.1800     1.0093     4.6721      124.9    30.0
20230613.1900     0.9910     4.6628      125.0    30.0
20230613.2000     0.9766     4.6544      125.1    30.0
20230613.2100     0.9744     4.6254      124.7    30.0
20230613.2200     0.9589     4.6210      125.0    30.0
20230613.2300     0.9481     4.5980      125.0    30.0
20230614.0000     0.9398     4.5717      124.7    30.0
20230614.0100     0.9223     4.5641      124.4    30.0
20230614.0200     0.9002     4.5626      124.4    30.0
20230614.0300     0.8857     4.5370      124.4    30.0
20230614.0400     0.8771     4.5108      124.5    30.0
20230614.0500     0.8747     4.4783      124.5    30.0
20230614.0600     0.8710     4.4568      124.6    30.0
20230614.0700     0.8721     4.4379      125.2    30.0
20230614.0800     0.8660     4.4323      125.7    30.0
20230614.0900     0.8473     4.4537      126.6    30.0
20230614.1000     0.8092     4.5397      127.3    30.0
20230614.1100     0.7803     4.5860      128.0    30.0
20230614.1200     0.7556     4.6135      128.4    30.0
20230614.1300     0.7354     4.6202      128.6    30.0
20230614.1400     0.7187     4.6002      128.5    30.0
20230614.1500     0.7028     4.5826      128.4    30.0
20230614.1600     0.6881     4.5617      128.7    30.0
20230614.1700     0.6731     4.5443      129.4    30.0
20230614.1800     0.6596     4.5183      129.7    30.0
20230614.1900     0.6559     4.4403      129.1    30.0
20230614.2000     0.6611     4.3382      128.3    30.0
20230614.2100     0.6487     4.3210      128.1    30.0
20230614.2200     0.6182     4.4023      128.8    30.0
20230614.2300     0.6513     4.6115      129.4    30.0
20230615.0000     0.6455     4.5857      129.7    30.0
20230615.0100     0.6603     4.4457      129.0    30.0
20230615.0200     0.6845     4.3150      127.9    30.0
20230615.0300     0.6834     4.2951      127.0    30.0
20230615.0400     0.6668     4.3232      126.6    30.0
20230615.0500     0.6487     4.3433      126.2    30.0
20230615.0600     0.6308     4.3534      126.0    30.0
20230615.0700     0.6114     4.3695      126.2    30.0
20230615.0800     0.5992     4.3399      126.2    30.0
20230615.0900     0.5955     4.2741      126.0    30.0
20230615.1000     0.6035     4.1641      124.4    30.0
20230615.1100     0.6065     4.0963      123.2    30.0
20230615.1200     0.6062     4.0521      122.2    30.0
20230615.1300     0.6018     4.0261      121.6    30.0
20230615.1400     0.5907     4.0268      121.6    30.0
20230615.1500     0.5764     4.0470      121.9    30.0
20230615.1600     0.5660     4.0490      122.2    30.0
20230615.1700     0.5620     4.0273      122.1    30.0
20230615.1800     0.5563     4.0253      122.2    30.0
20230615.1900     0.5487     4.0406      122.3    30.0
20230615.2000     0.5453     4.0358      122.0    30.0
20230615.2100     0.5500     3.9900      121.2    30.0
20230615.2200     0.5514     3.9750      120.6    30.0
20230615.2300     0.5480     3.9827      120.5    30.0
20230616.0000     0.5408     3.9887      120.2    30.0
20230616.0100     0.5356     3.9832      119.7    30.0
20230616.0200     0.5238     4.0141      119.9    30.0
20230616.0300     0.5073     4.0707      120.8    30.0
20230616.0400     0.4911     4.1280      121.7    30.0
20230616.0500     0.4775     4.1671      122.5    30.0
20230616.0600     0.4726     4.1135      124.8    30.0
20230616.0700     0.4718     4.0537      127.9    30.0
20230616.0800     0.4695     4.0114      129.8    30.0
20230616.0900     0.4699     3.9591      131.6    30.0
20230616.1000     0.4513     4.0446      132.0    30.0
20230616.1100     0.4877     4.2909      131.6    30.0
20230616.1200     0.4740     4.3118      131.4    30.0
20230616.1300     0.4633     4.2993      131.3    30.0
20230616.1400     0.4554     4.2582      131.3    30.0
20230616.1500     0.4492     4.2153      131.3    30.0
20230616.1600     0.4427     4.1813      131.4    30.0
20230616.1700     0.4375     4.1490      131.5    30.0
20230616.1800     0.4347     4.1054      131.3    30.0
20230616.1900     0.4420     3.9822      130.2    30.0
20230616.2000     0.4596     3.8326      128.5    30.0
20230616.2100     0.4798     3.7184      126.8    30.0
20230616.2200     0.5177     3.5994      123.2    30.0
20230616.2300     0.5654     3.5271      120.7    30.0
20230617.0000     0.6097     3.5190      118.8    30.0
20230617.0100     0.6394     3.5476      117.1    30.0
20230617.0200     0.6584     3.5906      115.8    30.0
20230617.0300     0.6681     3.6427      115.5    30.0
20230617.0400     0.6758     3.6941      115.5    30.0
20230617.0500     0.6855     3.7459      116.0    30.0
20230617.0600     0.6969     3.7988      116.7    30.0
20230617.0700     0.7118     3.8481      117.4    30.0
20230617.0800     0.7290     3.8985      118.2    30.0
20230617.0900     0.7511     3.9344      118.5    30.0
20230617.1000     0.7568     3.9901      119.2    30.0
20230617.1100     0.7554     4.0360      120.0    30.0
20230617.1200     0.7424     4.0814      121.1    30.0
20230617.1300     0.7170     4.1360      122.4    30.0
20230617.1400     0.6858     4.2014      123.5    30.0
20230617.1500     0.6555     4.2592      124.4    30.0
20230617.1600     0.6303     4.2918      125.0    30.0
20230617.1700     0.6116     4.2829      125.5    30.0
20230617.1800     0.5978     4.2516      125.8    30.0
20230617.1900     0.5884     4.2022      125.9    30.0
20230617.2000     0.5833     4.1378      125.7    30.0
20230617.2100     0.5806     4.0708      125.3    30.0
20230617.2200     0.5686     4.0520      125.1    30.0
20230617.2300     0.6236     4.2333      124.8    30.0
20230618.0000     0.6126     4.2015      124.5    30.0
20230618.0100     0.6050     4.1464      123.8    30.0
20230618.0200     0.6003     4.0822      123.1    30.0
20230618.0300     0.5934     4.0382      122.7    30.0
20230618.0400     0.5831     4.0163      122.8    30.0
20230618.0500     0.5701     4.0077      123.2    30.0
20230618.0600     0.5569     3.9996      123.6    30.0
20230618.0700     0.5458     3.9799      123.9    30.0
20230618.0800     0.5388     3.9385      124.1    30.0
20230618.0900     0.5330     3.8987      124.3    30.0
20230618.1000     0.5149     3.9196      124.6    30.0
20230618.1100     0.5027     3.9099      124.8    30.0
20230618.1200     0.4921     3.8919      124.7    30.0
20230618.1300     0.4855     3.8529      124.5    30.0
20230618.1400     0.4825     3.8011      124.5    30.0
20230618.1500     0.4739     3.7891      124.7    30.0
20230618.1600     0.4595     3.8100      125.1    30.0
20230618.1700     0.4433     3.8432      125.6    30.0
20230618.1800     0.4277     3.8751      126.1    30.0
20230618.1900     0.4155     3.8868      126.6    30.0
20230618.2000     0.4059     3.8779      126.9    30.0
20230618.2100     0.3962     3.8796      127.1    30.0
20230618.2200     0.3860     3.8919      126.4    30.0
20230618.2300     0.3853     3.8312      125.2    30.0
20230619.0000     0.3864     3.7485      123.9    30.0
20230619.0100     0.3910     3.6540      121.3    30.0
20230619.0200     0.3944     3.5888      119.5    30.0
20230619.0300     0.3916     3.5714      118.9    30.0
20230619.0400     0.3806     3.6149      119.5    30.0
20230619.0500     0.3683     3.6656      120.4    30.0
20230619.0600     0.3570     3.7079      121.3    30.0
20230619.0700     0.3477     3.7412      122.0    30.0
20230619.0800     0.3481     3.6619      125.5    30.0
20230619.0900     0.3498     3.6073      128.7    30.0
20230619.1000     0.3360     3.6791      129.9    30.0
20230619.1100     0.3318     3.6707      130.9    30.0
20230619.1200     0.3278     3.6578      131.6    30.0
20230619.1300     0.3216     3.6694      131.8    30.0
20230619.1400     0.3167     3.6707      132.0    30.0
20230619.1500     0.3136     3.6544      132.1    30.0
20230619.1600     0.3124     3.6191      131.2    30.0
20230619.1700     0.3106     3.5941      130.2    30.0
20230619.1800     0.3063     3.5934      129.5    30.0
20230619.1900     0.3015     3.5978      128.8    30.0
20230619.2000     0.3008     3.5663      127.9    30.0
20230619.2100     0.2984     3.5498      127.3    30.0
20230619.2200     0.2938     3.5281      122.2    30.0
20230619.2300     0.2890     3.5301      121.7    30.0
20230620.0000     0.2827     3.5502      121.5    30.0
20230620.0100     0.2758     3.5794      121.6    30.0
20230620.0200     0.2696     3.6051      121.7    30.0
20230620.0300     0.2636     3.6268      121.8    30.0
20230620.0400     0.2601     3.6182      121.8    30.0
20230620.0500     0.2631     3.5317      119.1    30.0
20230620.0600     0.2661     3.4462      115.6    30.0
20230620.0700     0.2637     3.4282      115.3    30.0
20230620.0800     0.2616     3.4114      115.3    30.0
20230620.0900     0.2600     3.3917      115.3    30.0
20230620.1000     0.2508     3.4715      114.3    30.0
20230620.1100     0.2600     3.3208      115.2    30.0
20230620.1200     0.2871     3.1291      114.8    30.0
20230620.1300     0.3267     2.9944      112.7    30.0
20230620.1400     0.3561     2.9620      111.6    30.0
20230620.1500     0.3714     2.9760      111.1    30.0
20230620.1600     0.3745     3.0109      111.2    30.0
20230620.1700     0.3785     3.0351      111.1    30.0
20230620.1800     0.3819     3.0496      110.8    30.0
20230620.1900     0.3852     3.0749      111.4    30.0
20230620.2000     0.3913     3.0941      111.9    30.0
20230620.2100     0.4023     3.1110      112.4    30.0
20230620.2200     0.3974     3.1774      113.1    30.0
20230620.2300     0.4156     3.2577      113.9    30.0
20230621.0000     0.4202     3.2829      114.8    30.0
20230621.0100     0.4278     3.3053      115.4    30.0
20230621.0200     0.4381     3.3232      116.5    30.0
20230621.0300     0.4532     3.3377      118.0    30.0
20230621.0400     0.4769     3.3444      119.6    30.0
20230621.0500     0.5094     3.3554      121.3    30.0
20230621.0600     0.5412     3.3883      122.8    30.0
20230621.0700     0.5701     3.4387      123.8    30.0
20230621.0800     0.5898     3.5016      125.0    30.0
20230621.0900     0.6024     3.5653      126.4    30.0
20230621.1000     0.6024     3.6322      127.6    30.0
20230621.1100     0.6150     3.6597      128.1    30.0
20230621.1200     0.6367     3.6736      128.1    30.0
20230621.1300     0.6556     3.6962      127.5    30.0
20230621.1400     0.6728     3.7218      126.2    30.0
20230621.1500     0.6805     3.7591      125.3    30.0
20230621.1600     0.6839     3.7947      124.6    30.0
20230621.1700     0.6860     3.8249      124.0    30.0
20230621.1800     0.6933     3.8414      123.0    30.0
20230621.1900     0.7041     3.8496      121.4    30.0
20230621.2000     0.7161     3.8580      119.7    30.0
20230621.2100     0.7308     3.8615      117.7    30.0
20230621.2200     0.7357     3.8864      116.9    30.0
20230621.2300     0.7365     3.9034      116.5    30.0
20230622.0000     0.7361     3.9128      116.2    30.0
20230622.0100     0.7445     3.9058      115.6    30.0
20230622.0200     0.7553     3.9082      115.5    30.0
20230622.0300     0.7567     3.9303      116.2    30.0
20230622.0400     0.7551     3.9526      117.1    30.0
20230622.0500     0.7535     3.9701      117.9    30.0
20230622.0600     0.7496     3.9852      118.5    30.0
20230622.0700     0.7407     4.0009      119.2    30.0
20230622.0800     0.7357     3.9975      119.7    30.0
20230622.0900     0.7356     3.9849      120.1    30.0
20230622.1000     0.7307     3.9824      121.0    30.0
20230622.1100     0.7361     3.9772      121.4    30.0
20230622.1200     0.7378     3.9691      121.8    30.0
20230622.1300     0.7376     3.9616      122.4    30.0
20230622.1400     0.7315     3.9594      123.1    30.0
20230622.1500     0.7236     3.9516      123.7    30.0
20230622.1600     0.7172     3.9356      124.3    30.0
20230622.1700     0.7143     3.9146      124.9    30.0
20230622.1800     0.7132     3.8926      125.7    30.0
20230622.1900     0.7139     3.8731      126.3    30.0
20230622.2000     0.7152     3.8580      126.8    30.0
20230622.2100     0.7159     3.8478      127.0    30.0
20230622.2200     0.7034     3.8551      126.7    30.0
20230622.2300     0.6880     3.8595      126.3    30.0
20230623.0000     0.6688     3.8644      126.0    30.0
20230623.0100     0.6495     3.8632      125.6    30.0
20230623.0200     0.6272     3.8690      125.3    30.0
20230623.0300     0.6035     3.8819      125.2    30.0
20230623.0400     0.5820     3.8889      125.3    30.0
20230623.0500     0.5665     3.8783      125.4    30.0
20230623.0600     0.5565     3.8527      125.5    30.0
20230623.0700     0.5509     3.8168      125.9    30.0
20230623.0800     0.5527     3.7627      126.4    30.0
20230623.0900     0.5612     3.7069      127.1    30.0
20230623.1000     0.5502     3.7303      126.9    30.0
20230623.1100     0.5461     3.7174      127.0    30.0
20230623.1200     0.5459     3.6932      127.1    30.0
20230623.1300     0.5440     3.6780      127.2    30.0
20230623.1400     0.5365     3.6818      127.3    30.0
20230623.1500     0.5270     3.6861      127.6    30.0
20230623.1600     0.5135     3.7062      127.9    30.0
20230623.1700     0.4979     3.7388      128.2    30.0
20230623.1800     0.4847     3.7570      128.4    30.0
20230623.1900     0.4774     3.7412      128.4    30.0
20230623.2000     0.4766     3.7009      128.1    30.0
20230623.2100     0.4837     3.6388      127.3    30.0
20230623.2200     0.4816     3.6263      126.4    30.0
20230623.2300     0.4840     3.6339      126.3    30.0
20230624.0000     0.4816     3.6233      126.5    30.0
20230624.0100     0.4803     3.6080      126.8    30.0
20230624.0200     0.4804     3.5924      127.1    30.0
20230624.0300     0.4806     3.5831      127.4    30.0
20230624.0400     0.4817     3.5734      127.6    30.0
20230624.0500     0.4855     3.5555      127.9    30.0
20230624.0600     0.4883     3.5450      128.3    30.0
20230624.0700     0.4861     3.5521      128.7    30.0
20230624.0800     0.4817     3.5617      129.0    30.0
20230624.0900     0.4800     3.5556      129.5    30.0
20230624.1000     0.4762     3.5548      128.9    30.0
20230624.1100     0.4811     3.5260      128.3    30.0
20230624.1200     0.4908     3.4924      127.5    30.0
20230624.1300     0.4967     3.4834      126.9    30.0
20230624.1400     0.4950     3.4970      126.8    30.0
20230624.1500     0.4847     3.5360      126.9    30.0
20230624.1600     0.4710     3.5830      127.1    30.0
20230624.1700     0.4571     3.6277      127.4    30.0
20230624.1800     0.4464     3.6506      127.7    30.0
20230624.1900     0.4386     3.6530      128.2    30.0
20230624.2000     0.4318     3.6527      128.5    30.0
20230624.2100     0.4250     3.6541      128.5    30.0
20230624.2200     0.4187     3.6465      127.8    30.0
20230624.2300     0.4177     3.6165      127.0    30.0
20230625.0000     0.4221     3.5547      125.6    30.0
20230625.0100     0.4306     3.4906      124.9    30.0
20230625.0200     0.4426     3.4365      124.9    30.0
20230625.0300     0.4552     3.4029      125.0    30.0
20230625.0400     0.4649     3.3950      125.3    30.0
20230625.0500     0.4708     3.4035      125.8    30.0
20230625.0600     0.4748     3.4139      126.5    30.0
20230625.0700     0.4792     3.4210      127.6    30.0
20230625.0800     0.4821     3.4321      128.5    30.0
20230625.0900     0.4852     3.4426      129.3    30.0
20230625.1000     0.4796     3.4761      129.0    30.0
20230625.1100     0.4771     3.4930      128.4    30.0
20230625.1200     0.4805     3.4826      127.0    30.0
20230625.1300     0.4855     3.4699      125.6    30.0
20230625.1400     0.4829     3.4802      125.1    30.0
20230625.1500     0.4765     3.4970      125.2    30.0
20230625.1600     0.4699     3.5081      125.7    30.0
20230625.1700     0.4651     3.5093      126.1    30.0
20230625.1800     0.4580     3.5159      126.3    30.0
20230625.1900     0.4451     3.5509      126.4    30.0
20230625.2000     0.4323     3.5825      126.4    30.0
20230625.2100     0.4200     3.6112      126.4    30.0
20230625.2200     0.4030     3.6731      126.2    30.0
20230625.2300     0.3940     3.6810      125.9    30.0
20230626.0000     0.3887     3.6479      125.2    30.0
20230626.0100     0.3821     3.6414      124.9    30.0
20230626.0200     0.3751     3.6415      124.8    30.0
20230626.0300     0.3687     3.6385      124.8    30.0
20230626.0400     0.3621     3.6387      125.0    30.0
20230626.0500     0.3568     3.6321      125.6    30.0
20230626.0600     0.3530     3.6133      126.6    30.0
20230626.0700     0.3528     3.5734      128.0    30.0
20230626.0800     0.3585     3.5025      130.3    30.0
20230626.0900     0.3682     3.4219      132.7    30.0
20230626.1000     0.3621     3.4349      133.0    30.0
20230626.1100     0.3564     3.4491      132.7    30.0
20230626.1200     0.3572     3.4119      132.7    30.0
20230626.1300     0.3618     3.3625      132.8    30.0
20230626.1400     0.3686     3.3158      132.7    30.0
20230626.1500     0.3737     3.2841      132.7    30.0
20230626.1600     0.3778     3.2590      132.5    30.0
20230626.1700     0.3758     3.2637      132.4    30.0
20230626.1800     0.3678     3.2906      132.4    30.0
20230626.1900     0.3577     3.3187      132.3    30.0
20230626.2000     0.3485     3.3367      132.2    30.0
20230626.2100     0.3427     3.3287      132.1    30.0
20230626.2200     0.3305     3.3558      131.5    30.0
20230626.2300     0.3279     3.3246      131.2    30.0
20230627.0000     0.3286     3.2720      130.9    30.0
20230627.0100     0.3321     3.2131      130.7    30.0
20230627.0200     0.3439     3.1315      131.1    30.0
20230627.0300     0.3634     3.0600      131.5    30.0
20230627.0400     0.3896     3.0218      132.1    30.0
20230627.0500     0.4150     3.0223      132.5    30.0
20230627.0600     0.4384     3.0421      132.6    30.0
20230627.0700     0.4602     3.0716      132.5    30.0
20230627.0800     0.4761     3.1087      132.7    30.0
20230627.0900     0.4865     3.1444      133.0    30.0
20230627.1000     0.4856     3.1837      133.2    30.0
20230627.1100     0.4867     3.2069      133.4    30.0
20230627.1200     0.4877     3.2219      133.3    30.0
20230627.1300     0.4892     3.2318      133.1    30.0
20230627.1400     0.4945     3.2332      132.3    30.0
20230627.1500     0.5039     3.2381      131.0    30.0
20230627.1600     0.5136     3.2553      130.0    30.0
20230627.1700     0.5248     3.2807      129.1    30.0
20230627.1800     0.5390     3.3088      128.1    30.0
20230627.1900     0.5554     3.3439      126.9    30.0
20230627.2000     0.5735     3.3851      125.6    30.0
20230627.2100     0.5919     3.4319      124.6    30.0
20230627.2200     0.6116     3.4826      123.5    30.0
20230627.2300     0.6275     3.5410      122.8    30.0
20230628.0000     0.6408     3.5757      122.1    30.0
20230628.0100     0.6654     3.5962      121.5    30.0
20230628.0200     0.6956     3.6253      121.4    30.0
20230628.0300     0.7110     3.6746      121.6    30.0
20230628.0400     0.7133     3.7230      121.8    30.0
20230628.0500     0.7091     3.7624      122.0    30.0
20230628.0600     0.7060     3.7862      122.6    30.0
20230628.0700     0.7084     3.7971      123.5    30.0
20230628.0800     0.7131     3.8042      124.5    30.0
20230628.0900     0.7193     3.8120      125.5    30.0
20230628.1000     0.7104     3.8355      126.6    30.0
20230628.1100     0.7145     3.8307      127.8    30.0
20230628.1200     0.7312     3.8201      128.9    30.0
20230628.1300     0.7520     3.8241      129.7    30.0
20230628.1400     0.7641     3.8450      130.3    30.0
20230628.1500     0.7607     3.8746      130.5    30.0
20230628.1600     0.7503     3.8946      130.5    30.0
20230628.1700     0.7417     3.9001      130.0    30.0
20230628.1800     0.7304     3.9030      129.4    30.0
20230628.1900     0.7173     3.9030      128.9    30.0
20230628.2000     0.7027     3.9003      128.6    30.0
20230628.2100     0.6901     3.8899      128.5    30.0
20230628.2200     0.6803     3.8731      128.4    30.0
20230628.2300     0.6794     3.8421      128.3    30.0
20230629.0000     0.6827     3.8127      128.4    30.0
20230629.0100     0.6987     3.7753      128.8    30.0
20230629.0200     0.7302     3.7507      129.9    30.0
20230629.0300     0.7633     3.7585      130.6    30.0
20230629.0400     0.7897     3.7894      130.8    30.0
20230629.0500     0.7985     3.8301      130.8    30.0
20230629.0600     0.7947     3.8616      131.1    30.0
20230629.0700     0.7831     3.8817      131.5    30.0
20230629.0800     0.7703     3.8863      132.5    30.0
20230629.0900     0.7683     3.8744      133.7    30.0
20230629.1000     0.7432     3.8939      134.0    30.0
20230629.1100     0.7536     3.9863      134.3    30.0
20230629.1200     0.7239     3.9990      134.0    30.0
20230629.1300     0.6996     3.9947      133.5    30.0
20230629.1400     0.6786     3.9846      132.9    30.0
20230629.1500     0.6670     3.9517      132.2    30.0
20230629.1600     0.6569     3.9252      131.5    30.0
20230629.1700     0.6425     3.9161      130.8    30.0
20230629.1800     0.6246     3.9220      130.3    30.0
20230629.1900     0.6115     3.9099      129.7    30.0
20230629.2000     0.6011     3.8917      129.0    30.0
20230629.2100     0.5954     3.8585      128.1    30.0
20230629.2200     0.6068     3.7891      125.7    30.0
20230629.2300     0.6151     3.7536      124.2    30.0
20230630.0000     0.6090     3.7558      123.8    30.0
20230630.0100     0.6152     3.7241      123.0    30.0
20230630.0200     0.6269     3.6963      122.2    30.0
20230630.0300     0.6377     3.6855      121.8    30.0
20230630.0400     0.6451     3.6872      121.8    30.0
20230630.0500     0.6493     3.6984      122.0    30.0
20230630.0600     0.6431     3.7273      122.8    30.0
20230630.0700     0.6357     3.7335      123.3    30.0
20230630.0800     0.6227     3.7448      124.0    30.0
20230630.0900     0.6113     3.7379      124.8    30.0
20230630.1000     0.6043     3.7214      125.5    30.0
20230630.1100     0.5946     3.7125      126.4    30.0
20230630.1200     0.5835     3.7017      127.1    30.0
20230630.1300     0.5752     3.6823      127.7    30.0
20230630.1400     0.5706     3.6591      128.0    30.0
20230630.1500     0.5727     3.6306      128.1    30.0
20230630.1600     0.5788     3.6090      128.5    30.0
20230630.1700     0.5873     3.5953      128.6    30.0
20230630.1800     0.5891     3.6018      128.8    30.0
20230630.1900     0.5799     3.6240      129.0    30.0
20230630.2000     0.5700     3.6352      128.8    30.0
20230630.2100     0.5698     3.6175      128.0    30.0
20230630.2200     0.5910     3.5751      125.3    30.0
20230630.2300     0.6320     3.6351      124.0    30.0
