TPAR
20230501.0000     0.1839     2.9389       73.9    30.0
20230501.0100     0.1829     2.9771       76.0    30.0
20230501.0200     0.1825     3.0089       78.0    30.0
20230501.0300     0.1861     2.9808       79.3    30.0
20230501.0400     0.2028     2.8239       73.2    30.0
20230501.0500     0.2095     2.7958       70.9    30.0
20230501.0600     0.2097     2.8151       70.8    30.0
20230501.0700     0.2099     2.8352       71.9    30.0
20230501.0800     0.2129     2.8269       82.4    30.0
20230501.0900     0.2120     2.8518       90.8    30.0
20230501.1000     0.2143     2.8558      189.5    30.0
20230501.1100     0.2182     2.8349      187.8    30.0
20230501.1200     0.2189     2.8296      183.8    30.0
20230501.1300     0.2230     2.8080      175.7    30.0
20230501.1400     0.2228     2.8084      172.2    30.0
20230501.1500     0.2188     2.8489      170.9    30.0
20230501.1600     0.2148     2.8867      170.0    30.0
20230501.1700     0.2116     2.9186      169.2    30.0
20230501.1800     0.2093     2.9384      168.7    30.0
20230501.1900     0.2066     2.9610      168.3    30.0
20230501.2000     0.2049     2.9715      167.7    30.0
20230501.2100     0.2029     2.9808      167.0    30.0
20230501.2200     0.1988     2.9554      138.3    30.0
20230501.2300     0.1975     2.9522      137.0    30.0
20230502.0000     0.1948     2.9667      136.4    30.0
20230502.0100     0.1930     2.9689      136.1    30.0
20230502.0200     0.1953     2.9197      132.4    30.0
20230502.0300     0.1930     2.9265      132.1    30.0
20230502.0400     0.1904     2.9382      132.3    30.0
20230502.0500     0.1876     2.9515      132.8    30.0
20230502.0600     0.1908     2.8955      133.5    30.0
20230502.0700     0.2023     2.7842      136.0    30.0
20230502.0800     0.2175     2.7104      130.5    30.0
20230502.0900     0.2232     2.7013      124.1    30.0
20230502.1000     0.2095     2.7568      121.5    30.0
20230502.1100     0.2116     2.7702      120.7    30.0
20230502.1200     0.2233     2.7347      117.0    30.0
20230502.1300     0.2368     2.7066      114.4    30.0
20230502.1400     0.2442     2.7078      113.3    30.0
20230502.1500     0.2545     2.7032      111.2    30.0
20230502.1600     0.2643     2.7086      108.7    30.0
20230502.1700     0.2642     2.7490      107.4    30.0
20230502.1800     0.2632     2.7791      107.1    30.0
20230502.1900     0.2643     2.7858      106.8    30.0
20230502.2000     0.2639     2.7976      106.3    30.0
20230502.2100     0.2628     2.8107      105.7    30.0
20230502.2200     0.2531     2.8334      105.3    30.0
20230502.2300     0.2600     2.8001      104.3    30.0
20230503.0000     0.2706     2.7662      102.6    30.0
20230503.0100     0.2796     2.7489      101.5    30.0
20230503.0200     0.2911     2.7370      100.9    30.0
20230503.0300     0.2968     2.7534      101.2    30.0
20230503.0400     0.2920     2.8007      101.9    30.0
20230503.0500     0.2878     2.8333      102.7    30.0
20230503.0600     0.2890     2.8403      103.4    30.0
20230503.0700     0.2926     2.8447      104.9    30.0
20230503.0800     0.2985     2.8467      108.7    30.0
20230503.0900     0.3049     2.8529      112.6    30.0
20230503.1000     0.3009     2.8899      115.3    30.0
20230503.1100     0.3025     2.9183      116.8    30.0
20230503.1200     0.3005     2.9682      117.3    30.0
20230503.1300     0.2992     3.0153      117.6    30.0
20230503.1400     0.2992     3.0565      117.9    30.0
20230503.1500     0.2999     3.0985      117.8    30.0
20230503.1600     0.2975     3.1656      117.9    30.0
20230503.1700     0.2952     3.2386      118.1    30.0
20230503.1800     0.2935     3.3089      118.3    30.0
20230503.1900     0.2924     3.3757      118.5    30.0
20230503.2000     0.2920     3.4398      118.6    30.0
20230503.2100     0.2926     3.4966      118.7    30.0
20230503.2200     0.2940     3.5230      118.7    30.0
20230503.2300     0.3007     3.5431      118.7    30.0
20230504.0000     0.3059     3.5594      118.8    30.0
20230504.0100     0.3094     3.5925      119.4    30.0
20230504.0200     0.3131     3.6284      119.9    30.0
20230504.0300     0.3171     3.6585      120.4    30.0
20230504.0400     0.3207     3.6929      120.8    30.0
20230504.0500     0.3236     3.7356      121.2    30.0
20230504.0600     0.3259     3.7805      121.5    30.0
20230504.0700     0.3277     3.8298      121.7    30.0
20230504.0800     0.3325     3.8355      122.6    30.0
20230504.0900     0.3349     3.8670      123.0    30.0
20230504.1000     0.3253     4.0292      122.6    30.0
20230504.1100     0.3268     4.0685      122.4    30.0
20230504.1200     0.3281     4.1095      122.2    30.0
20230504.1300     0.3315     4.1122      122.0    30.0
20230504.1400     0.3362     4.1010      121.9    30.0
20230504.1500     0.3408     4.0917      122.3    30.0
20230504.1600     0.3449     4.0874      122.7    30.0
20230504.1700     0.3515     4.0491      123.7    30.0
20230504.1800     0.3607     3.9899      125.7    30.0
20230504.1900     0.3686     3.9465      127.6    30.0
20230504.2000     0.3770     3.9007      129.6    30.0
20230504.2100     0.3865     3.8519      131.7    30.0
20230504.2200     0.3855     3.8809      131.7    30.0
20230504.2300     0.3892     3.8735      131.3    30.0
20230505.0000     0.3947     3.8482      130.5    30.0
20230505.0100     0.3997     3.8252      129.7    30.0
20230505.0200     0.3997     3.8376      128.8    30.0
20230505.0300     0.3981     3.8594      128.0    30.0
20230505.0400     0.3953     3.8861      127.1    30.0
20230505.0500     0.3911     3.9229      126.5    30.0
20230505.0600     0.3866     3.9593      126.0    30.0
20230505.0700     0.3828     3.9883      125.6    30.0
20230505.0800     0.3797     4.0087      125.2    30.0
20230505.0900     0.3803     3.9845      125.6    30.0
20230505.1000     0.3744     4.0140      125.8    30.0
20230505.1100     0.3750     3.9953      125.9    30.0
20230505.1200     0.3738     3.9952      125.8    30.0
20230505.1300     0.3737     3.9816      125.6    30.0
20230505.1400     0.3717     3.9948      125.4    30.0
20230505.1500     0.3689     4.0148      125.0    30.0
20230505.1600     0.3663     4.0325      124.8    30.0
20230505.1700     0.3646     4.0433      124.6    30.0
20230505.1800     0.3637     4.0447      124.6    30.0
20230505.1900     0.3627     4.0500      124.5    30.0
20230505.2000     0.3608     4.0640      124.2    30.0
20230505.2100     0.3595     4.0704      124.2    30.0
20230505.2200     0.3607     4.0373      126.0    30.0
20230505.2300     0.3597     4.0374      125.8    30.0
20230506.0000     0.3580     4.0493      125.6    30.0
20230506.0100     0.3572     4.0498      125.4    30.0
20230506.0200     0.3581     4.0335      125.3    30.0
20230506.0300     0.3753     3.8798      128.3    30.0
20230506.0400     0.4009     3.7034      132.5    30.0
20230506.0500     0.4055     3.6979      133.6    30.0
20230506.0600     0.4023     3.7324      133.9    30.0
20230506.0700     0.3994     3.7539      134.4    30.0
20230506.0800     0.3941     3.7848      134.1    30.0
20230506.0900     0.3937     3.7743      134.4    30.0
20230506.1000     0.3889     3.7905      134.2    30.0
20230506.1100     0.3962     3.7220      135.3    30.0
20230506.1200     0.4026     3.6768      135.8    30.0
20230506.1300     0.4080     3.6417      135.6    30.0
20230506.1400     0.4172     3.5884      134.9    30.0
20230506.1500     0.4178     3.5864      133.9    30.0
20230506.1600     0.4114     3.6222      132.8    30.0
20230506.1700     0.4036     3.6615      131.9    30.0
20230506.1800     0.3958     3.6998      131.1    30.0
20230506.1900     0.3888     3.7301      130.3    30.0
20230506.2000     0.3838     3.7469      129.8    30.0
20230506.2100     0.3814     3.7400      129.4    30.0
20230506.2200     0.3730     3.7757      128.4    30.0
20230506.2300     0.3711     3.7686      127.9    30.0
20230507.0000     0.3706     3.7525      127.4    30.0
20230507.0100     0.3702     3.7347      127.0    30.0
20230507.0200     0.3738     3.6906      127.0    30.0
20230507.0300     0.3751     3.6725      126.8    30.0
20230507.0400     0.3755     3.6628      126.6    30.0
20230507.0500     0.3752     3.6594      126.4    30.0
20230507.0600     0.3725     3.6782      125.9    30.0
20230507.0700     0.3688     3.7059      125.3    30.0
20230507.0800     0.3683     3.6994      125.4    30.0
20230507.0900     0.3682     3.6884      125.6    30.0
20230507.1000     0.3607     3.7273      125.1    30.0
20230507.1100     0.3641     3.6764      126.1    30.0
20230507.1200     0.3644     3.6643      126.8    30.0
20230507.1300     0.3631     3.6627      126.7    30.0
20230507.1400     0.3622     3.6593      126.5    30.0
20230507.1500     0.3627     3.6465      126.6    30.0
20230507.1600     0.3655     3.6192      127.2    30.0
20230507.1700     0.3659     3.6148      127.1    30.0
20230507.1800     0.3647     3.6211      126.6    30.0
20230507.1900     0.3660     3.6065      125.5    30.0
20230507.2000     0.3713     3.5670      123.6    30.0
20230507.2100     0.3807     3.5107      121.9    30.0
20230507.2200     0.3936     3.4390      121.0    30.0
20230507.2300     0.4011     3.4156      120.9    30.0
20230508.0000     0.3974     3.4438      121.0    30.0
20230508.0100     0.3954     3.4507      121.8    30.0
20230508.0200     0.3909     3.4749      122.1    30.0
20230508.0300     0.3837     3.5183      122.3    30.0
20230508.0400     0.3780     3.5572      122.8    30.0
20230508.0500     0.3737     3.5932      123.7    30.0
20230508.0600     0.3700     3.6363      124.9    30.0
20230508.0700     0.3676     3.6868      126.8    30.0
20230508.0800     0.3673     3.7363      129.3    30.0
20230508.0900     0.3688     3.7831      132.5    30.0
20230508.1000     0.3664     3.8553      135.8    30.0
20230508.1100     0.3739     3.8686      140.1    30.0
20230508.1200     0.3859     3.8543      143.7    30.0
20230508.1300     0.3991     3.8356      147.0    30.0
20230508.1400     0.4146     3.8062      150.1    30.0
20230508.1500     0.4280     3.7963      152.7    30.0
20230508.1600     0.4369     3.8110      154.7    30.0
20230508.1700     0.4422     3.8375      156.6    30.0
20230508.1800     0.4437     3.8738      158.3    30.0
20230508.1900     0.4435     3.9073      159.8    30.0
20230508.2000     0.4426     3.9320      161.1    30.0
20230508.2100     0.4410     3.9522      161.8    30.0
20230508.2200     0.4361     3.9750      161.4    30.0
20230508.2300     0.4324     3.9915      161.0    30.0
20230509.0000     0.4290     3.9995      160.2    30.0
20230509.0100     0.4263     3.9908      159.0    30.0
20230509.0200     0.4234     3.9764      157.9    30.0
20230509.0300     0.4203     3.9613      157.3    30.0
20230509.0400     0.4171     3.9403      157.2    30.0
20230509.0500     0.4167     3.8918      158.8    30.0
20230509.0600     0.4140     3.8672      159.7    30.0
20230509.0700     0.4074     3.8683      158.5    30.0
20230509.0800     0.4018     3.8633      157.0    30.0
20230509.0900     0.3969     3.8521      154.8    30.0
20230509.1000     0.3878     3.8693      152.3    30.0
20230509.1100     0.4032     3.7145      147.6    30.0
20230509.1200     0.4383     3.5085      139.3    30.0
20230509.1300     0.5010     3.3443      130.1    30.0
20230509.1400     0.5864     3.2943      123.1    30.0
20230509.1500     0.6963     3.3490      117.2    30.0
20230509.1600     0.7742     3.4692      112.9    30.0
20230509.1700     0.8102     3.5942      110.3    30.0
20230509.1800     0.8261     3.7087      109.0    30.0
20230509.1900     0.8218     3.8150      108.0    30.0
20230509.2000     0.7999     3.9126      107.4    30.0
20230509.2100     0.7834     3.9770      106.7    30.0
20230509.2200     0.7668     4.0327      106.4    30.0
20230509.2300     0.7601     4.0628      106.0    30.0
20230510.0000     0.7652     4.0609      105.5    30.0
20230510.0100     0.7900     4.0334      105.1    30.0
20230510.0200     0.8227     4.0234      104.9    30.0
20230510.0300     0.8493     4.0431      104.8    30.0
20230510.0400     0.8687     4.0798      105.0    30.0
20230510.0500     0.8722     4.1330      105.5    30.0
20230510.0600     0.8654     4.1862      106.1    30.0
20230510.0700     0.8520     4.2347      106.8    30.0
20230510.0800     0.8379     4.2671      107.5    30.0
20230510.0900     0.8197     4.2976      108.2    30.0
20230510.1000     0.7985     4.3221      109.0    30.0
20230510.1100     0.7781     4.3371      109.9    30.0
20230510.1200     0.7574     4.3484      111.0    30.0
20230510.1300     0.7377     4.3534      112.1    30.0
20230510.1400     0.7208     4.3434      113.3    30.0
20230510.1500     0.7089     4.3106      114.3    30.0
20230510.1600     0.7013     4.2648      115.0    30.0
20230510.1700     0.6881     4.2514      115.9    30.0
20230510.1800     0.6706     4.2606      116.9    30.0
20230510.1900     0.6580     4.2464      117.4    30.0
20230510.2000     0.6616     4.1683      116.7    30.0
20230510.2100     0.6699     4.0949      115.8    30.0
20230510.2200     0.6784     4.0365      115.2    30.0
20230510.2300     0.7154     4.0384      114.7    30.0
20230511.0000     0.7351     4.0125      114.3    30.0
20230511.0100     0.7387     4.0373      114.2    30.0
20230511.0200     0.7357     4.0733      114.4    30.0
20230511.0300     0.7367     4.0912      114.6    30.0
20230511.0400     0.7373     4.1086      114.8    30.0
20230511.0500     0.7365     4.1271      115.1    30.0
20230511.0600     0.7354     4.1414      115.4    30.0
20230511.0700     0.7321     4.1585      115.7    30.0
20230511.0800     0.7281     4.1732      116.2    30.0
20230511.0900     0.7229     4.1858      116.7    30.0
20230511.1000     0.7286     4.1572      117.6    30.0
20230511.1100     0.7446     4.1119      118.3    30.0
20230511.1200     0.7794     4.0541      118.7    30.0
20230511.1300     0.8264     4.0257      119.0    30.0
20230511.1400     0.8742     4.0427      119.2    30.0
20230511.1500     0.9080     4.0932      119.4    30.0
20230511.1600     0.9328     4.1509      119.6    30.0
20230511.1700     0.9531     4.2078      119.9    30.0
20230511.1800     0.9677     4.2629      120.0    30.0
20230511.1900     0.9869     4.3054      119.8    30.0
20230511.2000     1.0032     4.3444      119.2    30.0
20230511.2100     1.0092     4.3841      118.7    30.0
20230511.2200     0.9946     4.4325      118.3    30.0
20230511.2300     0.9926     4.4415      117.7    30.0
20230512.0000     0.9960     4.4358      116.8    30.0
20230512.0100     0.9975     4.4315      115.8    30.0
20230512.0200     0.9983     4.4273      115.0    30.0
20230512.0300     1.0026     4.4187      114.1    30.0
20230512.0400     1.0114     4.4084      113.4    30.0
20230512.0500     1.0137     4.4109      113.2    30.0
20230512.0600     1.0044     4.4254      113.5    30.0
20230512.0700     0.9897     4.4404      114.1    30.0
20230512.0800     0.9773     4.4442      114.9    30.0
20230512.0900     0.9705     4.4373      115.9    30.0
20230512.1000     0.9586     4.4423      116.7    30.0
20230512.1100     0.9929     4.4919      117.8    30.0
20230512.1200     0.9990     4.4930      118.7    30.0
20230512.1300     0.9946     4.5203      119.2    30.0
20230512.1400     0.9921     4.5440      119.4    30.0
20230512.1500     0.9908     4.5676      119.6    30.0
20230512.1600     0.9822     4.6109      119.7    30.0
20230512.1700     0.9726     4.6544      119.9    30.0
20230512.1800     0.9641     4.6930      120.2    30.0
20230512.1900     0.9555     4.7279      120.4    30.0
20230512.2000     0.9427     4.7707      120.5    30.0
20230512.2100     0.9281     4.8130      120.6    30.0
20230512.2200     0.9173     4.8286      120.9    30.0
20230512.2300     0.9133     4.8117      121.1    30.0
20230513.0000     0.9075     4.8001      121.2    30.0
20230513.0100     0.8974     4.8015      121.3    30.0
20230513.0200     0.8816     4.8224      121.4    30.0
20230513.0300     0.8680     4.8277      121.4    30.0
20230513.0400     0.8599     4.8034      121.3    30.0
20230513.0500     0.8510     4.7820      121.3    30.0
20230513.0600     0.8409     4.7644      121.2    30.0
20230513.0700     0.8327     4.7353      121.1    30.0
20230513.0800     0.8274     4.6952      121.0    30.0
20230513.0900     0.8242     4.6526      120.9    30.0
20230513.1000     0.8105     4.6563      120.8    30.0
20230513.1100     0.8003     4.6398      120.6    30.0
20230513.1200     0.7988     4.5888      120.4    30.0
20230513.1300     0.8042     4.5216      120.2    30.0
20230513.1400     0.8167     4.4459      120.2    30.0
20230513.1500     0.8300     4.3886      120.3    30.0
20230513.1600     0.8284     4.3866      120.1    30.0
20230513.1700     0.8161     4.4128      119.7    30.0
20230513.1800     0.7978     4.4567      119.5    30.0
20230513.1900     0.7772     4.5087      119.4    30.0
20230513.2000     0.7648     4.5262      119.5    30.0
20230513.2100     0.7611     4.5108      119.8    30.0
20230513.2200     0.7492     4.5353      119.7    30.0
20230513.2300     0.8076     4.6764      119.9    30.0
20230514.0000     0.8105     4.6857      120.1    30.0
20230514.0100     0.8104     4.7166      120.3    30.0
20230514.0200     0.8068     4.7675      120.3    30.0
20230514.0300     0.8032     4.8146      120.2    30.0
20230514.0400     0.8050     4.8300      120.0    30.0
20230514.0500     0.8055     4.8472      119.7    30.0
20230514.0600     0.8057     4.8587      119.6    30.0
20230514.0700     0.8039     4.8711      119.4    30.0
20230514.0800     0.8014     4.8766      119.2    30.0
20230514.0900     0.7994     4.8694      118.9    30.0
20230514.1000     0.7901     4.8884      118.9    30.0
20230514.1100     0.7843     4.8807      119.0    30.0
20230514.1200     0.7806     4.8548      119.2    30.0
20230514.1300     0.7807     4.8030      119.6    30.0
20230514.1400     0.7886     4.7150      120.5    30.0
20230514.1500     0.8013     4.6148      121.6    30.0
20230514.1600     0.8158     4.5242      122.9    30.0
20230514.1700     0.8257     4.4614      123.9    30.0
20230514.1800     0.8385     4.3989      124.8    30.0
20230514.1900     0.8547     4.3411      125.5    30.0
20230514.2000     0.8710     4.2980      125.5    30.0
20230514.2100     0.8816     4.2756      125.1    30.0
20230514.2200     0.8840     4.2657      123.9    30.0
20230514.2300     0.8852     4.2564      122.9    30.0
20230515.0000     0.8818     4.2516      122.1    30.0
20230515.0100     0.8722     4.2512      121.7    30.0
20230515.0200     0.8606     4.2473      121.3    30.0
20230515.0300     0.8435     4.2482      120.9    30.0
20230515.0400     0.8241     4.2473      120.4    30.0
20230515.0500     0.8070     4.2328      119.6    30.0
20230515.0600     0.7939     4.2054      118.5    30.0
20230515.0700     0.7850     4.1692      117.5    30.0
20230515.0800     0.7740     4.1448      116.9    30.0
20230515.0900     0.7601     4.1300      116.7    30.0
20230515.1000     0.7480     4.1080      116.3    30.0
20230515.1100     0.8158     4.3011      116.4    30.0
20230515.1200     0.7955     4.2909      117.1    30.0
20230515.1300     0.7789     4.2647      117.8    30.0
20230515.1400     0.7662     4.2268      118.2    30.0
20230515.1500     0.7517     4.1971      118.5    30.0
20230515.1600     0.7355     4.1735      119.0    30.0
20230515.1700     0.7171     4.1580      119.8    30.0
20230515.1800     0.6985     4.1420      120.9    30.0
20230515.1900     0.6817     4.1209      122.0    30.0
20230515.2000     0.6680     4.0896      122.8    30.0
20230515.2100     0.6605     4.0410      123.4    30.0
20230515.2200     0.6379     4.0525      123.0    30.0
20230515.2300     0.6259     4.0209      122.4    30.0
20230516.0000     0.6172     3.9835      121.5    30.0
20230516.0100     0.6072     3.9592      120.7    30.0
20230516.0200     0.5950     3.9471      120.1    30.0
20230516.0300     0.5829     3.9394      119.6    30.0
20230516.0400     0.5698     3.9382      119.3    30.0
20230516.0500     0.5580     3.9324      119.1    30.0
20230516.0600     0.5495     3.9129      118.8    30.0
20230516.0700     0.5438     3.8834      118.7    30.0
20230516.0800     0.5396     3.8536      118.7    30.0
20230516.0900     0.5343     3.8335      119.0    30.0
20230516.1000     0.5195     3.8624      118.9    30.0
20230516.1100     0.5098     3.8655      119.0    30.0
20230516.1200     0.5040     3.8459      119.5    30.0
20230516.1300     0.5004     3.8185      119.9    30.0
20230516.1400     0.4977     3.7919      120.3    30.0
20230516.1500     0.4941     3.7759      120.6    30.0
20230516.1600     0.4911     3.7559      120.7    30.0
20230516.1700     0.4910     3.7267      120.7    30.0
20230516.1800     0.4895     3.7086      120.4    30.0
20230516.1900     0.4862     3.7009      119.9    30.0
20230516.2000     0.4842     3.6845      119.1    30.0
20230516.2100     0.4900     3.6350      118.1    30.0
20230516.2200     0.4890     3.6206      117.6    30.0
20230516.2300     0.5252     3.6890      117.2    30.0
20230517.0000     0.5444     3.6373      116.6    30.0
20230517.0100     0.5654     3.6029      115.9    30.0
20230517.0200     0.5867     3.5848      115.0    30.0
20230517.0300     0.6061     3.5815      114.3    30.0
20230517.0400     0.6236     3.5899      113.8    30.0
20230517.0500     0.6309     3.6157      113.5    30.0
20230517.0600     0.6275     3.6504      113.4    30.0
20230517.0700     0.6246     3.6690      113.8    30.0
20230517.0800     0.6234     3.6760      114.3    30.0
20230517.0900     0.6221     3.6792      114.9    30.0
20230517.1000     0.6118     3.6945      115.1    30.0
20230517.1100     0.6050     3.6970      115.7    30.0
20230517.1200     0.5956     3.7040      116.2    30.0
20230517.1300     0.5872     3.7017      116.2    30.0
20230517.1400     0.5921     3.6629      116.0    30.0
20230517.1500     0.5989     3.6349      115.9    30.0
20230517.1600     0.5990     3.6305      115.9    30.0
20230517.1700     0.5937     3.6375      116.0    30.0
20230517.1800     0.5827     3.6545      116.5    30.0
20230517.1900     0.5680     3.6766      117.0    30.0
20230517.2000     0.5567     3.6805      117.4    30.0
20230517.2100     0.5510     3.6636      117.5    30.0
20230517.2200     0.5412     3.6597      117.6    30.0
20230517.2300     0.5396     3.6319      117.6    30.0
20230518.0000     0.5388     3.6105      117.6    30.0
20230518.0100     0.5411     3.5855      117.7    30.0
20230518.0200     0.5492     3.5570      117.5    30.0
20230518.0300     0.5468     3.5690      117.3    30.0
20230518.0400     0.5355     3.6056      117.1    30.0
20230518.0500     0.5202     3.6542      117.0    30.0
20230518.0600     0.5037     3.7092      117.0    30.0
20230518.0700     0.4898     3.7479      117.1    30.0
20230518.0800     0.4797     3.7633      117.4    30.0
20230518.0900     0.4746     3.7482      117.9    30.0
20230518.1000     0.4618     3.7814      118.2    30.0
20230518.1100     0.5006     3.9126      119.5    30.0
20230518.1200     0.4993     3.8351      121.3    30.0
20230518.1300     0.5061     3.7319      123.4    30.0
20230518.1400     0.5171     3.6398      125.2    30.0
20230518.1500     0.5297     3.5760      126.4    30.0
20230518.1600     0.5320     3.5659      126.8    30.0
20230518.1700     0.5249     3.5853      126.7    30.0
20230518.1800     0.5162     3.6044      126.3    30.0
20230518.1900     0.5038     3.6361      125.6    30.0
20230518.2000     0.4909     3.6694      124.8    30.0
20230518.2100     0.4794     3.6917      123.8    30.0
20230518.2200     0.4675     3.7093      122.8    30.0
20230518.2300     0.4595     3.7108      122.0    30.0
20230519.0000     0.4497     3.7294      121.6    30.0
20230519.0100     0.4410     3.7417      121.2    30.0
20230519.0200     0.4356     3.7335      120.6    30.0
20230519.0300     0.4328     3.7106      119.9    30.0
20230519.0400     0.4328     3.6739      119.2    30.0
20230519.0500     0.4363     3.6222      118.7    30.0
20230519.0600     0.4390     3.5867      118.8    30.0
20230519.0700     0.4387     3.5729      119.7    30.0
20230519.0800     0.4424     3.5403      120.6    30.0
20230519.0900     0.4572     3.4749      121.4    30.0
20230519.1000     0.4450     3.5415      121.2    30.0
20230519.1100     0.4459     3.5342      121.1    30.0
20230519.1200     0.4509     3.5149      120.9    30.0
20230519.1300     0.4560     3.5030      120.7    30.0
20230519.1400     0.4657     3.4740      120.1    30.0
20230519.1500     0.4761     3.4541      119.3    30.0
20230519.1600     0.4847     3.4487      118.4    30.0
20230519.1700     0.5016     3.4223      117.0    30.0
20230519.1800     0.5215     3.4076      115.6    30.0
20230519.1900     0.5267     3.4370      114.7    30.0
20230519.2000     0.5160     3.5028      114.5    30.0
20230519.2100     0.5029     3.5602      114.5    30.0
20230519.2200     0.4979     3.5632      113.6    30.0
20230519.2300     0.6083     3.9716      113.2    30.0
20230520.0000     0.5976     3.9324      113.2    30.0
20230520.0100     0.6008     3.8510      112.8    30.0
20230520.0200     0.6155     3.7646      112.2    30.0
20230520.0300     0.6298     3.7115      111.5    30.0
20230520.0400     0.6316     3.7016      111.3    30.0
20230520.0500     0.6198     3.7201      111.5    30.0
20230520.0600     0.6055     3.7370      112.1    30.0
20230520.0700     0.5969     3.7321      112.9    30.0
20230520.0800     0.5955     3.7131      113.8    30.0
20230520.0900     0.5996     3.6927      114.8    30.0
20230520.1000     0.5950     3.7041      115.5    30.0
20230520.1100     0.6019     3.6876      116.4    30.0
20230520.1200     0.6130     3.6737      117.2    30.0
20230520.1300     0.6236     3.6720      117.5    30.0
20230520.1400     0.6359     3.6745      117.5    30.0
20230520.1500     0.6441     3.6899      117.1    30.0
20230520.1600     0.6472     3.7153      116.5    30.0
20230520.1700     0.6420     3.7552      116.3    30.0
20230520.1800     0.6342     3.7900      116.1    30.0
20230520.1900     0.6230     3.8263      116.0    30.0
20230520.2000     0.6074     3.8714      116.1    30.0
20230520.2100     0.5965     3.8875      116.1    30.0
20230520.2200     0.6044     3.8266      115.3    30.0
20230520.2300     0.6211     3.7648      114.4    30.0
20230521.0000     0.6374     3.7256      113.3    30.0
20230521.0100     0.6637     3.6934      112.3    30.0
20230521.0200     0.6898     3.6940      111.9    30.0
20230521.0300     0.7085     3.7193      111.9    30.0
20230521.0400     0.7194     3.7542      111.9    30.0
20230521.0500     0.7221     3.7910      112.3    30.0
20230521.0600     0.7226     3.8189      112.9    30.0
20230521.0700     0.7191     3.8439      113.5    30.0
20230521.0800     0.7160     3.8604      114.1    30.0
20230521.0900     0.7125     3.8744      114.7    30.0
20230521.1000     0.7045     3.8964      114.9    30.0
20230521.1100     0.7218     4.0124      115.5    30.0
20230521.1200     0.7066     4.0306      116.2    30.0
20230521.1300     0.6965     4.0308      116.9    30.0
20230521.1400     0.6942     4.0091      117.8    30.0
20230521.1500     0.7027     3.9677      118.7    30.0
20230521.1600     0.7139     3.9383      119.6    30.0
20230521.1700     0.7197     3.9344      120.1    30.0
20230521.1800     0.7207     3.9443      120.1    30.0
20230521.1900     0.7204     3.9550      120.1    30.0
20230521.2000     0.7244     3.9557      120.0    30.0
20230521.2100     0.7337     3.9494      119.9    30.0
20230521.2200     0.7298     3.9659      119.4    30.0
20230521.2300     0.7285     3.9752      118.7    30.0
20230522.0000     0.7312     3.9739      118.1    30.0
20230522.0100     0.7346     3.9735      117.7    30.0
20230522.0200     0.7468     3.9597      117.1    30.0
20230522.0300     0.7746     3.9380      116.4    30.0
20230522.0400     0.8097     3.9370      115.9    30.0
20230522.0500     0.8475     3.9601      115.9    30.0
20230522.0600     0.8856     4.0004      116.0    30.0
20230522.0700     0.9242     4.0508      116.4    30.0
20230522.0800     0.9461     4.1105      116.9    30.0
20230522.0900     0.9504     4.1655      117.1    30.0
20230522.1000     0.9094     4.2521      117.3    30.0
20230522.1100     0.8877     4.2852      117.6    30.0
20230522.1200     0.8750     4.2826      118.1    30.0
20230522.1300     0.8611     4.2812      118.4    30.0
20230522.1400     0.8428     4.2899      118.4    30.0
20230522.1500     0.8207     4.3063      118.3    30.0
20230522.1600     0.8010     4.3118      118.2    30.0
20230522.1700     0.7864     4.3001      118.1    30.0
20230522.1800     0.7764     4.2761      118.0    30.0
20230522.1900     0.7660     4.2580      117.7    30.0
20230522.2000     0.7530     4.2510      117.4    30.0
20230522.2100     0.7405     4.2435      117.3    30.0
20230522.2200     0.7305     4.2217      117.0    30.0
20230522.2300     0.7916     4.4042      116.7    30.0
20230523.0000     0.7717     4.3957      116.4    30.0
20230523.0100     0.7524     4.3864      116.0    30.0
20230523.0200     0.7338     4.3758      115.6    30.0
20230523.0300     0.7184     4.3525      115.3    30.0
20230523.0400     0.7042     4.3281      115.1    30.0
20230523.0500     0.6909     4.3048      115.1    30.0
20230523.0600     0.6758     4.2950      115.2    30.0
20230523.0700     0.6653     4.2677      115.5    30.0
20230523.0800     0.6569     4.2358      115.9    30.0
20230523.0900     0.6499     4.2026      116.5    30.0
20230523.1000     0.6359     4.2040      116.9    30.0
20230523.1100     0.6309     4.1659      117.9    30.0
20230523.1200     0.6447     4.0581      120.2    30.0
20230523.1300     0.6722     3.9468      122.7    30.0
20230523.1400     0.6963     3.8935      124.0    30.0
20230523.1500     0.6988     3.9078      124.1    30.0
20230523.1600     0.6928     3.9331      123.7    30.0
20230523.1700     0.6897     3.9417      123.3    30.0
20230523.1800     0.6877     3.9434      122.7    30.0
20230523.1900     0.6812     3.9552      122.0    30.0
20230523.2000     0.6724     3.9690      121.3    30.0
20230523.2100     0.6664     3.9690      120.5    30.0
20230523.2200     0.6560     3.9783      119.8    30.0
20230523.2300     0.6469     3.9828      119.1    30.0
20230524.0000     0.6372     3.9874      118.6    30.0
20230524.0100     0.6350     3.9626      117.9    30.0
20230524.0200     0.6411     3.9163      116.9    30.0
20230524.0300     0.6477     3.8820      115.7    30.0
20230524.0400     0.6513     3.8644      114.8    30.0
20230524.0500     0.6541     3.8533      114.3    30.0
20230524.0600     0.6587     3.8408      114.2    30.0
20230524.0700     0.6640     3.8299      114.5    30.0
20230524.0800     0.6678     3.8254      115.1    30.0
20230524.0900     0.6697     3.8236      116.1    30.0
20230524.1000     0.6772     3.8067      117.5    30.0
20230524.1100     0.6965     3.7848      118.8    30.0
20230524.1200     0.7122     3.7850      119.6    30.0
20230524.1300     0.7199     3.8053      120.1    30.0
20230524.1400     0.7237     3.8305      120.1    30.0
20230524.1500     0.7235     3.8566      119.8    30.0
20230524.1600     0.7257     3.8721      119.4    30.0
20230524.1700     0.7290     3.8829      118.7    30.0
20230524.1800     0.7260     3.9027      117.9    30.0
20230524.1900     0.7202     3.9186      117.1    30.0
20230524.2000     0.7218     3.9124      116.2    30.0
20230524.2100     0.7272     3.9016      115.7    30.0
20230524.2200     0.7328     3.8911      115.7    30.0
20230524.2300     0.7320     3.8945      116.0    30.0
20230525.0000     0.7236     3.9061      116.3    30.0
20230525.0100     0.7177     3.9070      116.6    30.0
20230525.0200     0.7225     3.8888      117.2    30.0
20230525.0300     0.7305     3.8784      117.8    30.0
20230525.0400     0.7425     3.8744      118.2    30.0
20230525.0500     0.7662     3.8717      118.4    30.0
20230525.0600     0.8007     3.8834      118.1    30.0
20230525.0700     0.8309     3.9207      118.2    30.0
20230525.0800     0.8646     3.9668      118.8    30.0
20230525.0900     0.9056     4.0206      119.7    30.0
20230525.1000     0.9260     4.0903      119.9    30.0
20230525.1100     0.9673     4.1860      120.5    30.0
20230525.1200     0.9766     4.2461      120.7    30.0
20230525.1300     0.9725     4.2999      120.2    30.0
20230525.1400     0.9794     4.3204      119.3    30.0
20230525.1500     0.9936     4.3274      118.1    30.0
20230525.1600     0.9919     4.3473      117.2    30.0
20230525.1700     0.9769     4.3695      116.6    30.0
20230525.1800     0.9561     4.3862      116.3    30.0
20230525.1900     0.9273     4.4089      116.2    30.0
20230525.2000     0.9012     4.4180      116.2    30.0
20230525.2100     0.8834     4.4047      116.2    30.0
20230525.2200     0.8772     4.3647      115.4    30.0
20230525.2300     0.9074     4.3743      114.8    30.0
20230526.0000     0.9112     4.3390      114.6    30.0
20230526.0100     0.9196     4.3108      114.3    30.0
20230526.0200     0.9367     4.2861      114.0    30.0
20230526.0300     0.9531     4.2807      113.8    30.0
20230526.0400     0.9642     4.2927      113.7    30.0
20230526.0500     0.9689     4.3154      113.8    30.0
20230526.0600     0.9704     4.3388      114.1    30.0
20230526.0700     0.9679     4.3613      114.5    30.0
20230526.0800     0.9651     4.3756      114.8    30.0
20230526.0900     0.9649     4.3787      115.5    30.0
20230526.1000     0.9570     4.3900      115.4    30.0
20230526.1100     0.9491     4.3956      115.4    30.0
20230526.1200     0.9444     4.3932      115.5    30.0
20230526.1300     0.9376     4.3930      115.6    30.0
20230526.1400     0.9328     4.3860      115.8    30.0
20230526.1500     0.9387     4.3607      115.8    30.0
20230526.1600     0.9457     4.3400      115.4    30.0
20230526.1700     0.9444     4.3336      115.0    30.0
20230526.1800     0.9361     4.3324      114.5    30.0
20230526.1900     0.9216     4.3341      114.3    30.0
20230526.2000     0.9046     4.3320      114.3    30.0
20230526.2100     0.8886     4.3222      114.5    30.0
20230526.2200     0.8740     4.3036      114.2    30.0
20230526.2300     0.9696     4.5040      114.2    30.0
20230527.0000     0.9592     4.5036      114.8    30.0
20230527.0100     0.9550     4.4925      115.2    30.0
20230527.0200     0.9410     4.5097      115.1    30.0
20230527.0300     0.9216     4.5429      115.1    30.0
20230527.0400     0.9056     4.5689      115.3    30.0
20230527.0500     0.8933     4.5914      115.8    30.0
20230527.0600     0.8851     4.6068      116.3    30.0
20230527.0700     0.8833     4.6090      117.0    30.0
20230527.0800     0.8883     4.5994      117.6    30.0
20230527.0900     0.9014     4.5776      118.3    30.0
20230527.1000     0.9113     4.5768      118.5    30.0
20230527.1100     0.9209     4.5830      118.8    30.0
20230527.1200     0.9371     4.5752      119.1    30.0
20230527.1300     0.9561     4.5681      119.2    30.0
20230527.1400     0.9654     4.5852      119.0    30.0
20230527.1500     0.9555     4.6407      118.7    30.0
20230527.1600     0.9349     4.7123      118.4    30.0
20230527.1700     0.9200     4.7477      118.1    30.0
20230527.1800     0.9149     4.7386      118.1    30.0
20230527.1900     0.9199     4.6928      118.3    30.0
20230527.2000     0.9238     4.6548      118.4    30.0
20230527.2100     0.9150     4.6513      118.2    30.0
20230527.2200     0.8943     4.6722      117.4    30.0
20230527.2300     0.8825     4.6536      116.6    30.0
20230528.0000     0.8808     4.5987      115.8    30.0
20230528.0100     0.8814     4.5439      115.2    30.0
20230528.0200     0.8786     4.5075      114.8    30.0
20230528.0300     0.8750     4.4782      114.7    30.0
20230528.0400     0.8723     4.4529      115.2    30.0
20230528.0500     0.8652     4.4423      115.7    30.0
20230528.0600     0.8535     4.4457      116.2    30.0
20230528.0700     0.8399     4.4523      116.4    30.0
20230528.0800     0.8303     4.4467      116.6    30.0
20230528.0900     0.8288     4.4182      117.0    30.0
20230528.1000     0.8407     4.3616      117.9    30.0
20230528.1100     0.8983     4.4059      118.9    30.0
20230528.1200     0.9090     4.4080      119.6    30.0
20230528.1300     0.9114     4.4334      120.0    30.0
20230528.1400     0.9148     4.4544      120.3    30.0
20230528.1500     0.9132     4.4851      120.5    30.0
20230528.1600     0.9050     4.5262      120.4    30.0
20230528.1700     0.8910     4.5757      120.1    30.0
20230528.1800     0.8794     4.6056      120.0    30.0
20230528.1900     0.8690     4.6223      119.9    30.0
20230528.2000     0.8600     4.6257      119.9    30.0
20230528.2100     0.8527     4.6158      119.9    30.0
20230528.2200     0.8422     4.6105      119.3    30.0
20230528.2300     0.8373     4.5805      118.8    30.0
20230529.0000     0.8348     4.5387      118.3    30.0
20230529.0100     0.8275     4.5142      117.9    30.0
20230529.0200     0.8154     4.5040      117.6    30.0
20230529.0300     0.8073     4.4747      117.4    30.0
20230529.0400     0.8085     4.4181      117.2    30.0
20230529.0500     0.8139     4.3614      117.2    30.0
20230529.0600     0.8180     4.3210      117.3    30.0
20230529.0700     0.8213     4.2925      117.4    30.0
20230529.0800     0.8225     4.2763      117.6    30.0
20230529.0900     0.8238     4.2619      118.2    30.0
20230529.1000     0.8224     4.2551      118.2    30.0
20230529.1100     0.8231     4.2457      118.5    30.0
20230529.1200     0.8196     4.2482      118.8    30.0
20230529.1300     0.8134     4.2583      119.0    30.0
20230529.1400     0.8010     4.2845      119.0    30.0
20230529.1500     0.7873     4.3126      118.9    30.0
20230529.1600     0.7774     4.3261      118.7    30.0
20230529.1700     0.7743     4.3179      118.4    30.0
20230529.1800     0.7790     4.2910      117.9    30.0
20230529.1900     0.7875     4.2642      117.3    30.0
20230529.2000     0.7993     4.2392      116.8    30.0
20230529.2100     0.8097     4.2247      116.2    30.0
20230529.2200     0.8222     4.2084      115.6    30.0
20230529.2300     0.8471     4.2163      115.3    30.0
20230530.0000     0.8518     4.2238      114.9    30.0
20230530.0100     0.8474     4.2400      114.1    30.0
20230530.0200     0.8367     4.2571      113.1    30.0
20230530.0300     0.8251     4.2672      112.4    30.0
20230530.0400     0.8093     4.2846      112.1    30.0
20230530.0500     0.7949     4.2946      112.2    30.0
20230530.0600     0.7862     4.2858      112.6    30.0
20230530.0700     0.7860     4.2541      113.6    30.0
20230530.0800     0.7957     4.2072      115.1    30.0
20230530.0900     0.8113     4.1648      116.8    30.0
20230530.1000     0.8038     4.1846      117.8    30.0
20230530.1100     0.8042     4.1827      119.3    30.0
20230530.1200     0.8061     4.1819      120.7    30.0
20230530.1300     0.8063     4.1888      121.6    30.0
20230530.1400     0.8096     4.1895      122.4    30.0
20230530.1500     0.8112     4.1960      122.7    30.0
20230530.1600     0.8001     4.2330      122.6    30.0
20230530.1700     0.7812     4.2850      122.3    30.0
20230530.1800     0.7616     4.3338      122.0    30.0
20230530.1900     0.7501     4.3445      121.9    30.0
20230530.2000     0.7502     4.3085      121.9    30.0
20230530.2100     0.7557     4.2630      122.1    30.0
20230530.2200     0.7523     4.2493      121.7    30.0
20230530.2300     0.7589     4.2079      121.6    30.0
20230531.0000     0.7701     4.1657      121.8    30.0
20230531.0100     0.7846     4.1301      122.0    30.0
20230531.0200     0.7971     4.1120      122.1    30.0
20230531.0300     0.8012     4.1178      122.1    30.0
20230531.0400     0.7987     4.1364      122.0    30.0
20230531.0500     0.7996     4.1423      122.2    30.0
20230531.0600     0.8103     4.1301      122.7    30.0
20230531.0700     0.8256     4.1201      123.3    30.0
20230531.0800     0.8398     4.1211      124.1    30.0
20230531.0900     0.8569     4.1245      125.1    30.0
20230531.1000     0.8588     4.1515      125.4    30.0
20230531.1100     0.8779     4.2334      125.7    30.0
20230531.1200     0.8790     4.2584      125.9    30.0
20230531.1300     0.8910     4.2602      126.2    30.0
20230531.1400     0.9037     4.2642      126.2    30.0
20230531.1500     0.9124     4.2745      125.8    30.0
20230531.1600     0.9167     4.2856      125.2    30.0
20230531.1700     0.9202     4.2924      124.6    30.0
20230531.1800     0.9197     4.3030      123.9    30.0
20230531.1900     0.9216     4.3066      123.2    30.0
20230531.2000     0.9237     4.3093      122.3    30.0
20230531.2100     0.9238     4.3129      121.4    30.0
20230531.2200     0.9127     4.3276      120.4    30.0
20230531.2300     0.9128     4.3182      119.5    30.0
20230601.0000     0.9217     4.2991      118.6    30.0
20230601.0100     0.9368     4.2833      117.6    30.0
20230601.0200     0.9616     4.2728      116.8    30.0
20230601.0300     0.9775     4.2880      116.2    30.0
20230601.0400     0.9803     4.3207      116.0    30.0
20230601.0500     0.9810     4.3476      116.1    30.0
20230601.0600     0.9891     4.3602      116.3    30.0
20230601.0700     0.9965     4.3720      116.6    30.0
20230601.0800     0.9954     4.3909      116.9    30.0
20230601.0900     0.9881     4.4104      117.3    30.0
20230601.1000     0.9698     4.4368      117.7    30.0
20230601.1100     0.9574     4.4442      118.3    30.0
20230601.1200     0.9413     4.4536      118.7    30.0
20230601.1300     0.9204     4.4684      119.0    30.0
20230601.1400     0.9007     4.4738      119.0    30.0
20230601.1500     0.8823     4.4713      118.8    30.0
20230601.1600     0.8663     4.4611      118.6    30.0
20230601.1700     0.8540     4.4407      118.4    30.0
20230601.1800     0.8469     4.4077      118.3    30.0
20230601.1900     0.8500     4.3540      118.3    30.0
20230601.2000     0.8665     4.2891      118.4    30.0
20230601.2100     0.8904     4.2395      118.4    30.0
20230601.2200     0.8862     4.2489      118.1    30.0
20230601.2300     0.9255     4.3206      118.0    30.0
20230602.0000     0.9405     4.3046      118.2    30.0
20230602.0100     0.9711     4.2855      118.7    30.0
20230602.0200     1.0209     4.2818      119.1    30.0
20230602.0300     1.0669     4.3129      119.1    30.0
20230602.0400     1.0951     4.3653      118.8    30.0
20230602.0500     1.1086     4.4205      118.5    30.0
20230602.0600     1.1061     4.4711      117.8    30.0
20230602.0700     1.0899     4.5134      117.3    30.0
20230602.0800     1.0706     4.5374      116.9    30.0
20230602.0900     1.0526     4.5449      116.7    30.0
20230602.1000     1.0262     4.5553      116.4    30.0
20230602.1100     1.0138     4.5340      116.5    30.0
20230602.1200     1.0104     4.5043      116.7    30.0
20230602.1300     1.0099     4.4825      116.3    30.0
20230602.1400     1.0243     4.4553      115.4    30.0
20230602.1500     1.0499     4.4395      114.2    30.0
20230602.1600     1.0598     4.4559      113.3    30.0
20230602.1700     1.0561     4.4834      112.9    30.0
20230602.1800     1.0545     4.4969      112.8    30.0
20230602.1900     1.0496     4.5060      112.9    30.0
20230602.2000     1.0422     4.5111      113.0    30.0
20230602.2100     1.0362     4.5082      113.4    30.0
20230602.2200     1.0254     4.5067      113.7    30.0
20230602.2300     1.0119     4.5071      113.7    30.0
20230603.0000     1.0031     4.4970      113.4    30.0
20230603.0100     0.9991     4.4806      113.3    30.0
20230603.0200     1.0001     4.4581      113.2    30.0
20230603.0300     1.0067     4.4355      113.1    30.0
20230603.0400     1.0077     4.4287      113.1    30.0
20230603.0500     1.0035     4.4321      113.2    30.0
20230603.0600     0.9939     4.4411      113.2    30.0
20230603.0700     0.9801     4.4529      113.3    30.0
20230603.0800     0.9663     4.4584      113.4    30.0
20230603.0900     0.9504     4.4626      114.0    30.0
20230603.1000     0.9194     4.5016      114.4    30.0
20230603.1100     1.0655     4.9285      114.8    30.0
20230603.1200     1.0249     4.9126      115.1    30.0
20230603.1300     0.9937     4.8720      115.5    30.0
20230603.1400     0.9689     4.8203      116.0    30.0
20230603.1500     0.9525     4.7518      116.6    30.0
20230603.1600     0.9394     4.6872      116.8    30.0
20230603.1700     0.9224     4.6455      116.9    30.0
20230603.1800     0.9005     4.6250      116.9    30.0
20230603.1900     0.8761     4.6145      116.8    30.0
20230603.2000     0.8517     4.6064      116.9    30.0
20230603.2100     0.8342     4.5748      116.9    30.0
20230603.2200     0.8122     4.5622      116.6    30.0
20230603.2300     0.7995     4.5172      116.2    30.0
20230604.0000     0.7877     4.4750      116.0    30.0
20230604.0100     0.7892     4.3918      115.7    30.0
20230604.0200     0.8087     4.2815      115.3    30.0
20230604.0300     0.8239     4.2184      114.8    30.0
20230604.0400     0.8324     4.1927      114.3    30.0
20230604.0500     0.8343     4.1898      113.8    30.0
20230604.0600     0.8220     4.2165      113.7    30.0
20230604.0700     0.8058     4.2424      113.7    30.0
20230604.0800     0.7857     4.2760      114.1    30.0
20230604.0900     0.7650     4.3091      114.7    30.0
20230604.1000     0.7591     4.2790      115.7    30.0
20230604.1100     0.7544     4.2562      116.2    30.0
20230604.1200     0.7450     4.2508      116.7    30.0
20230604.1300     0.7336     4.2525      116.9    30.0
20230604.1400     0.7222     4.2502      116.8    30.0
20230604.1500     0.7080     4.2565      116.5    30.0
20230604.1600     0.6956     4.2513      116.2    30.0
20230604.1700     0.6860     4.2331      115.9    30.0
20230604.1800     0.6755     4.2186      115.7    30.0
20230604.1900     0.6617     4.2193      115.6    30.0
20230604.2000     0.6479     4.2169      115.6    30.0
20230604.2100     0.6354     4.2071      115.5    30.0
20230604.2200     0.6165     4.2274      115.4    30.0
20230604.2300     0.7047     4.5631      115.3    30.0
20230605.0000     0.6861     4.5247      115.3    30.0
20230605.0100     0.6762     4.4398      115.6    30.0
20230605.0200     0.6802     4.3054      116.1    30.0
20230605.0300     0.7016     4.1444      116.9    30.0
20230605.0400     0.7345     4.0164      117.4    30.0
20230605.0500     0.7743     3.9450      117.7    30.0
20230605.0600     0.8070     3.9348      117.9    30.0
20230605.0700     0.8245     3.9613      118.5    30.0
20230605.0800     0.8251     4.0001      119.0    30.0
20230605.0900     0.8198     4.0298      119.0    30.0
20230605.1000     0.7936     4.0785      118.2    30.0
20230605.1100     0.7851     4.0688      117.4    30.0
20230605.1200     0.7970     4.0258      116.5    30.0
20230605.1300     0.8041     4.0053      115.8    30.0
20230605.1400     0.8048     3.9992      115.1    30.0
20230605.1500     0.8093     3.9922      113.9    30.0
20230605.1600     0.8103     3.9977      112.9    30.0
20230605.1700     0.8079     4.0096      112.2    30.0
20230605.1800     0.7994     4.0284      111.7    30.0
20230605.1900     0.7858     4.0485      111.1    30.0
20230605.2000     0.7722     4.0590      110.4    30.0
20230605.2100     0.7609     4.0585      109.7    30.0
20230605.2200     0.7495     4.0523      108.8    30.0
20230605.2300     0.7458     4.0304      108.0    30.0
20230606.0000     0.7465     4.0039      107.4    30.0
20230606.0100     0.7392     4.0022      107.4    30.0
20230606.0200     0.7273     4.0094      107.7    30.0
20230606.0300     0.7171     4.0086      107.9    30.0
20230606.0400     0.7115     3.9961      108.2    30.0
20230606.0500     0.7086     3.9814      108.6    30.0
20230606.0600     0.7037     3.9804      109.1    30.0
20230606.0700     0.6945     3.9990      110.6    30.0
20230606.0800     0.6974     3.9805      113.4    30.0
20230606.0900     0.7026     3.9636      115.9    30.0
20230606.1000     0.6969     3.9772      117.0    30.0
20230606.1100     0.7430     4.1533      117.7    30.0
20230606.1200     0.7213     4.1710      118.0    30.0
20230606.1300     0.7027     4.1757      117.9    30.0
20230606.1400     0.6889     4.1624      117.4    30.0
20230606.1500     0.6738     4.1557      116.8    30.0
20230606.1600     0.6588     4.1480      116.0    30.0
20230606.1700     0.6509     4.1116      115.1    30.0
20230606.1800     0.6518     4.0500      114.0    30.0
20230606.1900     0.6552     3.9964      112.9    30.0
20230606.2000     0.6545     3.9712      112.3    30.0
20230606.2100     0.6472     3.9734      112.3    30.0
20230606.2200     0.6625     3.9057      112.3    30.0
20230606.2300     0.6819     3.8576      112.0    30.0
20230607.0000     0.6980     3.8374      112.0    30.0
20230607.0100     0.7242     3.8223      112.3    30.0
20230607.0200     0.7696     3.8225      112.5    30.0
20230607.0300     0.8400     3.8592      112.2    30.0
20230607.0400     0.9078     3.9458      112.2    30.0
20230607.0500     0.9358     4.0482      112.6    30.0
20230607.0600     0.9542     4.1300      113.1    30.0
20230607.0700     0.9669     4.1918      113.6    30.0
20230607.0800     0.9808     4.2354      113.9    30.0
20230607.0900     0.9995     4.2677      113.9    30.0
20230607.1000     1.0208     4.2943      114.1    30.0
20230607.1100     1.0522     4.3464      114.4    30.0
20230607.1200     1.0632     4.3883      114.4    30.0
20230607.1300     1.0805     4.4208      114.0    30.0
20230607.1400     1.1052     4.4500      113.6    30.0
20230607.1500     1.1318     4.4809      112.8    30.0
20230607.1600     1.1503     4.5172      112.3    30.0
20230607.1700     1.1605     4.5519      112.2    30.0
20230607.1800     1.1584     4.5867      112.0    30.0
20230607.1900     1.1555     4.6125      111.9    30.0
20230607.2000     1.1770     4.6206      111.8    30.0
20230607.2100     1.2135     4.6345      111.5    30.0
20230607.2200     1.2321     4.6669      110.9    30.0
20230607.2300     1.4019     4.9094      110.2    30.0
20230608.0000     1.4097     4.9451      109.7    30.0
20230608.0100     1.4029     4.9816      109.4    30.0
20230608.0200     1.3739     5.0218      109.5    30.0
20230608.0300     1.3354     5.0554      109.9    30.0
20230608.0400     1.2906     5.0860      110.4    30.0
20230608.0500     1.2482     5.1033      111.0    30.0
20230608.0600     1.2078     5.1105      111.6    30.0
20230608.0700     1.1688     5.1093      112.4    30.0
20230608.0800     1.1334     5.0985      112.9    30.0
20230608.0900     1.1008     5.0788      113.4    30.0
20230608.1000     1.0616     5.0861      113.8    30.0
20230608.1100     1.0377     5.0365      114.3    30.0
20230608.1200     1.0274     4.9444      114.8    30.0
20230608.1300     1.0203     4.8561      115.1    30.0
20230608.1400     1.0127     4.7817      115.1    30.0
20230608.1500     1.0026     4.7235      114.9    30.0
20230608.1600     0.9918     4.6735      114.7    30.0
20230608.1700     0.9727     4.6469      114.4    30.0
20230608.1800     0.9476     4.6351      114.2    30.0
20230608.1900     0.9267     4.6072      114.1    30.0
20230608.2000     0.9139     4.5575      114.1    30.0
20230608.2100     0.9057     4.5006      114.3    30.0
20230608.2200     0.8878     4.4728      113.9    30.0
20230608.2300     0.8772     4.4273      113.5    30.0
20230609.0000     0.8782     4.3649      112.9    30.0
20230609.0100     0.8853     4.3100      112.3    30.0
20230609.0200     0.8929     4.2736      111.5    30.0
20230609.0300     0.8957     4.2570      110.7    30.0
20230609.0400     0.8976     4.2464      109.9    30.0
20230609.0500     0.8985     4.2398      109.1    30.0
20230609.0600     0.8987     4.2362      108.5    30.0
20230609.0700     0.8968     4.2377      108.1    30.0
20230609.0800     0.8949     4.2405      108.1    30.0
20230609.0900     0.8919     4.2449      108.2    30.0
20230609.1000     0.8942     4.2401      108.8    30.0
20230609.1100     0.9145     4.2602      109.3    30.0
20230609.1200     0.9263     4.2477      110.0    30.0
20230609.1300     0.9358     4.2452      111.0    30.0
20230609.1400     0.9381     4.2515      112.1    30.0
20230609.1500     0.9299     4.2645      113.1    30.0
20230609.1600     0.9127     4.2781      114.0    30.0
20230609.1700     0.8956     4.2771      115.0    30.0
20230609.1800     0.8843     4.2567      116.0    30.0
20230609.1900     0.8745     4.2325      116.9    30.0
20230609.2000     0.8617     4.2152      117.4    30.0
20230609.2100     0.8513     4.1950      117.7    30.0
20230609.2200     0.8301     4.1961      117.1    30.0
20230609.2300     0.8218     4.1669      116.5    30.0
20230610.0000     0.8234     4.1262      116.0    30.0
20230610.0100     0.8280     4.0948      115.5    30.0
20230610.0200     0.8321     4.0753      114.9    30.0
20230610.0300     0.8393     4.0603      114.7    30.0
20230610.0400     0.8386     4.0609      114.7    30.0
20230610.0500     0.8218     4.0799      114.9    30.0
20230610.0600     0.8014     4.0923      115.2    30.0
20230610.0700     0.7825     4.0927      115.4    30.0
20230610.0800     0.7711     4.0744      115.4    30.0
20230610.0900     0.7681     4.0442      115.6    30.0
20230610.1000     0.7466     4.0639      115.8    30.0
20230610.1100     0.7392     4.0325      116.4    30.0
20230610.1200     0.7575     3.9719      117.2    30.0
20230610.1300     0.7967     3.9259      117.9    30.0
20230610.1400     0.8464     3.9258      117.8    30.0
20230610.1500     0.8847     3.9682      117.2    30.0
20230610.1600     0.9079     4.0240      116.6    30.0
20230610.1700     0.9195     4.0757      116.2    30.0
20230610.1800     0.9231     4.1171      116.0    30.0
20230610.1900     0.9151     4.1515      115.7    30.0
20230610.2000     0.9009     4.1741      115.6    30.0
20230610.2100     0.8901     4.1777      115.5    30.0
20230610.2200     0.8857     4.1659      115.4    30.0
20230610.2300     0.9514     4.2861      115.3    30.0
20230611.0000     0.9369     4.2763      115.0    30.0
20230611.0100     0.9140     4.2745      114.6    30.0
20230611.0200     0.8922     4.2639      114.6    30.0
20230611.0300     0.8766     4.2396      115.2    30.0
20230611.0400     0.8689     4.2064      116.3    30.0
20230611.0500     0.8676     4.1735      117.7    30.0
20230611.0600     0.8674     4.1524      118.9    30.0
20230611.0700     0.8689     4.1387      120.1    30.0
20230611.0800     0.8723     4.1303      121.2    30.0
20230611.0900     0.8877     4.1152      122.9    30.0
20230611.1000     0.9012     4.1185      124.1    30.0
20230611.1100     0.9267     4.1241      125.7    30.0
20230611.1200     0.9657     4.1442      126.7    30.0
20230611.1300     1.0209     4.1872      126.8    30.0
20230611.1400     1.0809     4.2560      126.3    30.0
20230611.1500     1.1281     4.3419      125.4    30.0
20230611.1600     1.1511     4.4300      124.4    30.0
20230611.1700     1.1556     4.5047      123.4    30.0
20230611.1800     1.1636     4.5548      122.3    30.0
20230611.1900     1.1808     4.5905      120.9    30.0
20230611.2000     1.1890     4.6308      120.1    30.0
20230611.2100     1.1921     4.6637      120.2    30.0
20230611.2200     1.1976     4.6757      120.0    30.0
20230611.2300     1.2524     4.7149      120.3    30.0
20230612.0000     1.2894     4.7388      120.5    30.0
20230612.0100     1.2982     4.7884      120.1    30.0
20230612.0200     1.2814     4.8458      119.5    30.0
20230612.0300     1.2446     4.9088      118.9    30.0
20230612.0400     1.2043     4.9590      118.4    30.0
20230612.0500     1.1697     4.9868      118.1    30.0
20230612.0600     1.1488     4.9724      118.0    30.0
20230612.0700     1.1302     4.9483      117.8    30.0
20230612.0800     1.1065     4.9342      117.9    30.0
20230612.0900     1.0784     4.9291      118.2    30.0
20230612.1000     1.0531     4.9184      118.4    30.0
20230612.1100     1.0538     4.8590      118.3    30.0
20230612.1200     1.0670     4.7865      118.0    30.0
20230612.1300     1.0971     4.7224      117.6    30.0
20230612.1400     1.1339     4.6929      117.4    30.0
20230612.1500     1.1636     4.7000      117.1    30.0
20230612.1600     1.1864     4.7223      116.8    30.0
20230612.1700     1.2003     4.7499      116.4    30.0
20230612.1800     1.2015     4.7808      116.2    30.0
20230612.1900     1.2017     4.8018      116.1    30.0
20230612.2000     1.2087     4.8082      115.8    30.0
20230612.2100     1.2208     4.8058      115.3    30.0
20230612.2200     1.2148     4.8182      114.9    30.0
20230612.2300     1.2229     4.8072      114.2    30.0
20230613.0000     1.2552     4.7815      113.0    30.0
20230613.0100     1.2894     4.7739      111.8    30.0
20230613.0200     1.3116     4.7875      111.2    30.0
20230613.0300     1.3213     4.8122      110.9    30.0
20230613.0400     1.3173     4.8439      110.9    30.0
20230613.0500     1.3082     4.8722      111.2    30.0
20230613.0600     1.2956     4.8956      111.6    30.0
20230613.0700     1.2827     4.9128      112.1    30.0
20230613.0800     1.2698     4.9288      112.6    30.0
20230613.0900     1.2605     4.9404      113.4    30.0
20230613.1000     1.2379     4.9666      114.2    30.0
20230613.1100     1.2456     4.9978      114.7    30.0
20230613.1200     1.2515     4.9748      115.0    30.0
20230613.1300     1.2516     4.9642      115.4    30.0
20230613.1400     1.2483     4.9579      116.1    30.0
20230613.1500     1.2476     4.9473      116.8    30.0
20230613.1600     1.2392     4.9486      117.1    30.0
20230613.1700     1.2135     4.9682      116.9    30.0
20230613.1800     1.1815     4.9859      116.4    30.0
20230613.1900     1.1532     4.9880      116.0    30.0
20230613.2000     1.1269     4.9745      115.6    30.0
20230613.2100     1.1004     4.9628      115.5    30.0
20230613.2200     1.0815     4.9313      114.9    30.0
20230613.2300     1.0593     4.9168      114.5    30.0
20230614.0000     1.0509     4.8677      114.4    30.0
20230614.0100     1.0645     4.7890      114.0    30.0
20230614.0200     1.1022     4.7082      113.3    30.0
20230614.0300     1.1251     4.6767      113.0    30.0
20230614.0400     1.1453     4.6672      112.9    30.0
20230614.0500     1.1288     4.6946      112.5    30.0
20230614.0600     1.1026     4.7182      112.2    30.0
20230614.0700     1.0699     4.7478      112.4    30.0
20230614.0800     1.0230     4.8065      112.9    30.0
20230614.0900     0.9788     4.8558      113.4    30.0
20230614.1000     0.9345     4.9161      113.7    30.0
20230614.1100     0.9008     4.9392      113.9    30.0
20230614.1200     0.8726     4.9454      114.3    30.0
20230614.1300     0.8511     4.9272      114.7    30.0
20230614.1400     0.8373     4.8788      115.2    30.0
20230614.1500     0.8329     4.8007      115.8    30.0
20230614.1600     0.8371     4.7029      116.2    30.0
20230614.1700     0.8380     4.6359      116.3    30.0
20230614.1800     0.8325     4.6051      116.2    30.0
20230614.1900     0.8186     4.6095      116.2    30.0
20230614.2000     0.7982     4.6409      116.3    30.0
20230614.2100     0.7780     4.6672      116.3    30.0
20230614.2200     0.7576     4.6846      116.0    30.0
20230614.2300     0.7757     4.7212      115.6    30.0
20230615.0000     0.7731     4.6626      115.3    30.0
20230615.0100     0.7720     4.6002      114.7    30.0
20230615.0200     0.7789     4.5146      113.7    30.0
20230615.0300     0.7949     4.4158      112.4    30.0
20230615.0400     0.8122     4.3423      111.5    30.0
20230615.0500     0.8186     4.3184      111.2    30.0
20230615.0600     0.8139     4.3265      111.0    30.0
20230615.0700     0.8032     4.3458      110.9    30.0
20230615.0800     0.7856     4.3814      111.1    30.0
20230615.0900     0.7661     4.4168      111.5    30.0
20230615.1000     0.7435     4.4619      112.2    30.0
20230615.1100     0.7343     4.4448      112.6    30.0
20230615.1200     0.7330     4.3989      112.8    30.0
20230615.1300     0.7288     4.3711      112.9    30.0
20230615.1400     0.7220     4.3542      113.1    30.0
20230615.1500     0.7132     4.3438      113.2    30.0
20230615.1600     0.7000     4.3505      113.1    30.0
20230615.1700     0.6849     4.3618      112.8    30.0
20230615.1800     0.6690     4.3721      112.5    30.0
20230615.1900     0.6535     4.3786      112.3    30.0
20230615.2000     0.6402     4.3719      111.9    30.0
20230615.2100     0.6302     4.3464      111.2    30.0
20230615.2200     0.6163     4.3392      110.7    30.0
20230615.2300     0.6110     4.2906      109.8    30.0
20230616.0000     0.6114     4.2184      108.1    30.0
20230616.0100     0.6104     4.1671      106.5    30.0
20230616.0200     0.6045     4.1457      105.5    30.0
20230616.0300     0.5927     4.1563      105.1    30.0
20230616.0400     0.5766     4.1975      105.6    30.0
20230616.0500     0.5602     4.2468      106.4    30.0
20230616.0600     0.5463     4.2850      107.1    30.0
20230616.0700     0.5343     4.3119      107.7    30.0
20230616.0800     0.5250     4.3183      108.4    30.0
20230616.0900     0.5158     4.3281      109.1    30.0
20230616.1000     0.5029     4.3645      109.8    30.0
20230616.1100     0.5528     4.5476      111.4    30.0
20230616.1200     0.5528     4.5713      112.5    30.0
20230616.1300     0.5546     4.5766      113.9    30.0
20230616.1400     0.5590     4.5531      115.4    30.0
20230616.1500     0.5642     4.5091      116.6    30.0
20230616.1600     0.5732     4.4282      117.5    30.0
20230616.1700     0.5870     4.3169      118.0    30.0
20230616.1800     0.5997     4.2201      118.1    30.0
20230616.1900     0.6129     4.1320      118.1    30.0
20230616.2000     0.6323     4.0315      118.0    30.0
20230616.2100     0.6639     3.9221      117.1    30.0
20230616.2200     0.7114     3.8339      115.0    30.0
20230616.2300     0.7554     3.8122      113.3    30.0
20230617.0000     0.8059     3.8250      111.5    30.0
20230617.0100     0.8521     3.8693      109.7    30.0
20230617.0200     0.8871     3.9279      108.1    30.0
20230617.0300     0.9061     3.9875      106.7    30.0
20230617.0400     0.9080     4.0460      105.7    30.0
20230617.0500     0.8981     4.1001      105.5    30.0
20230617.0600     0.8835     4.1425      105.6    30.0
20230617.0700     0.8618     4.1836      106.0    30.0
20230617.0800     0.8378     4.2195      106.6    30.0
20230617.0900     0.8117     4.2574      107.3    30.0
20230617.1000     0.7795     4.3217      108.2    30.0
20230617.1100     0.7586     4.3377      109.3    30.0
20230617.1200     0.7502     4.3058      110.6    30.0
20230617.1300     0.7481     4.2620      111.8    30.0
20230617.1400     0.7528     4.2119      112.7    30.0
20230617.1500     0.7612     4.1678      112.9    30.0
20230617.1600     0.7646     4.1501      112.8    30.0
20230617.1700     0.7613     4.1542      112.9    30.0
20230617.1800     0.7535     4.1681      113.0    30.0
20230617.1900     0.7432     4.1827      113.0    30.0
20230617.2000     0.7322     4.1937      113.0    30.0
20230617.2100     0.7217     4.1965      112.9    30.0
20230617.2200     0.7032     4.2227      112.8    30.0
20230617.2300     0.7203     4.3103      112.5    30.0
20230618.0000     0.7100     4.3094      112.2    30.0
20230618.0100     0.7039     4.2902      111.8    30.0
20230618.0200     0.7036     4.2482      111.3    30.0
20230618.0300     0.7039     4.2099      110.6    30.0
20230618.0400     0.6992     4.1948      110.2    30.0
20230618.0500     0.6887     4.2010      110.1    30.0
20230618.0600     0.6762     4.2119      110.1    30.0
20230618.0700     0.6632     4.2227      110.3    30.0
20230618.0800     0.6519     4.2229      110.6    30.0
20230618.0900     0.6463     4.1949      110.8    30.0
20230618.1000     0.6287     4.2279      111.4    30.0
20230618.1100     0.6193     4.2170      111.9    30.0
20230618.1200     0.6124     4.1917      112.4    30.0
20230618.1300     0.6029     4.1866      113.0    30.0
20230618.1400     0.5894     4.2047      113.5    30.0
20230618.1500     0.5730     4.2390      113.9    30.0
20230618.1600     0.5573     4.2710      114.2    30.0
20230618.1700     0.5430     4.2932      114.4    30.0
20230618.1800     0.5299     4.3083      114.6    30.0
20230618.1900     0.5180     4.3106      114.7    30.0
20230618.2000     0.5083     4.2964      114.8    30.0
20230618.2100     0.5009     4.2643      114.8    30.0
20230618.2200     0.4939     4.2261      114.7    30.0
20230618.2300     0.4902     4.1712      114.6    30.0
20230619.0000     0.4889     4.1044      114.5    30.0
20230619.0100     0.4881     4.0418      114.5    30.0
20230619.0200     0.4847     4.0026      114.5    30.0
20230619.0300     0.4776     3.9913      114.5    30.0
20230619.0400     0.4674     4.0061      114.4    30.0
20230619.0500     0.4558     4.0321      114.3    30.0
20230619.0600     0.4449     4.0511      114.3    30.0
20230619.0700     0.4353     4.0609      114.3    30.0
20230619.0800     0.4257     4.0710      114.3    30.0
20230619.0900     0.4175     4.0685      114.3    30.0
20230619.1000     0.4075     4.0754      114.5    30.0
20230619.1100     0.4292     4.1912      114.4    30.0
20230619.1200     0.4197     4.1633      114.3    30.0
20230619.1300     0.4141     4.0974      114.7    30.0
20230619.1400     0.4110     4.0179      116.2    30.0
20230619.1500     0.4041     3.9755      116.6    30.0
20230619.1600     0.3975     3.9416      117.2    30.0
20230619.1700     0.3913     3.9124      118.1    30.0
20230619.1800     0.3875     3.8723      119.6    30.0
20230619.1900     0.3849     3.8247      121.5    30.0
20230619.2000     0.3806     3.7996      122.6    30.0
20230619.2100     0.3791     3.7510      123.3    30.0
20230619.2200     0.3698     3.7620      122.9    30.0
20230619.2300     0.3652     3.7477      122.5    30.0
20230620.0000     0.3622     3.7158      121.9    30.0
20230620.0100     0.3617     3.6643      119.8    30.0
20230620.0200     0.3577     3.6488      119.2    30.0
20230620.0300     0.3560     3.6166      118.0    30.0
20230620.0400     0.3526     3.5984      117.1    30.0
20230620.0500     0.3491     3.5824      116.1    30.0
20230620.0600     0.3462     3.5634      115.5    30.0
20230620.0700     0.3424     3.5528      115.4    30.0
20230620.0800     0.3433     3.5118      115.3    30.0
20230620.0900     0.3485     3.4460      115.4    30.0
20230620.1000     0.3451     3.4369      115.0    30.0
20230620.1100     0.3652     3.3109      115.8    30.0
20230620.1200     0.3858     3.2364      116.1    30.0
20230620.1300     0.3989     3.2162      115.8    30.0
20230620.1400     0.4152     3.1877      114.7    30.0
20230620.1500     0.4444     3.1538      113.3    30.0
20230620.1600     0.4764     3.1512      112.3    30.0
20230620.1700     0.5058     3.1742      111.5    30.0
20230620.1800     0.5284     3.2117      111.1    30.0
20230620.1900     0.5567     3.2496      111.0    30.0
20230620.2000     0.5840     3.2988      111.2    30.0
20230620.2100     0.6028     3.3568      111.7    30.0
20230620.2200     0.5908     3.4301      111.6    30.0
20230620.2300     0.6610     3.6391      111.8    30.0
20230621.0000     0.6754     3.6545      112.6    30.0
20230621.0100     0.6940     3.6701      113.3    30.0
20230621.0200     0.7171     3.6879      113.9    30.0
20230621.0300     0.7401     3.7120      114.3    30.0
20230621.0400     0.7572     3.7416      114.7    30.0
20230621.0500     0.7684     3.7724      115.2    30.0
20230621.0600     0.7691     3.8064      115.7    30.0
20230621.0700     0.7583     3.8421      116.0    30.0
20230621.0800     0.7466     3.8672      116.3    30.0
20230621.0900     0.7408     3.8757      116.5    30.0
20230621.1000     0.7268     3.8946      116.9    30.0
20230621.1100     0.7273     3.8836      117.0    30.0
20230621.1200     0.7448     3.8587      116.7    30.0
20230621.1300     0.7700     3.8503      116.2    30.0
20230621.1400     0.8061     3.8571      115.3    30.0
20230621.1500     0.8413     3.8859      113.8    30.0
20230621.1600     0.8753     3.9249      112.1    30.0
20230621.1700     0.9018     3.9698      110.4    30.0
20230621.1800     0.9205     4.0138      108.9    30.0
20230621.1900     0.9356     4.0517      107.5    30.0
20230621.2000     0.9522     4.0845      106.1    30.0
20230621.2100     0.9668     4.1170      104.8    30.0
20230621.2200     0.9585     4.1628      104.5    30.0
20230621.2300     0.9520     4.1913      104.2    30.0
20230622.0000     0.9481     4.2093      104.3    30.0
20230622.0100     0.9467     4.2201      104.6    30.0
20230622.0200     0.9433     4.2306      105.1    30.0
20230622.0300     0.9356     4.2425      105.8    30.0
20230622.0400     0.9236     4.2550      106.6    30.0
20230622.0500     0.9078     4.2672      107.3    30.0
20230622.0600     0.8966     4.2659      107.9    30.0
20230622.0700     0.8871     4.2628      108.3    30.0
20230622.0800     0.8736     4.2685      108.7    30.0
20230622.0900     0.8631     4.2657      109.1    30.0
20230622.1000     0.8468     4.2710      109.8    30.0
20230622.1100     0.8980     4.3888      110.5    30.0
20230622.1200     0.8891     4.3588      111.3    30.0
20230622.1300     0.8872     4.3188      112.0    30.0
20230622.1400     0.8869     4.2857      112.8    30.0
20230622.1500     0.8851     4.2632      113.3    30.0
20230622.1600     0.8813     4.2487      113.6    30.0
20230622.1700     0.8769     4.2381      113.8    30.0
20230622.1800     0.8727     4.2289      114.1    30.0
20230622.1900     0.8705     4.2167      114.3    30.0
20230622.2000     0.8679     4.2074      114.4    30.0
20230622.2100     0.8627     4.2013      114.4    30.0
20230622.2200     0.8508     4.1991      113.7    30.0
20230622.2300     0.8364     4.1968      113.1    30.0
20230623.0000     0.8238     4.1836      112.4    30.0
20230623.0100     0.8091     4.1717      111.9    30.0
20230623.0200     0.7950     4.1558      111.4    30.0
20230623.0300     0.7821     4.1382      111.2    30.0
20230623.0400     0.7673     4.1276      111.2    30.0
20230623.0500     0.7514     4.1216      111.4    30.0
20230623.0600     0.7344     4.1178      111.8    30.0
20230623.0700     0.7188     4.1108      112.5    30.0
20230623.0800     0.7066     4.0914      113.4    30.0
20230623.0900     0.6995     4.0579      114.5    30.0
20230623.1000     0.6835     4.0564      115.5    30.0
20230623.1100     0.6687     4.0522      116.3    30.0
20230623.1200     0.6564     4.0386      117.1    30.0
20230623.1300     0.6473     4.0145      117.7    30.0
20230623.1400     0.6407     3.9844      118.1    30.0
20230623.1500     0.6299     3.9763      118.4    30.0
20230623.1600     0.6163     3.9793      118.6    30.0
20230623.1700     0.6067     3.9631      118.7    30.0
20230623.1800     0.5972     3.9498      118.7    30.0
20230623.1900     0.5886     3.9349      118.9    30.0
20230623.2000     0.5852     3.9007      119.3    30.0
20230623.2100     0.5851     3.8584      119.7    30.0
20230623.2200     0.5954     3.7893      119.5    30.0
20230623.2300     0.6599     3.9346      119.2    30.0
20230624.0000     0.6470     3.9262      118.9    30.0
20230624.0100     0.6282     3.9320      118.7    30.0
20230624.0200     0.6091     3.9329      118.8    30.0
20230624.0300     0.5896     3.9363      118.9    30.0
20230624.0400     0.5716     3.9340      118.8    30.0
20230624.0500     0.5596     3.9055      118.9    30.0
20230624.0600     0.5542     3.8535      118.8    30.0
20230624.0700     0.5533     3.7955      118.7    30.0
20230624.0800     0.5533     3.7501      118.5    30.0
20230624.0900     0.5523     3.7205      118.3    30.0
20230624.1000     0.5397     3.7358      118.0    30.0
20230624.1100     0.5313     3.7348      117.7    30.0
20230624.1200     0.5255     3.7229      117.6    30.0
20230624.1300     0.5208     3.7110      117.7    30.0
20230624.1400     0.5191     3.6893      117.9    30.0
20230624.1500     0.5143     3.6867      118.1    30.0
20230624.1600     0.5076     3.6923      118.3    30.0
20230624.1700     0.5028     3.6889      118.6    30.0
20230624.1800     0.4982     3.6844      118.6    30.0
20230624.1900     0.4908     3.6952      118.3    30.0
20230624.2000     0.4834     3.7039      117.8    30.0
20230624.2100     0.4777     3.7042      117.0    30.0
20230624.2200     0.4683     3.7162      116.1    30.0
20230624.2300     0.4613     3.7251      115.7    30.0
20230625.0000     0.4560     3.7233      115.2    30.0
20230625.0100     0.4540     3.7007      114.8    30.0
20230625.0200     0.4563     3.6610      114.7    30.0
20230625.0300     0.4604     3.6232      114.7    30.0
20230625.0400     0.4665     3.5850      114.9    30.0
20230625.0500     0.4780     3.5376      115.1    30.0
20230625.0600     0.4909     3.5042      115.0    30.0
20230625.0700     0.4982     3.5027      114.8    30.0
20230625.0800     0.4990     3.5244      114.6    30.0
20230625.0900     0.4956     3.5574      114.7    30.0
20230625.1000     0.4858     3.6096      114.8    30.0
20230625.1100     0.4794     3.6439      115.1    30.0
20230625.1200     0.4791     3.6422      115.4    30.0
20230625.1300     0.4821     3.6270      115.7    30.0
20230625.1400     0.4866     3.6097      116.0    30.0
20230625.1500     0.4927     3.5914      116.1    30.0
20230625.1600     0.5002     3.5730      116.2    30.0
20230625.1700     0.5008     3.5861      116.2    30.0
20230625.1800     0.4936     3.6269      116.2    30.0
20230625.1900     0.4850     3.6662      116.1    30.0
20230625.2000     0.4769     3.6965      115.9    30.0
20230625.2100     0.4693     3.7239      115.7    30.0
20230625.2200     0.4563     3.7728      115.5    30.0
20230625.2300     0.4480     3.8006      115.4    30.0
20230626.0000     0.4403     3.8224      115.4    30.0
20230626.0100     0.4332     3.8359      115.4    30.0
20230626.0200     0.4273     3.8424      115.4    30.0
20230626.0300     0.4210     3.8496      115.6    30.0
20230626.0400     0.4148     3.8573      115.9    30.0
20230626.0500     0.4090     3.8590      116.2    30.0
20230626.0600     0.4039     3.8549      116.6    30.0
20230626.0700     0.3996     3.8431      117.2    30.0
20230626.0800     0.3954     3.8305      117.7    30.0
20230626.0900     0.3930     3.8041      118.6    30.0
20230626.1000     0.3849     3.8113      118.9    30.0
20230626.1100     0.3827     3.7839      119.2    30.0
20230626.1200     0.3830     3.7411      119.9    30.0
20230626.1300     0.3839     3.6976      120.6    30.0
20230626.1400     0.3854     3.6542      121.3    30.0
20230626.1500     0.3900     3.5944      122.2    30.0
20230626.1600     0.3950     3.5432      123.0    30.0
20230626.1700     0.4003     3.4972      123.4    30.0
20230626.1800     0.4040     3.4675      123.4    30.0
20230626.1900     0.4045     3.4569      123.0    30.0
20230626.2000     0.4055     3.4425      122.4    30.0
20230626.2100     0.4079     3.4182      121.8    30.0
20230626.2200     0.4102     3.3876      120.5    30.0
20230626.2300     0.4141     3.3655      120.1    30.0
20230627.0000     0.4122     3.3707      119.9    30.0
20230627.0100     0.4093     3.3759      119.8    30.0
20230627.0200     0.4120     3.3515      119.9    30.0
20230627.0300     0.4235     3.3045      120.2    30.0
20230627.0400     0.4430     3.2585      120.6    30.0
20230627.0500     0.4719     3.2253      121.3    30.0
20230627.0600     0.5011     3.2262      121.9    30.0
20230627.0700     0.5291     3.2484      122.5    30.0
20230627.0800     0.5591     3.2811      122.9    30.0
20230627.0900     0.5891     3.3260      123.1    30.0
20230627.1000     0.6074     3.3800      122.3    30.0
20230627.1100     0.6254     3.4303      121.7    30.0
20230627.1200     0.6390     3.4775      121.2    30.0
20230627.1300     0.6445     3.5224      120.7    30.0
20230627.1400     0.6389     3.5664      120.2    30.0
20230627.1500     0.6265     3.6026      119.7    30.0
20230627.1600     0.6179     3.6145      119.0    30.0
20230627.1700     0.6164     3.6076      118.0    30.0
20230627.1800     0.6190     3.5960      117.0    30.0
20230627.1900     0.6219     3.5889      116.1    30.0
20230627.2000     0.6279     3.5807      115.3    30.0
20230627.2100     0.6443     3.5689      114.6    30.0
20230627.2200     0.6709     3.5656      113.9    30.0
20230627.2300     0.7086     3.5858      113.7    30.0
20230628.0000     0.7552     3.6321      113.4    30.0
20230628.0100     0.7969     3.7025      113.1    30.0
20230628.0200     0.8272     3.7814      112.8    30.0
20230628.0300     0.8462     3.8557      112.5    30.0
20230628.0400     0.8552     3.9228      112.5    30.0
20230628.0500     0.8595     3.9764      112.7    30.0
20230628.0600     0.8680     4.0124      113.1    30.0
20230628.0700     0.8801     4.0373      113.9    30.0
20230628.0800     0.8914     4.0567      114.8    30.0
20230628.0900     0.9005     4.0726      115.7    30.0
20230628.1000     0.8850     4.1011      116.2    30.0
20230628.1100     0.8768     4.1142      116.9    30.0
20230628.1200     0.8775     4.0989      117.6    30.0
20230628.1300     0.8851     4.0855      118.0    30.0
20230628.1400     0.8957     4.0795      118.1    30.0
20230628.1500     0.9038     4.0846      117.8    30.0
20230628.1600     0.9031     4.0984      117.5    30.0
20230628.1700     0.8949     4.1136      117.3    30.0
20230628.1800     0.8759     4.1333      116.8    30.0
20230628.1900     0.8502     4.1517      116.1    30.0
20230628.2000     0.8275     4.1536      115.3    30.0
20230628.2100     0.8131     4.1337      114.6    30.0
20230628.2200     0.7999     4.1110      114.4    30.0
20230628.2300     0.7962     4.0739      115.0    30.0
20230629.0000     0.8059     4.0271      116.5    30.0
20230629.0100     0.8351     3.9844      118.6    30.0
20230629.0200     0.8774     3.9717      120.8    30.0
20230629.0300     0.9115     3.9992      122.1    30.0
20230629.0400     0.9308     4.0426      123.1    30.0
20230629.0500     0.9385     4.0854      124.0    30.0
20230629.0600     0.9394     4.1216      124.6    30.0
20230629.0700     0.9366     4.1504      124.6    30.0
20230629.0800     0.9278     4.1736      124.5    30.0
20230629.0900     0.9105     4.1934      124.5    30.0
20230629.1000     0.8769     4.2248      124.0    30.0
20230629.1100     0.8677     4.2573      123.7    30.0
20230629.1200     0.8389     4.2647      123.0    30.0
20230629.1300     0.8127     4.2591      122.2    30.0
20230629.1400     0.7946     4.2279      121.5    30.0
20230629.1500     0.7792     4.1928      120.9    30.0
20230629.1600     0.7566     4.1849      120.4    30.0
20230629.1700     0.7316     4.1845      119.8    30.0
20230629.1800     0.7100     4.1718      119.2    30.0
20230629.1900     0.6913     4.1502      118.6    30.0
20230629.2000     0.6740     4.1291      118.2    30.0
20230629.2100     0.6594     4.1000      117.7    30.0
20230629.2200     0.6539     4.0396      116.7    30.0
20230629.2300     0.6642     3.9442      115.5    30.0
20230630.0000     0.6904     3.8531      114.2    30.0
20230630.0100     0.7265     3.7979      113.6    30.0
20230630.0200     0.7605     3.7908      113.7    30.0
20230630.0300     0.7959     3.8129      114.2    30.0
20230630.0400     0.8268     3.8555      114.8    30.0
20230630.0500     0.8456     3.9080      115.3    30.0
20230630.0600     0.8555     3.9549      115.9    30.0
20230630.0700     0.8572     3.9944      116.4    30.0
20230630.0800     0.8529     4.0219      117.2    30.0
20230630.0900     0.8474     4.0369      117.9    30.0
20230630.1000     0.8270     4.0582      118.2    30.0
20230630.1100     0.8180     4.0463      119.2    30.0
20230630.1200     0.8105     4.0306      119.9    30.0
20230630.1300     0.7864     4.0428      119.8    30.0
20230630.1400     0.7589     4.0533      119.5    30.0
20230630.1500     0.7362     4.0444      119.4    30.0
20230630.1600     0.7184     4.0206      119.6    30.0
20230630.1700     0.7062     3.9840      120.0    30.0
20230630.1800     0.6968     3.9476      119.8    30.0
20230630.1900     0.6924     3.9077      119.1    30.0
20230630.2000     0.6872     3.8772      118.3    30.0
20230630.2100     0.6807     3.8540      117.8    30.0
20230630.2200     0.6830     3.8131      116.9    30.0
20230630.2300     0.6991     3.7975      116.1    30.0
