TPAR
20230501.0000     0.1874     3.1286      100.1    30.0
20230501.0100     0.1892     3.1198       99.9    30.0
20230501.0200     0.1911     3.1156       98.2    30.0
20230501.0300     0.1907     3.1366       98.6    30.0
20230501.0400     0.1930     3.1150       99.2    30.0
20230501.0500     0.2036     2.9875      101.1    30.0
20230501.0600     0.2037     2.9952      103.9    30.0
20230501.0700     0.2067     2.9661      111.4    30.0
20230501.0800     0.2188     2.8704      131.1    30.0
20230501.0900     0.2157     2.8940      132.8    30.0
20230501.1000     0.2370     2.8644      193.7    30.0
20230501.1100     0.2369     2.8751      193.8    30.0
20230501.1200     0.2338     2.8793      189.6    30.0
20230501.1300     0.2335     2.8607      183.1    30.0
20230501.1400     0.2301     2.8545      179.2    30.0
20230501.1500     0.2221     2.9016      176.4    30.0
20230501.1600     0.2166     2.9239      173.5    30.0
20230501.1700     0.2116     2.9409      170.7    30.0
20230501.1800     0.2070     2.9554      168.3    30.0
20230501.1900     0.2051     2.9404      165.9    30.0
20230501.2000     0.2019     2.9404      163.6    30.0
20230501.2100     0.2004     2.9193      161.1    30.0
20230501.2200     0.1792     3.0627      152.3    30.0
20230501.2300     0.1757     3.0792      151.3    30.0
20230502.0000     0.1726     3.0906      150.4    30.0
20230502.0100     0.1696     3.1027      149.5    30.0
20230502.0200     0.1712     3.0376      147.1    30.0
20230502.0300     0.1687     3.0459      146.4    30.0
20230502.0400     0.1698     3.0097      143.9    30.0
20230502.0500     0.1886     2.7846      134.4    30.0
20230502.0600     0.2212     2.6537      133.9    30.0
20230502.0700     0.2612     2.6196      129.9    30.0
20230502.0800     0.2865     2.6240      124.3    30.0
20230502.0900     0.2847     2.6917      122.8    30.0
20230502.1000     0.2714     2.7556      122.5    30.0
20230502.1100     0.2713     2.7682      120.2    30.0
20230502.1200     0.2754     2.7585      117.1    30.0
20230502.1300     0.2804     2.7498      114.8    30.0
20230502.1400     0.2809     2.7540      113.4    30.0
20230502.1500     0.2853     2.7458      110.4    30.0
20230502.1600     0.2902     2.7382      108.4    30.0
20230502.1700     0.2850     2.7681      108.4    30.0
20230502.1800     0.2792     2.7883      108.8    30.0
20230502.1900     0.2766     2.7902      109.0    30.0
20230502.2000     0.2742     2.7907      109.2    30.0
20230502.2100     0.2709     2.8011      109.6    30.0
20230502.2200     0.2618     2.8123      109.0    30.0
20230502.2300     0.2654     2.7969      108.3    30.0
20230503.0000     0.2666     2.8026      107.7    30.0
20230503.0100     0.2665     2.8169      107.6    30.0
20230503.0200     0.2752     2.8046      106.1    30.0
20230503.0300     0.2880     2.7968      104.1    30.0
20230503.0400     0.2910     2.8353      104.7    30.0
20230503.0500     0.2872     2.9047      106.8    30.0
20230503.0600     0.2882     2.9480      109.4    30.0
20230503.0700     0.2959     2.9609      112.9    30.0
20230503.0800     0.3199     2.9374      120.6    30.0
20230503.0900     0.3372     2.9410      125.0    30.0
20230503.1000     0.3384     2.9934      126.9    30.0
20230503.1100     0.3429     3.0442      127.5    30.0
20230503.1200     0.3388     3.1309      126.8    30.0
20230503.1300     0.3354     3.2080      126.2    30.0
20230503.1400     0.3317     3.2873      125.6    30.0
20230503.1500     0.3287     3.3660      125.1    30.0
20230503.1600     0.3263     3.4390      124.7    30.0
20230503.1700     0.3259     3.4974      124.2    30.0
20230503.1800     0.3246     3.5679      124.0    30.0
20230503.1900     0.3235     3.6392      123.8    30.0
20230503.2000     0.3230     3.7076      123.7    30.0
20230503.2100     0.3230     3.7681      123.6    30.0
20230503.2200     0.3194     3.8552      123.4    30.0
20230503.2300     0.3252     3.8486      123.7    30.0
20230504.0000     0.3286     3.8806      123.6    30.0
20230504.0100     0.3314     3.9137      123.6    30.0
20230504.0200     0.3339     3.9516      123.7    30.0
20230504.0300     0.3380     3.9682      123.8    30.0
20230504.0400     0.3419     3.9880      123.9    30.0
20230504.0500     0.3455     4.0092      124.3    30.0
20230504.0600     0.3497     4.0186      125.0    30.0
20230504.0700     0.3551     4.0162      126.2    30.0
20230504.0800     0.3651     3.9742      128.8    30.0
20230504.0900     0.3671     3.9984      129.0    30.0
20230504.1000     0.3611     4.0942      128.7    30.0
20230504.1100     0.3616     4.1247      128.2    30.0
20230504.1200     0.3621     4.1502      127.7    30.0
20230504.1300     0.3624     4.1772      127.1    30.0
20230504.1400     0.3648     4.1696      126.5    30.0
20230504.1500     0.3666     4.1674      126.1    30.0
20230504.1600     0.3676     4.1691      126.1    30.0
20230504.1700     0.3726     4.1266      127.2    30.0
20230504.1800     0.3798     4.0650      128.9    30.0
20230504.1900     0.3863     4.0126      130.4    30.0
20230504.2000     0.3915     3.9805      131.5    30.0
20230504.2100     0.3949     3.9642      132.4    30.0
20230504.2200     0.3943     3.9743      132.7    30.0
20230504.2300     0.4010     3.9238      133.1    30.0
20230505.0000     0.4089     3.8671      133.4    30.0
20230505.0100     0.4127     3.8450      133.1    30.0
20230505.0200     0.4144     3.8350      132.0    30.0
20230505.0300     0.4157     3.8236      130.7    30.0
20230505.0400     0.4141     3.8307      129.9    30.0
20230505.0500     0.4103     3.8512      129.5    30.0
20230505.0600     0.4059     3.8802      129.4    30.0
20230505.0700     0.4016     3.9091      129.4    30.0
20230505.0800     0.3987     3.9236      129.5    30.0
20230505.0900     0.3991     3.9084      130.2    30.0
20230505.1000     0.3926     3.9514      130.4    30.0
20230505.1100     0.3908     3.9601      130.2    30.0
20230505.1200     0.3893     3.9692      130.1    30.0
20230505.1300     0.3878     3.9772      130.0    30.0
20230505.1400     0.3861     3.9903      129.7    30.0
20230505.1500     0.3843     4.0032      129.4    30.0
20230505.1600     0.3830     4.0116      129.1    30.0
20230505.1700     0.3809     4.0265      129.0    30.0
20230505.1800     0.3785     4.0439      128.6    30.0
20230505.1900     0.3762     4.0636      128.3    30.0
20230505.2000     0.3732     4.0874      127.9    30.0
20230505.2100     0.3708     4.1078      127.6    30.0
20230505.2200     0.3683     4.1093      127.3    30.0
20230505.2300     0.3673     4.1101      127.1    30.0
20230506.0000     0.3666     4.1092      126.8    30.0
20230506.0100     0.3656     4.1091      126.4    30.0
20230506.0200     0.3651     4.1022      126.1    30.0
20230506.0300     0.3665     4.0657      126.4    30.0
20230506.0400     0.3699     4.0155      127.8    30.0
20230506.0500     0.3687     4.0144      127.9    30.0
20230506.0600     0.3685     3.9994      128.3    30.0
20230506.0700     0.3723     3.9427      130.1    30.0
20230506.0800     0.3728     3.9192      131.0    30.0
20230506.0900     0.3761     3.8727      132.3    30.0
20230506.1000     0.3731     3.8761      131.9    30.0
20230506.1100     0.3804     3.7962      132.1    30.0
20230506.1200     0.3859     3.7388      132.3    30.0
20230506.1300     0.3892     3.7052      132.2    30.0
20230506.1400     0.3933     3.6696      131.5    30.0
20230506.1500     0.3993     3.6252      130.2    30.0
20230506.1600     0.4032     3.5987      129.2    30.0
20230506.1700     0.4059     3.5852      128.2    30.0
20230506.1800     0.4072     3.5793      127.2    30.0
20230506.1900     0.4053     3.5955      126.4    30.0
20230506.2000     0.4017     3.6204      125.9    30.0
20230506.2100     0.3970     3.6515      125.6    30.0
20230506.2200     0.3903     3.6841      124.7    30.0
20230506.2300     0.3911     3.6719      123.6    30.0
20230507.0000     0.3924     3.6551      122.9    30.0
20230507.0100     0.3942     3.6396      122.4    30.0
20230507.0200     0.3986     3.6086      122.2    30.0
20230507.0300     0.4043     3.5738      121.9    30.0
20230507.0400     0.4106     3.5427      121.7    30.0
20230507.0500     0.4154     3.5276      121.6    30.0
20230507.0600     0.4140     3.5453      121.4    30.0
20230507.0700     0.4107     3.5712      121.4    30.0
20230507.0800     0.4119     3.5666      122.4    30.0
20230507.0900     0.4139     3.5640      122.8    30.0
20230507.1000     0.4040     3.6284      122.6    30.0
20230507.1100     0.4009     3.6513      122.5    30.0
20230507.1200     0.4007     3.6451      123.2    30.0
20230507.1300     0.3981     3.6574      123.2    30.0
20230507.1400     0.3969     3.6575      123.2    30.0
20230507.1500     0.4011     3.6176      124.0    30.0
20230507.1600     0.4050     3.5818      124.9    30.0
20230507.1700     0.4042     3.5765      125.1    30.0
20230507.1800     0.3991     3.5956      124.6    30.0
20230507.1900     0.3931     3.6165      124.1    30.0
20230507.2000     0.3883     3.6229      123.8    30.0
20230507.2100     0.3839     3.6256      123.5    30.0
20230507.2200     0.3843     3.5945      123.1    30.0
20230507.2300     0.3809     3.5976      122.8    30.0
20230508.0000     0.3754     3.6108      122.6    30.0
20230508.0100     0.3733     3.5981      122.5    30.0
20230508.0200     0.3740     3.5703      122.8    30.0
20230508.0300     0.3720     3.5689      123.1    30.0
20230508.0400     0.3690     3.5802      123.3    30.0
20230508.0500     0.3645     3.6084      123.2    30.0
20230508.0600     0.3605     3.6389      123.2    30.0
20230508.0700     0.3577     3.6648      123.2    30.0
20230508.0800     0.3561     3.6847      123.3    30.0
20230508.0900     0.3549     3.7112      123.7    30.0
20230508.1000     0.3496     3.7642      124.0    30.0
20230508.1100     0.3526     3.7688      124.7    30.0
20230508.1200     0.3591     3.7511      125.5    30.0
20230508.1300     0.3705     3.7073      126.4    30.0
20230508.1400     0.3866     3.6462      127.8    30.0
20230508.1500     0.4021     3.6094      129.5    30.0
20230508.1600     0.4130     3.6089      130.9    30.0
20230508.1700     0.4207     3.6262      132.1    30.0
20230508.1800     0.4263     3.6519      133.3    30.0
20230508.1900     0.4288     3.6885      134.6    30.0
20230508.2000     0.4301     3.7278      136.1    30.0
20230508.2100     0.4291     3.7749      137.7    30.0
20230508.2200     0.4261     3.8171      138.9    30.0
20230508.2300     0.4229     3.8672      140.0    30.0
20230509.0000     0.4212     3.8960      141.1    30.0
20230509.0100     0.4187     3.9247      142.2    30.0
20230509.0200     0.4156     3.9507      143.3    30.0
20230509.0300     0.4135     3.9605      144.3    30.0
20230509.0400     0.4100     3.9744      145.0    30.0
20230509.0500     0.4066     3.9811      145.7    30.0
20230509.0600     0.4043     3.9742      146.7    30.0
20230509.0700     0.4036     3.9468      147.7    30.0
20230509.0800     0.4051     3.8970      149.2    30.0
20230509.0900     0.4027     3.8779      149.2    30.0
20230509.1000     0.3951     3.8918      149.3    30.0
20230509.1100     0.4053     3.7731      147.6    30.0
20230509.1200     0.4228     3.6336      142.2    30.0
20230509.1300     0.4482     3.5047      135.8    30.0
20230509.1400     0.4842     3.4026      129.6    30.0
20230509.1500     0.5139     3.3575      124.7    30.0
20230509.1600     0.5565     3.3269      118.7    30.0
20230509.1700     0.6268     3.3282      113.6    30.0
20230509.1800     0.7140     3.3928      110.7    30.0
20230509.1900     0.7866     3.4960      108.9    30.0
20230509.2000     0.8322     3.5989      107.7    30.0
20230509.2100     0.8478     3.6908      107.5    30.0
20230509.2200     0.8841     3.7607      107.4    30.0
20230509.2300     0.8984     3.8323      107.2    30.0
20230510.0000     0.8980     3.8938      107.4    30.0
20230510.0100     0.8875     3.9324      107.8    30.0
20230510.0200     0.8862     3.9447      108.0    30.0
20230510.0300     0.9013     3.9500      108.5    30.0
20230510.0400     0.9193     3.9665      109.1    30.0
20230510.0500     0.9241     3.9916      109.4    30.0
20230510.0600     0.9120     4.0188      109.7    30.0
20230510.0700     0.8830     4.0439      110.3    30.0
20230510.0800     0.8456     4.0667      110.8    30.0
20230510.0900     0.8032     4.0932      111.7    30.0
20230510.1000     0.7649     4.1105      112.9    30.0
20230510.1100     0.7280     4.1377      114.5    30.0
20230510.1200     0.6933     4.1738      116.3    30.0
20230510.1300     0.6611     4.2153      118.1    30.0
20230510.1400     0.6359     4.2372      119.7    30.0
20230510.1500     0.6156     4.2456      121.0    30.0
20230510.1600     0.6008     4.2329      121.9    30.0
20230510.1700     0.5908     4.2059      122.1    30.0
20230510.1800     0.5874     4.1575      121.6    30.0
20230510.1900     0.5944     4.0729      120.0    30.0
20230510.2000     0.6012     4.0181      118.5    30.0
20230510.2100     0.5920     4.0424      118.9    30.0
20230510.2200     0.5929     4.0067      118.9    30.0
20230510.2300     0.6448     4.0047      118.7    30.0
20230511.0000     0.6554     3.9874      119.0    30.0
20230511.0100     0.6574     4.0001      119.3    30.0
20230511.0200     0.6598     4.0116      119.2    30.0
20230511.0300     0.6638     4.0196      118.9    30.0
20230511.0400     0.6672     4.0341      118.3    30.0
20230511.0500     0.6706     4.0493      117.8    30.0
20230511.0600     0.6710     4.0771      117.7    30.0
20230511.0700     0.6650     4.1248      118.3    30.0
20230511.0800     0.6546     4.1823      119.2    30.0
20230511.0900     0.6476     4.2137      120.1    30.0
20230511.1000     0.6619     4.1531      121.0    30.0
20230511.1100     0.6990     4.0518      121.9    30.0
20230511.1200     0.7566     3.9693      122.6    30.0
20230511.1300     0.8121     3.9571      123.1    30.0
20230511.1400     0.8493     3.9944      123.3    30.0
20230511.1500     0.8732     4.0423      123.3    30.0
20230511.1600     0.9033     4.0802      123.3    30.0
20230511.1700     0.9370     4.1213      123.2    30.0
20230511.1800     0.9625     4.1687      122.6    30.0
20230511.1900     0.9805     4.2122      121.7    30.0
20230511.2000     0.9862     4.2513      120.8    30.0
20230511.2100     0.9850     4.2820      119.9    30.0
20230511.2200     0.9728     4.3097      119.2    30.0
20230511.2300     0.9664     4.3181      118.4    30.0
20230512.0000     0.9690     4.3103      117.2    30.0
20230512.0100     0.9702     4.3077      115.9    30.0
20230512.0200     0.9645     4.3162      115.0    30.0
20230512.0300     0.9551     4.3280      114.6    30.0
20230512.0400     0.9474     4.3351      114.6    30.0
20230512.0500     0.9394     4.3420      115.0    30.0
20230512.0600     0.9308     4.3511      115.8    30.0
20230512.0700     0.9266     4.3541      116.9    30.0
20230512.0800     0.9273     4.3547      118.0    30.0
20230512.0900     0.9422     4.3450      119.2    30.0
20230512.1000     0.9730     4.3349      120.2    30.0
20230512.1100     1.0464     4.4415      121.3    30.0
20230512.1200     1.0607     4.4769      122.1    30.0
20230512.1300     1.0641     4.5169      122.3    30.0
20230512.1400     1.0689     4.5455      122.3    30.0
20230512.1500     1.0761     4.5684      122.4    30.0
20230512.1600     1.0752     4.6017      122.6    30.0
20230512.1700     1.0635     4.6470      122.8    30.0
20230512.1800     1.0455     4.6952      123.3    30.0
20230512.1900     1.0186     4.7577      123.8    30.0
20230512.2000     0.9894     4.8203      124.1    30.0
20230512.2100     0.9651     4.8596      124.1    30.0
20230512.2200     0.9554     4.8386      123.9    30.0
20230512.2300     0.9479     4.8078      124.0    30.0
20230513.0000     0.9339     4.7996      124.3    30.0
20230513.0100     0.9191     4.7934      124.5    30.0
20230513.0200     0.9033     4.7899      124.5    30.0
20230513.0300     0.8870     4.7830      124.4    30.0
20230513.0400     0.8685     4.7839      124.5    30.0
20230513.0500     0.8493     4.7844      124.6    30.0
20230513.0600     0.8321     4.7732      124.7    30.0
20230513.0700     0.8237     4.7233      124.9    30.0
20230513.0800     0.8238     4.6455      125.0    30.0
20230513.0900     0.8285     4.5650      124.6    30.0
20230513.1000     0.8297     4.5052      124.2    30.0
20230513.1100     0.8289     4.4610      124.1    30.0
20230513.1200     0.8406     4.3955      124.0    30.0
20230513.1300     0.8533     4.3526      124.0    30.0
20230513.1400     0.8594     4.3426      124.3    30.0
20230513.1500     0.8565     4.3627      124.4    30.0
20230513.1600     0.8460     4.4031      124.2    30.0
20230513.1700     0.8375     4.4357      123.9    30.0
20230513.1800     0.8265     4.4766      123.7    30.0
20230513.1900     0.8135     4.5286      123.5    30.0
20230513.2000     0.7993     4.5879      123.4    30.0
20230513.2100     0.7845     4.6569      123.5    30.0
20230513.2200     0.7704     4.7242      123.6    30.0
20230513.2300     0.8669     5.0063      123.7    30.0
20230514.0000     0.8722     5.0080      123.9    30.0
20230514.0100     0.8782     4.9944      124.1    30.0
20230514.0200     0.8817     4.9792      124.3    30.0
20230514.0300     0.8796     4.9763      124.3    30.0
20230514.0400     0.8739     4.9736      124.2    30.0
20230514.0500     0.8641     4.9757      124.1    30.0
20230514.0600     0.8545     4.9604      123.9    30.0
20230514.0700     0.8463     4.9272      123.5    30.0
20230514.0800     0.8410     4.8719      123.1    30.0
20230514.0900     0.8353     4.8131      122.7    30.0
20230514.1000     0.8262     4.7681      122.6    30.0
20230514.1100     0.8194     4.7118      122.6    30.0
20230514.1200     0.8151     4.6459      122.8    30.0
20230514.1300     0.8139     4.5706      123.1    30.0
20230514.1400     0.8197     4.4807      124.1    30.0
20230514.1500     0.8306     4.3895      125.5    30.0
20230514.1600     0.8417     4.3165      126.9    30.0
20230514.1700     0.8459     4.2733      127.8    30.0
20230514.1800     0.8508     4.2340      128.5    30.0
20230514.1900     0.8565     4.2002      128.7    30.0
20230514.2000     0.8592     4.1768      128.5    30.0
20230514.2100     0.8569     4.1615      128.4    30.0
20230514.2200     0.8510     4.1463      127.6    30.0
20230514.2300     0.8437     4.1269      126.9    30.0
20230515.0000     0.8340     4.1084      126.3    30.0
20230515.0100     0.8157     4.1011      125.7    30.0
20230515.0200     0.7994     4.0853      124.7    30.0
20230515.0300     0.7812     4.0744      123.9    30.0
20230515.0400     0.7595     4.0713      123.5    30.0
20230515.0500     0.7386     4.0659      123.1    30.0
20230515.0600     0.7218     4.0494      122.6    30.0
20230515.0700     0.7119     4.0168      121.9    30.0
20230515.0800     0.7057     3.9820      121.2    30.0
20230515.0900     0.6989     3.9562      120.8    30.0
20230515.1000     0.6889     3.9386      120.0    30.0
20230515.1100     0.7317     4.0861      120.1    30.0
20230515.1200     0.7129     4.0736      121.0    30.0
20230515.1300     0.6984     4.0473      121.8    30.0
20230515.1400     0.6896     4.0109      122.3    30.0
20230515.1500     0.6810     3.9814      122.6    30.0
20230515.1600     0.6740     3.9506      123.0    30.0
20230515.1700     0.6653     3.9302      123.6    30.0
20230515.1800     0.6513     3.9266      124.2    30.0
20230515.1900     0.6355     3.9283      124.8    30.0
20230515.2000     0.6218     3.9213      125.3    30.0
20230515.2100     0.6158     3.8876      126.0    30.0
20230515.2200     0.6086     3.8634      126.3    30.0
20230515.2300     0.6057     3.8352      126.2    30.0
20230516.0000     0.5971     3.8310      125.9    30.0
20230516.0100     0.5842     3.8418      125.4    30.0
20230516.0200     0.5695     3.8564      125.0    30.0
20230516.0300     0.5571     3.8594      124.4    30.0
20230516.0400     0.5456     3.8595      124.0    30.0
20230516.0500     0.5348     3.8594      123.8    30.0
20230516.0600     0.5264     3.8484      123.7    30.0
20230516.0700     0.5232     3.8143      123.5    30.0
20230516.0800     0.5262     3.7627      123.2    30.0
20230516.0900     0.5284     3.7261      123.2    30.0
20230516.1000     0.5148     3.7580      123.3    30.0
20230516.1100     0.5077     3.7537      123.7    30.0
20230516.1200     0.5073     3.7186      124.3    30.0
20230516.1300     0.5083     3.6871      124.7    30.0
20230516.1400     0.5101     3.6595      125.0    30.0
20230516.1500     0.5100     3.6470      125.0    30.0
20230516.1600     0.5078     3.6404      124.9    30.0
20230516.1700     0.5066     3.6315      124.8    30.0
20230516.1800     0.5024     3.6342      124.6    30.0
20230516.1900     0.4950     3.6481      124.3    30.0
20230516.2000     0.4884     3.6531      123.8    30.0
20230516.2100     0.4875     3.6306      123.1    30.0
20230516.2200     0.4858     3.6088      122.3    30.0
20230516.2300     0.5369     3.7391      121.7    30.0
20230517.0000     0.5449     3.6755      121.1    30.0
20230517.0100     0.5571     3.6209      120.2    30.0
20230517.0200     0.5726     3.5763      118.7    30.0
20230517.0300     0.5909     3.5452      117.1    30.0
20230517.0400     0.6085     3.5339      116.2    30.0
20230517.0500     0.6145     3.5487      116.1    30.0
20230517.0600     0.6070     3.5775      116.6    30.0
20230517.0700     0.5989     3.5924      117.7    30.0
20230517.0800     0.5964     3.5881      118.7    30.0
20230517.0900     0.6003     3.5733      119.9    30.0
20230517.1000     0.5883     3.5906      120.4    30.0
20230517.1100     0.5845     3.5805      121.4    30.0
20230517.1200     0.5770     3.5818      121.8    30.0
20230517.1300     0.5670     3.5857      121.5    30.0
20230517.1400     0.5652     3.5670      121.0    30.0
20230517.1500     0.5692     3.5436      120.7    30.0
20230517.1600     0.5694     3.5380      120.7    30.0
20230517.1700     0.5608     3.5522      120.9    30.0
20230517.1800     0.5515     3.5614      121.3    30.0
20230517.1900     0.5440     3.5607      121.8    30.0
20230517.2000     0.5378     3.5551      122.3    30.0
20230517.2100     0.5349     3.5428      122.6    30.0
20230517.2200     0.5337     3.5266      123.1    30.0
20230517.2300     0.5400     3.5022      122.7    30.0
20230518.0000     0.5448     3.4935      122.0    30.0
20230518.0100     0.5472     3.4937      121.2    30.0
20230518.0200     0.5526     3.4904      120.7    30.0
20230518.0300     0.5492     3.5113      120.6    30.0
20230518.0400     0.5344     3.5603      121.0    30.0
20230518.0500     0.5186     3.6068      121.5    30.0
20230518.0600     0.5029     3.6522      121.9    30.0
20230518.0700     0.4917     3.6741      122.5    30.0
20230518.0800     0.4890     3.6532      123.5    30.0
20230518.0900     0.4870     3.6339      124.1    30.0
20230518.1000     0.4734     3.6727      124.3    30.0
20230518.1100     0.4853     3.6836      125.0    30.0
20230518.1200     0.4898     3.6138      126.2    30.0
20230518.1300     0.4988     3.5482      127.4    30.0
20230518.1400     0.5077     3.5043      128.3    30.0
20230518.1500     0.5187     3.4714      128.8    30.0
20230518.1600     0.5317     3.4517      128.8    30.0
20230518.1700     0.5342     3.4682      128.6    30.0
20230518.1800     0.5263     3.5082      128.4    30.0
20230518.1900     0.5137     3.5556      128.3    30.0
20230518.2000     0.4997     3.6044      128.3    30.0
20230518.2100     0.4854     3.6539      128.1    30.0
20230518.2200     0.4707     3.6992      127.9    30.0
20230518.2300     0.4618     3.7153      127.5    30.0
20230519.0000     0.4539     3.7249      127.1    30.0
20230519.0100     0.4478     3.7235      126.4    30.0
20230519.0200     0.4449     3.7035      125.5    30.0
20230519.0300     0.4408     3.6938      125.0    30.0
20230519.0400     0.4371     3.6837      124.7    30.0
20230519.0500     0.4366     3.6545      124.6    30.0
20230519.0600     0.4431     3.5924      125.4    30.0
20230519.0700     0.4601     3.5005      126.8    30.0
20230519.0800     0.4849     3.4247      127.5    30.0
20230519.0900     0.5129     3.3833      128.4    30.0
20230519.1000     0.4890     3.4923      127.9    30.0
20230519.1100     0.4853     3.4916      127.0    30.0
20230519.1200     0.4983     3.4406      125.8    30.0
20230519.1300     0.5064     3.4205      125.1    30.0
20230519.1400     0.5110     3.4150      124.3    30.0
20230519.1500     0.5157     3.4091      123.1    30.0
20230519.1600     0.5219     3.4015      121.8    30.0
20230519.1700     0.5272     3.4008      120.7    30.0
20230519.1800     0.5291     3.4088      119.9    30.0
20230519.1900     0.5276     3.4182      119.0    30.0
20230519.2000     0.5250     3.4270      118.2    30.0
20230519.2100     0.5177     3.4481      117.6    30.0
20230519.2200     0.5157     3.4454      116.4    30.0
20230519.2300     0.5669     3.6231      115.5    30.0
20230520.0000     0.5535     3.6426      115.7    30.0
20230520.0100     0.5462     3.6418      115.7    30.0
20230520.0200     0.5504     3.6093      115.2    30.0
20230520.0300     0.5534     3.5895      115.0    30.0
20230520.0400     0.5533     3.5866      115.4    30.0
20230520.0500     0.5537     3.5869      116.1    30.0
20230520.0600     0.5568     3.5859      117.0    30.0
20230520.0700     0.5684     3.5728      118.0    30.0
20230520.0800     0.5897     3.5590      118.9    30.0
20230520.0900     0.6129     3.5634      119.7    30.0
20230520.1000     0.6155     3.6044      120.3    30.0
20230520.1100     0.6198     3.6321      121.1    30.0
20230520.1200     0.6235     3.6534      121.8    30.0
20230520.1300     0.6319     3.6599      121.8    30.0
20230520.1400     0.6478     3.6566      121.3    30.0
20230520.1500     0.6604     3.6630      120.2    30.0
20230520.1600     0.6729     3.6713      118.8    30.0
20230520.1700     0.6717     3.6995      118.2    30.0
20230520.1800     0.6543     3.7467      118.5    30.0
20230520.1900     0.6344     3.7853      118.7    30.0
20230520.2000     0.6191     3.8005      118.6    30.0
20230520.2100     0.6085     3.7979      118.4    30.0
20230520.2200     0.6037     3.7747      117.8    30.0
20230520.2300     0.6116     3.7282      117.0    30.0
20230521.0000     0.6268     3.6870      116.1    30.0
20230521.0100     0.6557     3.6528      115.2    30.0
20230521.0200     0.6908     3.6498      114.7    30.0
20230521.0300     0.7062     3.6869      114.8    30.0
20230521.0400     0.7068     3.7346      115.2    30.0
20230521.0500     0.7031     3.7761      115.8    30.0
20230521.0600     0.7042     3.8014      116.5    30.0
20230521.0700     0.7068     3.8223      117.3    30.0
20230521.0800     0.7087     3.8424      118.1    30.0
20230521.0900     0.7089     3.8618      119.1    30.0
20230521.1000     0.7007     3.8925      119.7    30.0
20230521.1100     0.7078     3.9478      120.6    30.0
20230521.1200     0.7016     3.9461      121.5    30.0
20230521.1300     0.7020     3.9330      122.3    30.0
20230521.1400     0.7062     3.9199      123.0    30.0
20230521.1500     0.7155     3.9054      123.7    30.0
20230521.1600     0.7315     3.8912      124.3    30.0
20230521.1700     0.7450     3.8937      124.6    30.0
20230521.1800     0.7489     3.9143      124.7    30.0
20230521.1900     0.7478     3.9377      124.6    30.0
20230521.2000     0.7454     3.9561      124.4    30.0
20230521.2100     0.7448     3.9656      124.1    30.0
20230521.2200     0.7345     3.9871      123.6    30.0
20230521.2300     0.7311     3.9870      123.1    30.0
20230522.0000     0.7378     3.9678      122.5    30.0
20230522.0100     0.7472     3.9530      121.9    30.0
20230522.0200     0.7622     3.9402      121.0    30.0
20230522.0300     0.7815     3.9370      119.9    30.0
20230522.0400     0.8053     3.9450      119.2    30.0
20230522.0500     0.8338     3.9653      118.8    30.0
20230522.0600     0.8591     3.9997      118.8    30.0
20230522.0700     0.8812     4.0379      119.2    30.0
20230522.0800     0.8970     4.0756      119.7    30.0
20230522.0900     0.9062     4.1081      120.1    30.0
20230522.1000     0.8748     4.1682      120.7    30.0
20230522.1100     0.8623     4.1901      121.3    30.0
20230522.1200     0.8582     4.1769      122.0    30.0
20230522.1300     0.8494     4.1719      122.5    30.0
20230522.1400     0.8313     4.1819      122.9    30.0
20230522.1500     0.8110     4.1899      123.2    30.0
20230522.1600     0.7972     4.1793      123.1    30.0
20230522.1700     0.7876     4.1599      122.9    30.0
20230522.1800     0.7800     4.1400      122.4    30.0
20230522.1900     0.7712     4.1271      121.8    30.0
20230522.2000     0.7604     4.1191      121.2    30.0
20230522.2100     0.7519     4.1068      120.6    30.0
20230522.2200     0.7403     4.1009      120.2    30.0
20230522.2300     0.7720     4.2049      119.8    30.0
20230523.0000     0.7537     4.2027      119.5    30.0
20230523.0100     0.7327     4.2106      119.2    30.0
20230523.0200     0.7100     4.2274      119.1    30.0
20230523.0300     0.6912     4.2302      119.1    30.0
20230523.0400     0.6774     4.2141      119.0    30.0
20230523.0500     0.6698     4.1775      118.9    30.0
20230523.0600     0.6612     4.1542      119.0    30.0
20230523.0700     0.6545     4.1271      119.2    30.0
20230523.0800     0.6503     4.0970      119.6    30.0
20230523.0900     0.6523     4.0505      120.4    30.0
20230523.1000     0.6489     4.0291      121.2    30.0
20230523.1100     0.6482     4.0049      122.4    30.0
20230523.1200     0.6587     3.9522      124.1    30.0
20230523.1300     0.6775     3.8981      125.6    30.0
20230523.1400     0.6914     3.8795      126.3    30.0
20230523.1500     0.6906     3.8986      126.5    30.0
20230523.1600     0.6840     3.9222      126.3    30.0
20230523.1700     0.6768     3.9359      126.2    30.0
20230523.1800     0.6755     3.9270      126.2    30.0
20230523.1900     0.6730     3.9197      125.9    30.0
20230523.2000     0.6644     3.9279      125.4    30.0
20230523.2100     0.6520     3.9425      125.0    30.0
20230523.2200     0.6372     3.9556      124.5    30.0
20230523.2300     0.6279     3.9477      123.7    30.0
20230524.0000     0.6259     3.9138      122.5    30.0
20230524.0100     0.6310     3.8650      121.0    30.0
20230524.0200     0.6376     3.8272      119.4    30.0
20230524.0300     0.6421     3.8055      118.2    30.0
20230524.0400     0.6439     3.7973      117.4    30.0
20230524.0500     0.6424     3.7995      117.1    30.0
20230524.0600     0.6362     3.8122      117.3    30.0
20230524.0700     0.6278     3.8290      117.9    30.0
20230524.0800     0.6196     3.8399      119.0    30.0
20230524.0900     0.6194     3.8215      120.3    30.0
20230524.1000     0.6349     3.7681      121.3    30.0
20230524.1100     0.6790     3.7062      121.6    30.0
20230524.1200     0.7185     3.7053      122.1    30.0
20230524.1300     0.7338     3.7436      122.6    30.0
20230524.1400     0.7345     3.7873      122.8    30.0
20230524.1500     0.7268     3.8257      122.6    30.0
20230524.1600     0.7207     3.8460      122.1    30.0
20230524.1700     0.7158     3.8552      121.2    30.0
20230524.1800     0.7054     3.8669      120.3    30.0
20230524.1900     0.6917     3.8776      119.5    30.0
20230524.2000     0.6822     3.8751      118.9    30.0
20230524.2100     0.6778     3.8636      118.7    30.0
20230524.2200     0.6754     3.8513      118.9    30.0
20230524.2300     0.6766     3.8392      119.2    30.0
20230525.0000     0.6821     3.8268      119.5    30.0
20230525.0100     0.6922     3.8181      119.9    30.0
20230525.0200     0.7101     3.8120      120.6    30.0
20230525.0300     0.7279     3.8228      121.2    30.0
20230525.0400     0.7426     3.8478      121.5    30.0
20230525.0500     0.7574     3.8767      121.4    30.0
20230525.0600     0.7799     3.9013      121.0    30.0
20230525.0700     0.8141     3.9264      120.9    30.0
20230525.0800     0.8673     3.9607      121.3    30.0
20230525.0900     0.9216     4.0190      121.4    30.0
20230525.1000     0.9383     4.0921      121.2    30.0
20230525.1100     0.9846     4.1991      121.7    30.0
20230525.1200     0.9877     4.2482      121.9    30.0
20230525.1300     0.9731     4.2915      121.6    30.0
20230525.1400     0.9663     4.3054      120.8    30.0
20230525.1500     0.9584     4.3122      120.2    30.0
20230525.1600     0.9400     4.3255      119.7    30.0
20230525.1700     0.9183     4.3344      119.6    30.0
20230525.1800     0.9013     4.3289      119.7    30.0
20230525.1900     0.8929     4.3081      119.7    30.0
20230525.2000     0.8894     4.2886      119.8    30.0
20230525.2100     0.8868     4.2763      119.9    30.0
20230525.2200     0.8794     4.2755      119.5    30.0
20230525.2300     0.8938     4.2947      119.2    30.0
20230526.0000     0.8964     4.2758      119.0    30.0
20230526.0100     0.9038     4.2558      118.6    30.0
20230526.0200     0.9156     4.2388      118.1    30.0
20230526.0300     0.9288     4.2309      117.9    30.0
20230526.0400     0.9469     4.2272      117.9    30.0
20230526.0500     0.9615     4.2364      117.8    30.0
20230526.0600     0.9669     4.2552      117.8    30.0
20230526.0700     0.9641     4.2756      118.1    30.0
20230526.0800     0.9560     4.2930      118.5    30.0
20230526.0900     0.9529     4.2984      119.3    30.0
20230526.1000     0.9507     4.2991      118.8    30.0
20230526.1100     0.9554     4.2926      118.3    30.0
20230526.1200     0.9529     4.2961      118.0    30.0
20230526.1300     0.9422     4.3030      118.0    30.0
20230526.1400     0.9275     4.3068      118.2    30.0
20230526.1500     0.9095     4.3075      118.6    30.0
20230526.1600     0.8883     4.3060      119.0    30.0
20230526.1700     0.8698     4.2936      119.3    30.0
20230526.1800     0.8581     4.2659      119.5    30.0
20230526.1900     0.8500     4.2346      119.6    30.0
20230526.2000     0.8418     4.2101      119.9    30.0
20230526.2100     0.8329     4.1929      120.1    30.0
20230526.2200     0.8193     4.1855      119.8    30.0
20230526.2300     0.9742     4.4793      119.6    30.0
20230527.0000     0.9811     4.4707      119.8    30.0
20230527.0100     0.9897     4.4725      119.9    30.0
20230527.0200     0.9912     4.4956      119.6    30.0
20230527.0300     0.9856     4.5337      119.3    30.0
20230527.0400     0.9776     4.5766      119.2    30.0
20230527.0500     0.9667     4.6255      119.3    30.0
20230527.0600     0.9541     4.6789      119.8    30.0
20230527.0700     0.9440     4.7233      120.4    30.0
20230527.0800     0.9407     4.7453      121.3    30.0
20230527.0900     0.9457     4.7387      122.4    30.0
20230527.1000     0.9490     4.7348      123.2    30.0
20230527.1100     0.9593     4.7120      123.7    30.0
20230527.1200     0.9746     4.6782      123.8    30.0
20230527.1300     0.9910     4.6467      123.7    30.0
20230527.1400     0.9926     4.6471      123.6    30.0
20230527.1500     0.9746     4.6816      123.5    30.0
20230527.1600     0.9461     4.7294      123.2    30.0
20230527.1700     0.9193     4.7565      123.0    30.0
20230527.1800     0.9025     4.7366      123.0    30.0
20230527.1900     0.9019     4.6611      122.9    30.0
20230527.2000     0.9110     4.5695      122.6    30.0
20230527.2100     0.9142     4.5084      122.1    30.0
20230527.2200     0.8995     4.4934      121.3    30.0
20230527.2300     0.8819     4.4834      120.8    30.0
20230528.0000     0.8686     4.4590      120.3    30.0
20230528.0100     0.8675     4.4055      119.5    30.0
20230528.0200     0.8755     4.3462      118.7    30.0
20230528.0300     0.8847     4.3049      118.2    30.0
20230528.0400     0.8957     4.2796      118.1    30.0
20230528.0500     0.8970     4.2855      118.6    30.0
20230528.0600     0.8849     4.3185      119.4    30.0
20230528.0700     0.8719     4.3506      120.0    30.0
20230528.0800     0.8679     4.3605      120.3    30.0
20230528.0900     0.8787     4.3429      120.8    30.0
20230528.1000     0.8997     4.3186      121.4    30.0
20230528.1100     0.9820     4.3987      122.2    30.0
20230528.1200     1.0039     4.4211      123.1    30.0
20230528.1300     1.0020     4.4731      123.6    30.0
20230528.1400     0.9903     4.5234      124.1    30.0
20230528.1500     0.9731     4.5653      124.5    30.0
20230528.1600     0.9551     4.5906      124.7    30.0
20230528.1700     0.9379     4.5997      124.8    30.0
20230528.1800     0.9260     4.5836      124.9    30.0
20230528.1900     0.9160     4.5582      124.9    30.0
20230528.2000     0.9027     4.5403      124.9    30.0
20230528.2100     0.8844     4.5336      124.8    30.0
20230528.2200     0.8600     4.5406      124.2    30.0
20230528.2300     0.8387     4.5354      123.6    30.0
20230529.0000     0.8280     4.4915      122.9    30.0
20230529.0100     0.8225     4.4397      122.2    30.0
20230529.0200     0.8153     4.4048      121.8    30.0
20230529.0300     0.8041     4.3905      121.6    30.0
20230529.0400     0.7949     4.3753      121.5    30.0
20230529.0500     0.7913     4.3469      121.6    30.0
20230529.0600     0.7930     4.3113      121.7    30.0
20230529.0700     0.7976     4.2788      121.8    30.0
20230529.0800     0.8015     4.2579      122.0    30.0
20230529.0900     0.8076     4.2377      122.3    30.0
20230529.1000     0.8051     4.2413      122.2    30.0
20230529.1100     0.8089     4.2287      122.4    30.0
20230529.1200     0.8128     4.2202      122.8    30.0
20230529.1300     0.8202     4.2093      123.1    30.0
20230529.1400     0.8255     4.2091      123.2    30.0
20230529.1500     0.8252     4.2237      123.4    30.0
20230529.1600     0.8208     4.2440      123.4    30.0
20230529.1700     0.8203     4.2472      123.0    30.0
20230529.1800     0.8314     4.2235      122.4    30.0
20230529.1900     0.8409     4.2109      121.8    30.0
20230529.2000     0.8408     4.2175      121.2    30.0
20230529.2100     0.8343     4.2279      120.5    30.0
20230529.2200     0.8275     4.2280      119.9    30.0
20230529.2300     0.8434     4.2450      119.4    30.0
20230530.0000     0.8389     4.2382      118.8    30.0
20230530.0100     0.8261     4.2453      117.9    30.0
20230530.0200     0.8137     4.2436      116.9    30.0
20230530.0300     0.8106     4.2177      115.7    30.0
20230530.0400     0.8093     4.1956      115.0    30.0
20230530.0500     0.8058     4.1875      114.8    30.0
20230530.0600     0.7966     4.1965      115.4    30.0
20230530.0700     0.7879     4.2026      116.5    30.0
20230530.0800     0.7880     4.1861      117.9    30.0
20230530.0900     0.8019     4.1482      119.7    30.0
20230530.1000     0.8085     4.1418      121.0    30.0
20230530.1100     0.8184     4.1353      122.6    30.0
20230530.1200     0.8237     4.1429      123.8    30.0
20230530.1300     0.8227     4.1611      124.6    30.0
20230530.1400     0.8189     4.1786      125.4    30.0
20230530.1500     0.8136     4.1934      125.8    30.0
20230530.1600     0.8023     4.2154      126.0    30.0
20230530.1700     0.7841     4.2474      126.0    30.0
20230530.1800     0.7605     4.2903      126.0    30.0
20230530.1900     0.7431     4.3036      126.0    30.0
20230530.2000     0.7402     4.2610      126.2    30.0
20230530.2100     0.7513     4.1850      126.5    30.0
20230530.2200     0.7553     4.1411      125.9    30.0
20230530.2300     0.7704     4.0880      125.5    30.0
20230531.0000     0.7844     4.0593      125.1    30.0
20230531.0100     0.7958     4.0494      124.7    30.0
20230531.0200     0.8051     4.0524      124.2    30.0
20230531.0300     0.8120     4.0645      123.7    30.0
20230531.0400     0.8135     4.0872      123.5    30.0
20230531.0500     0.8156     4.1060      123.6    30.0
20230531.0600     0.8248     4.1111      123.9    30.0
20230531.0700     0.8391     4.1133      124.4    30.0
20230531.0800     0.8538     4.1194      125.1    30.0
20230531.0900     0.8700     4.1260      126.0    30.0
20230531.1000     0.8714     4.1483      126.2    30.0
20230531.1100     0.8941     4.2139      126.4    30.0
20230531.1200     0.8940     4.2365      126.7    30.0
20230531.1300     0.8987     4.2435      126.9    30.0
20230531.1400     0.9034     4.2491      127.0    30.0
20230531.1500     0.8983     4.2660      127.0    30.0
20230531.1600     0.8952     4.2702      126.9    30.0
20230531.1700     0.9107     4.2465      126.7    30.0
20230531.1800     0.9280     4.2353      126.3    30.0
20230531.1900     0.9362     4.2441      125.6    30.0
20230531.2000     0.9322     4.2653      124.9    30.0
20230531.2100     0.9255     4.2803      124.1    30.0
20230531.2200     0.9126     4.2958      123.1    30.0
20230531.2300     0.9115     4.2858      122.1    30.0
20230601.0000     0.9243     4.2616      121.1    30.0
20230601.0100     0.9378     4.2504      120.1    30.0
20230601.0200     0.9528     4.2481      119.3    30.0
20230601.0300     0.9661     4.2549      118.8    30.0
20230601.0400     0.9692     4.2744      118.7    30.0
20230601.0500     0.9617     4.2996      119.0    30.0
20230601.0600     0.9545     4.3152      119.3    30.0
20230601.0700     0.9568     4.3143      119.6    30.0
20230601.0800     0.9627     4.3103      119.9    30.0
20230601.0900     0.9652     4.3133      120.4    30.0
20230601.1000     0.9485     4.3377      120.8    30.0
20230601.1100     0.9353     4.3454      121.3    30.0
20230601.1200     0.9205     4.3503      121.7    30.0
20230601.1300     0.9006     4.3619      122.0    30.0
20230601.1400     0.8821     4.3666      122.0    30.0
20230601.1500     0.8693     4.3547      121.8    30.0
20230601.1600     0.8617     4.3312      121.6    30.0
20230601.1700     0.8552     4.3086      121.3    30.0
20230601.1800     0.8525     4.2811      121.2    30.0
20230601.1900     0.8571     4.2448      121.0    30.0
20230601.2000     0.8668     4.2108      121.0    30.0
20230601.2100     0.8838     4.1806      121.1    30.0
20230601.2200     0.8718     4.1968      121.2    30.0
20230601.2300     0.9151     4.2806      121.1    30.0
20230602.0000     0.9288     4.2682      121.3    30.0
20230602.0100     0.9552     4.2544      121.4    30.0
20230602.0200     0.9946     4.2504      121.6    30.0
20230602.0300     1.0351     4.2674      121.7    30.0
20230602.0400     1.0677     4.3005      121.8    30.0
20230602.0500     1.0828     4.3409      121.7    30.0
20230602.0600     1.0729     4.3795      121.3    30.0
20230602.0700     1.0518     4.4037      121.0    30.0
20230602.0800     1.0320     4.4091      120.8    30.0
20230602.0900     1.0203     4.3992      120.8    30.0
20230602.1000     1.0039     4.3922      120.8    30.0
20230602.1100     1.0120     4.3629      121.0    30.0
20230602.1200     1.0397     4.3409      121.1    30.0
20230602.1300     1.0628     4.3487      120.2    30.0
20230602.1400     1.0853     4.3680      118.7    30.0
20230602.1500     1.0985     4.3966      117.5    30.0
20230602.1600     1.0818     4.4380      116.9    30.0
20230602.1700     1.0592     4.4644      116.7    30.0
20230602.1800     1.0436     4.4678      116.8    30.0
20230602.1900     1.0326     4.4596      117.0    30.0
20230602.2000     1.0244     4.4486      117.5    30.0
20230602.2100     1.0182     4.4370      118.0    30.0
20230602.2200     1.0099     4.4297      118.3    30.0
20230602.2300     1.0076     4.4150      117.7    30.0
20230603.0000     1.0000     4.4121      117.2    30.0
20230603.0100     0.9856     4.4158      117.1    30.0
20230603.0200     0.9798     4.4038      117.0    30.0
20230603.0300     0.9766     4.3929      116.9    30.0
20230603.0400     0.9732     4.3868      116.8    30.0
20230603.0500     0.9722     4.3808      116.8    30.0
20230603.0600     0.9661     4.3836      117.0    30.0
20230603.0700     0.9551     4.3928      117.3    30.0
20230603.0800     0.9422     4.4010      117.8    30.0
20230603.0900     0.9334     4.3968      118.7    30.0
20230603.1000     0.9222     4.3934      119.4    30.0
20230603.1100     1.0217     4.6484      119.9    30.0
20230603.1200     0.9890     4.6343      120.3    30.0
20230603.1300     0.9650     4.6002      120.7    30.0
20230603.1400     0.9463     4.5581      121.0    30.0
20230603.1500     0.9383     4.4998      121.2    30.0
20230603.1600     0.9279     4.4572      121.2    30.0
20230603.1700     0.9074     4.4443      121.3    30.0
20230603.1800     0.8789     4.4517      121.3    30.0
20230603.1900     0.8531     4.4487      121.4    30.0
20230603.2000     0.8346     4.4234      121.0    30.0
20230603.2100     0.8221     4.3854      120.3    30.0
20230603.2200     0.7965     4.3967      120.2    30.0
20230603.2300     0.7764     4.3878      120.0    30.0
20230604.0000     0.7650     4.3482      119.5    30.0
20230604.0100     0.7712     4.2598      118.3    30.0
20230604.0200     0.7844     4.1789      117.3    30.0
20230604.0300     0.8061     4.1115      116.2    30.0
20230604.0400     0.8170     4.0916      115.3    30.0
20230604.0500     0.8035     4.1223      115.1    30.0
20230604.0600     0.7920     4.1367      115.3    30.0
20230604.0700     0.7805     4.1478      115.5    30.0
20230604.0800     0.7640     4.1702      116.4    30.0
20230604.0900     0.7456     4.1949      117.5    30.0
20230604.1000     0.7461     4.1561      118.2    30.0
20230604.1100     0.7350     4.1598      118.8    30.0
20230604.1200     0.7245     4.1564      119.5    30.0
20230604.1300     0.7134     4.1536      119.9    30.0
20230604.1400     0.7011     4.1531      120.0    30.0
20230604.1500     0.6852     4.1625      120.0    30.0
20230604.1600     0.6695     4.1681      119.9    30.0
20230604.1700     0.6570     4.1569      119.7    30.0
20230604.1800     0.6457     4.1415      119.5    30.0
20230604.1900     0.6314     4.1397      119.4    30.0
20230604.2000     0.6167     4.1374      119.4    30.0
20230604.2100     0.6031     4.1285      119.3    30.0
20230604.2200     0.5908     4.1106      119.1    30.0
20230604.2300     0.6442     4.2878      119.0    30.0
20230605.0000     0.6354     4.2056      119.0    30.0
20230605.0100     0.6459     4.0659      118.9    30.0
20230605.0200     0.6709     3.9333      118.6    30.0
20230605.0300     0.6987     3.8509      118.2    30.0
20230605.0400     0.7230     3.8169      117.6    30.0
20230605.0500     0.7436     3.8139      117.1    30.0
20230605.0600     0.7546     3.8333      117.4    30.0
20230605.0700     0.7583     3.8558      118.4    30.0
20230605.0800     0.7568     3.8712      119.3    30.0
20230605.0900     0.7564     3.8779      119.9    30.0
20230605.1000     0.7380     3.9052      119.8    30.0
20230605.1100     0.7308     3.8998      119.2    30.0
20230605.1200     0.7403     3.8706      118.3    30.0
20230605.1300     0.7559     3.8516      117.3    30.0
20230605.1400     0.7752     3.8445      116.0    30.0
20230605.1500     0.7920     3.8529      114.6    30.0
20230605.1600     0.7991     3.8727      113.5    30.0
20230605.1700     0.7928     3.8995      113.1    30.0
20230605.1800     0.7788     3.9218      112.9    30.0
20230605.1900     0.7656     3.9303      112.5    30.0
20230605.2000     0.7551     3.9292      112.0    30.0
20230605.2100     0.7436     3.9316      111.7    30.0
20230605.2200     0.7276     3.9404      111.3    30.0
20230605.2300     0.7179     3.9337      111.1    30.0
20230606.0000     0.7108     3.9228      111.1    30.0
20230606.0100     0.7058     3.9118      111.2    30.0
20230606.0200     0.7049     3.8980      111.3    30.0
20230606.0300     0.7021     3.8968      111.4    30.0
20230606.0400     0.6921     3.9187      111.9    30.0
20230606.0500     0.6841     3.9367      112.5    30.0
20230606.0600     0.6837     3.9428      113.4    30.0
20230606.0700     0.6866     3.9416      115.6    30.0
20230606.0800     0.6938     3.9310      118.0    30.0
20230606.0900     0.6916     3.9398      120.1    30.0
20230606.1000     0.6873     3.9444      121.3    30.0
20230606.1100     0.7051     4.0365      121.7    30.0
20230606.1200     0.6979     4.0149      121.5    30.0
20230606.1300     0.7005     3.9740      120.9    30.0
20230606.1400     0.6928     3.9669      120.5    30.0
20230606.1500     0.6792     3.9774      120.1    30.0
20230606.1600     0.6660     3.9846      119.4    30.0
20230606.1700     0.6598     3.9684      118.5    30.0
20230606.1800     0.6583     3.9455      117.7    30.0
20230606.1900     0.6575     3.9273      116.9    30.0
20230606.2000     0.6520     3.9306      116.5    30.0
20230606.2100     0.6461     3.9391      116.3    30.0
20230606.2200     0.6487     3.9230      116.3    30.0
20230606.2300     0.6622     3.8895      116.3    30.0
20230607.0000     0.6969     3.8442      116.0    30.0
20230607.0100     0.7581     3.8239      115.7    30.0
20230607.0200     0.8199     3.8650      115.3    30.0
20230607.0300     0.8535     3.9431      115.2    30.0
20230607.0400     0.8714     4.0178      115.8    30.0
20230607.0500     0.8949     4.0668      116.1    30.0
20230607.0600     0.9256     4.1023      116.2    30.0
20230607.0700     0.9486     4.1435      116.7    30.0
20230607.0800     0.9758     4.1794      117.0    30.0
20230607.0900     0.9975     4.2215      117.4    30.0
20230607.1000     1.0146     4.2594      118.1    30.0
20230607.1100     1.0670     4.3163      118.6    30.0
20230607.1200     1.0878     4.3597      118.1    30.0
20230607.1300     1.0997     4.3985      117.5    30.0
20230607.1400     1.1147     4.4261      117.0    30.0
20230607.1500     1.1216     4.4501      116.3    30.0
20230607.1600     1.1181     4.4698      115.8    30.0
20230607.1700     1.1205     4.4754      115.5    30.0
20230607.1800     1.1305     4.4772      115.4    30.0
20230607.1900     1.1553     4.4824      115.1    30.0
20230607.2000     1.1945     4.5031      115.0    30.0
20230607.2100     1.2289     4.5517      114.9    30.0
20230607.2200     1.2383     4.6168      114.9    30.0
20230607.2300     1.3599     4.8186      114.5    30.0
20230608.0000     1.3598     4.8525      114.1    30.0
20230608.0100     1.3497     4.8858      113.9    30.0
20230608.0200     1.3312     4.9081      114.0    30.0
20230608.0300     1.3068     4.9191      114.0    30.0
20230608.0400     1.2739     4.9285      114.1    30.0
20230608.0500     1.2371     4.9315      114.4    30.0
20230608.0600     1.1957     4.9338      115.1    30.0
20230608.0700     1.1611     4.9131      115.9    30.0
20230608.0800     1.1215     4.8975      116.4    30.0
20230608.0900     1.0843     4.8741      116.9    30.0
20230608.1000     1.0609     4.8168      117.5    30.0
20230608.1100     1.0385     4.7669      118.1    30.0
20230608.1200     1.0178     4.7192      118.6    30.0
20230608.1300     0.9948     4.6822      118.9    30.0
20230608.1400     0.9686     4.6542      119.0    30.0
20230608.1500     0.9407     4.6317      118.9    30.0
20230608.1600     0.9177     4.5927      118.8    30.0
20230608.1700     0.8967     4.5504      118.8    30.0
20230608.1800     0.8753     4.5125      118.7    30.0
20230608.1900     0.8566     4.4704      118.7    30.0
20230608.2000     0.8440     4.4185      118.8    30.0
20230608.2100     0.8380     4.3591      119.1    30.0
20230608.2200     0.8236     4.3340      119.1    30.0
20230608.2300     0.8260     4.2746      119.0    30.0
20230609.0000     0.8359     4.2202      118.6    30.0
20230609.0100     0.8425     4.1921      118.0    30.0
20230609.0200     0.8453     4.1778      117.1    30.0
20230609.0300     0.8440     4.1736      116.2    30.0
20230609.0400     0.8424     4.1689      115.4    30.0
20230609.0500     0.8413     4.1624      114.7    30.0
20230609.0600     0.8439     4.1504      114.3    30.0
20230609.0700     0.8483     4.1385      114.1    30.0
20230609.0800     0.8538     4.1288      114.0    30.0
20230609.0900     0.8595     4.1225      113.8    30.0
20230609.1000     0.8693     4.1160      114.1    30.0
20230609.1100     0.8774     4.1274      114.4    30.0
20230609.1200     0.8875     4.1236      114.8    30.0
20230609.1300     0.8964     4.1238      115.4    30.0
20230609.1400     0.8963     4.1305      116.0    30.0
20230609.1500     0.8802     4.1441      116.5    30.0
20230609.1600     0.8527     4.1561      117.2    30.0
20230609.1700     0.8282     4.1464      118.3    30.0
20230609.1800     0.8122     4.1142      119.5    30.0
20230609.1900     0.8074     4.0676      120.7    30.0
20230609.2000     0.8109     4.0236      121.4    30.0
20230609.2100     0.8186     3.9928      121.9    30.0
20230609.2200     0.8058     3.9957      121.5    30.0
20230609.2300     0.7956     3.9907      121.2    30.0
20230610.0000     0.7863     3.9828      121.0    30.0
20230610.0100     0.7798     3.9711      120.8    30.0
20230610.0200     0.7732     3.9603      120.5    30.0
20230610.0300     0.7681     3.9488      120.3    30.0
20230610.0400     0.7643     3.9361      120.4    30.0
20230610.0500     0.7608     3.9288      120.4    30.0
20230610.0600     0.7583     3.9245      120.3    30.0
20230610.0700     0.7588     3.9211      119.9    30.0
20230610.0800     0.7629     3.9168      119.2    30.0
20230610.0900     0.7699     3.9148      118.8    30.0
20230610.1000     0.7626     3.9326      118.6    30.0
20230610.1100     0.7699     3.9173      118.7    30.0
20230610.1200     0.8021     3.8988      118.9    30.0
20230610.1300     0.8432     3.9068      119.0    30.0
20230610.1400     0.8759     3.9415      118.9    30.0
20230610.1500     0.8914     3.9826      118.6    30.0
20230610.1600     0.8975     4.0139      118.4    30.0
20230610.1700     0.8990     4.0337      118.3    30.0
20230610.1800     0.8955     4.0462      118.3    30.0
20230610.1900     0.8848     4.0549      118.4    30.0
20230610.2000     0.8699     4.0573      118.6    30.0
20230610.2100     0.8568     4.0496      118.9    30.0
20230610.2200     0.8497     4.0325      119.0    30.0
20230610.2300     0.8706     4.0880      119.1    30.0
20230611.0000     0.8508     4.0782      119.2    30.0
20230611.0100     0.8317     4.0685      119.3    30.0
20230611.0200     0.8213     4.0489      119.8    30.0
20230611.0300     0.8188     4.0264      120.6    30.0
20230611.0400     0.8184     4.0107      121.8    30.0
20230611.0500     0.8197     4.0008      123.0    30.0
20230611.0600     0.8215     3.9977      124.0    30.0
20230611.0700     0.8280     3.9972      125.1    30.0
20230611.0800     0.8336     4.0072      126.3    30.0
20230611.0900     0.8560     4.0097      128.2    30.0
20230611.1000     0.8756     4.0335      129.8    30.0
20230611.1100     0.9209     4.0559      131.8    30.0
20230611.1200     0.9941     4.1047      132.7    30.0
20230611.1300     1.0750     4.1921      132.1    30.0
20230611.1400     1.1502     4.3003      131.0    30.0
20230611.1500     1.2004     4.4118      129.9    30.0
20230611.1600     1.2150     4.5098      128.9    30.0
20230611.1700     1.2012     4.5865      127.8    30.0
20230611.1800     1.1758     4.6418      126.8    30.0
20230611.1900     1.1443     4.6757      126.2    30.0
20230611.2000     1.1128     4.6892      125.9    30.0
20230611.2100     1.0963     4.6730      125.6    30.0
20230611.2200     1.1193     4.6238      124.7    30.0
20230611.2300     1.2001     4.6502      124.1    30.0
20230612.0000     1.2350     4.6657      123.4    30.0
20230612.0100     1.2423     4.6991      122.4    30.0
20230612.0200     1.2375     4.7287      121.1    30.0
20230612.0300     1.2096     4.7677      120.0    30.0
20230612.0400     1.1613     4.8284      119.8    30.0
20230612.0500     1.1084     4.9034      120.4    30.0
20230612.0600     1.0648     4.9574      121.1    30.0
20230612.0700     1.0320     4.9821      121.7    30.0
20230612.0800     1.0073     4.9833      122.2    30.0
20230612.0900     0.9898     4.9640      122.6    30.0
20230612.1000     0.9881     4.8966      122.2    30.0
20230612.1100     1.0087     4.7878      121.2    30.0
20230612.1200     1.0444     4.6918      120.3    30.0
20230612.1300     1.0840     4.6378      119.7    30.0
20230612.1400     1.1092     4.6318      119.5    30.0
20230612.1500     1.1235     4.6439      119.3    30.0
20230612.1600     1.1341     4.6587      119.1    30.0
20230612.1700     1.1463     4.6702      118.8    30.0
20230612.1800     1.1531     4.6881      118.8    30.0
20230612.1900     1.1568     4.7036      118.7    30.0
20230612.2000     1.1598     4.7121      118.4    30.0
20230612.2100     1.1635     4.7142      117.9    30.0
20230612.2200     1.1480     4.7312      117.6    30.0
20230612.2300     1.1395     4.7259      116.6    30.0
20230613.0000     1.1409     4.7040      115.3    30.0
20230613.0100     1.1604     4.6722      114.2    30.0
20230613.0200     1.1856     4.6543      113.6    30.0
20230613.0300     1.2139     4.6517      113.2    30.0
20230613.0400     1.2299     4.6684      113.2    30.0
20230613.0500     1.2402     4.6923      113.5    30.0
20230613.0600     1.2479     4.7196      114.1    30.0
20230613.0700     1.2591     4.7473      115.0    30.0
20230613.0800     1.2671     4.7777      116.0    30.0
20230613.0900     1.2758     4.8040      117.3    30.0
20230613.1000     1.2556     4.8429      118.1    30.0
20230613.1100     1.2640     4.9029      118.4    30.0
20230613.1200     1.2472     4.9107      118.7    30.0
20230613.1300     1.2315     4.9074      119.0    30.0
20230613.1400     1.2299     4.8804      119.5    30.0
20230613.1500     1.2299     4.8556      120.1    30.0
20230613.1600     1.2063     4.8612      120.2    30.0
20230613.1700     1.1718     4.8763      119.9    30.0
20230613.1800     1.1381     4.8861      119.7    30.0
20230613.1900     1.1079     4.8844      119.6    30.0
20230613.2000     1.0836     4.8709      119.6    30.0
20230613.2100     1.0705     4.8386      119.5    30.0
20230613.2200     1.0452     4.8387      119.6    30.0
20230613.2300     1.0403     4.7942      119.5    30.0
20230614.0000     1.0450     4.7405      119.1    30.0
20230614.0100     1.0389     4.7151      118.6    30.0
20230614.0200     1.0362     4.6851      118.0    30.0
20230614.0300     1.0499     4.6367      117.6    30.0
20230614.0400     1.0526     4.6063      117.3    30.0
20230614.0500     1.0451     4.5905      116.8    30.0
20230614.0600     1.0201     4.6073      116.8    30.0
20230614.0700     0.9823     4.6480      117.3    30.0
20230614.0800     0.9502     4.6697      118.2    30.0
20230614.0900     0.9268     4.6705      119.1    30.0
20230614.1000     0.8833     4.7630      119.7    30.0
20230614.1100     0.8501     4.8254      120.2    30.0
20230614.1200     0.8277     4.8374      120.5    30.0
20230614.1300     0.8172     4.7935      120.4    30.0
20230614.1400     0.8145     4.7198      120.4    30.0
20230614.1500     0.8168     4.6365      120.8    30.0
20230614.1600     0.8215     4.5550      121.2    30.0
20230614.1700     0.8368     4.4552      121.3    30.0
20230614.1800     0.8410     4.4115      121.5    30.0
20230614.1900     0.8170     4.4473      121.5    30.0
20230614.2000     0.7863     4.4988      121.5    30.0
20230614.2100     0.7578     4.5377      121.6    30.0
20230614.2200     0.7296     4.5744      121.5    30.0
20230614.2300     0.7515     4.7081      121.5    30.0
20230615.0000     0.7414     4.6661      121.3    30.0
20230615.0100     0.7562     4.5180      120.0    30.0
20230615.0200     0.7901     4.3542      118.3    30.0
20230615.0300     0.8168     4.2659      116.8    30.0
20230615.0400     0.8202     4.2578      116.2    30.0
20230615.0500     0.8097     4.2781      115.8    30.0
20230615.0600     0.7927     4.3046      115.7    30.0
20230615.0700     0.7690     4.3444      116.0    30.0
20230615.0800     0.7456     4.3740      116.6    30.0
20230615.0900     0.7303     4.3659      116.8    30.0
20230615.1000     0.7199     4.3363      116.9    30.0
20230615.1100     0.7256     4.2548      116.3    30.0
20230615.1200     0.7269     4.2053      115.7    30.0
20230615.1300     0.7173     4.1938      115.7    30.0
20230615.1400     0.7048     4.1874      115.8    30.0
20230615.1500     0.6916     4.1806      115.8    30.0
20230615.1600     0.6770     4.1753      115.7    30.0
20230615.1700     0.6621     4.1708      115.6    30.0
20230615.1800     0.6476     4.1671      115.3    30.0
20230615.1900     0.6342     4.1617      115.1    30.0
20230615.2000     0.6217     4.1568      114.7    30.0
20230615.2100     0.6104     4.1557      114.3    30.0
20230615.2200     0.6030     4.1393      114.0    30.0
20230615.2300     0.6010     4.1130      113.6    30.0
20230616.0000     0.5968     4.1007      113.2    30.0
20230616.0100     0.5863     4.1219      113.2    30.0
20230616.0200     0.5752     4.1440      113.3    30.0
20230616.0300     0.5636     4.1691      113.5    30.0
20230616.0400     0.5495     4.2132      114.2    30.0
20230616.0500     0.5358     4.2581      115.0    30.0
20230616.0600     0.5237     4.2897      115.8    30.0
20230616.0700     0.5163     4.2797      116.9    30.0
20230616.0800     0.5109     4.2561      118.7    30.0
20230616.0900     0.5028     4.2540      119.7    30.0
20230616.1000     0.4861     4.3218      120.1    30.0
20230616.1100     0.5688     4.7183      120.4    30.0
20230616.1200     0.5591     4.7377      120.6    30.0
20230616.1300     0.5499     4.7155      121.0    30.0
20230616.1400     0.5409     4.6708      121.5    30.0
20230616.1500     0.5323     4.6123      121.9    30.0
20230616.1600     0.5276     4.5224      122.3    30.0
20230616.1700     0.5260     4.4153      122.8    30.0
20230616.1800     0.5259     4.3090      123.1    30.0
20230616.1900     0.5322     4.1798      123.1    30.0
20230616.2000     0.5528     4.0059      122.1    30.0
20230616.2100     0.5936     3.8219      120.2    30.0
20230616.2200     0.6695     3.6746      117.1    30.0
20230616.2300     0.7269     3.6605      115.5    30.0
20230617.0000     0.7724     3.6964      113.7    30.0
20230617.0100     0.8056     3.7524      111.9    30.0
20230617.0200     0.8296     3.8068      109.9    30.0
20230617.0300     0.8462     3.8562      108.4    30.0
20230617.0400     0.8552     3.9003      107.2    30.0
20230617.0500     0.8567     3.9397      106.9    30.0
20230617.0600     0.8497     3.9790      107.4    30.0
20230617.0700     0.8364     4.0167      108.5    30.0
20230617.0800     0.8266     4.0440      109.9    30.0
20230617.0900     0.8183     4.0679      111.3    30.0
20230617.1000     0.8005     4.1133      113.2    30.0
20230617.1100     0.7932     4.1355      114.8    30.0
20230617.1200     0.7868     4.1556      116.2    30.0
20230617.1300     0.7782     4.1802      117.4    30.0
20230617.1400     0.7693     4.2002      118.2    30.0
20230617.1500     0.7587     4.2174      118.5    30.0
20230617.1600     0.7492     4.2207      118.5    30.0
20230617.1700     0.7409     4.2121      118.4    30.0
20230617.1800     0.7329     4.1964      118.3    30.0
20230617.1900     0.7224     4.1827      118.2    30.0
20230617.2000     0.7107     4.1694      118.1    30.0
20230617.2100     0.6995     4.1514      117.9    30.0
20230617.2200     0.6803     4.1615      117.8    30.0
20230617.2300     0.7182     4.2978      117.5    30.0
20230618.0000     0.7063     4.2890      117.3    30.0
20230618.0100     0.6965     4.2688      116.8    30.0
20230618.0200     0.6918     4.2280      116.1    30.0
20230618.0300     0.6903     4.1803      115.4    30.0
20230618.0400     0.6838     4.1566      115.2    30.0
20230618.0500     0.6711     4.1551      115.4    30.0
20230618.0600     0.6601     4.1420      115.6    30.0
20230618.0700     0.6522     4.1145      115.9    30.0
20230618.0800     0.6459     4.0821      116.4    30.0
20230618.0900     0.6424     4.0421      116.8    30.0
20230618.1000     0.6208     4.0775      117.5    30.0
20230618.1100     0.6094     4.0610      118.0    30.0
20230618.1200     0.6019     4.0276      118.4    30.0
20230618.1300     0.5950     3.9956      118.8    30.0
20230618.1400     0.5822     3.9919      119.3    30.0
20230618.1500     0.5639     4.0188      119.7    30.0
20230618.1600     0.5459     4.0427      119.9    30.0
20230618.1700     0.5281     4.0687      120.1    30.0
20230618.1800     0.5117     4.0894      120.2    30.0
20230618.1900     0.4975     4.0983      120.4    30.0
20230618.2000     0.4846     4.0976      120.6    30.0
20230618.2100     0.4746     4.0809      120.7    30.0
20230618.2200     0.4683     4.0329      120.3    30.0
20230618.2300     0.4726     3.9264      119.0    30.0
20230619.0000     0.4808     3.8136      117.6    30.0
20230619.0100     0.4858     3.7447      116.7    30.0
20230619.0200     0.4835     3.7190      116.1    30.0
20230619.0300     0.4758     3.7188      115.7    30.0
20230619.0400     0.4630     3.7476      115.7    30.0
20230619.0500     0.4476     3.7939      115.9    30.0
20230619.0600     0.4325     3.8395      116.2    30.0
20230619.0700     0.4192     3.8740      116.5    30.0
20230619.0800     0.4093     3.8796      117.1    30.0
20230619.0900     0.4043     3.8448      118.9    30.0
20230619.1000     0.3924     3.8656      119.9    30.0
20230619.1100     0.3907     3.9233      120.1    30.0
20230619.1200     0.3799     3.9314      120.2    30.0
20230619.1300     0.3719     3.9204      120.4    30.0
20230619.1400     0.3644     3.9127      120.5    30.0
20230619.1500     0.3578     3.9054      120.8    30.0
20230619.1600     0.3523     3.8888      121.0    30.0
20230619.1700     0.3464     3.8833      121.0    30.0
20230619.1800     0.3429     3.8517      121.1    30.0
20230619.1900     0.3405     3.8222      121.3    30.0
20230619.2000     0.3406     3.7686      122.0    30.0
20230619.2100     0.3376     3.7500      122.4    30.0
20230619.2200     0.3323     3.7221      120.2    30.0
20230619.2300     0.3330     3.6688      118.2    30.0
20230620.0000     0.3306     3.6462      116.9    30.0
20230620.0100     0.3252     3.6516      116.5    30.0
20230620.0200     0.3193     3.6635      116.7    30.0
20230620.0300     0.3146     3.6637      116.8    30.0
20230620.0400     0.3115     3.6505      116.1    30.0
20230620.0500     0.3118     3.6064      114.5    30.0
20230620.0600     0.3117     3.5671      113.6    30.0
20230620.0700     0.3164     3.4917      112.1    30.0
20230620.0800     0.3165     3.4584      112.2    30.0
20230620.0900     0.3221     3.3954      112.5    30.0
20230620.1000     0.3222     3.3678      113.6    30.0
20230620.1100     0.3467     3.2352      115.9    30.0
20230620.1200     0.3649     3.1675      116.4    30.0
20230620.1300     0.3889     3.1119      115.4    30.0
20230620.1400     0.4148     3.0899      114.2    30.0
20230620.1500     0.4322     3.1016      113.4    30.0
20230620.1600     0.4489     3.1144      112.5    30.0
20230620.1700     0.4701     3.1277      111.7    30.0
20230620.1800     0.4911     3.1508      110.9    30.0
20230620.1900     0.5086     3.1833      110.5    30.0
20230620.2000     0.5213     3.2210      110.3    30.0
20230620.2100     0.5337     3.2557      110.3    30.0
20230620.2200     0.5258     3.3106      110.0    30.0
20230620.2300     0.5870     3.5054      109.9    30.0
20230621.0000     0.5858     3.5172      110.7    30.0
20230621.0100     0.5849     3.5313      111.9    30.0
20230621.0200     0.5871     3.5394      113.0    30.0
20230621.0300     0.5949     3.5414      114.0    30.0
20230621.0400     0.6123     3.5389      114.9    30.0
20230621.0500     0.6387     3.5442      116.0    30.0
20230621.0600     0.6649     3.5700      117.0    30.0
20230621.0700     0.6804     3.6134      117.8    30.0
20230621.0800     0.6816     3.6655      118.8    30.0
20230621.0900     0.6817     3.7057      119.9    30.0
20230621.1000     0.6753     3.7464      121.0    30.0
20230621.1100     0.6878     3.7511      121.7    30.0
20230621.1200     0.7198     3.7474      121.6    30.0
20230621.1300     0.7571     3.7660      121.1    30.0
20230621.1400     0.7940     3.8022      120.1    30.0
20230621.1500     0.8187     3.8507      119.0    30.0
20230621.1600     0.8380     3.8937      117.7    30.0
20230621.1700     0.8483     3.9335      116.7    30.0
20230621.1800     0.8550     3.9612      115.6    30.0
20230621.1900     0.8680     3.9735      113.9    30.0
20230621.2000     0.8904     3.9803      111.8    30.0
20230621.2100     0.9131     3.9968      109.9    30.0
20230621.2200     0.9127     4.0346      109.4    30.0
20230621.2300     0.9114     4.0609      109.0    30.0
20230622.0000     0.9086     4.0816      109.0    30.0
20230622.0100     0.9077     4.0944      109.1    30.0
20230622.0200     0.9063     4.1069      109.5    30.0
20230622.0300     0.8997     4.1241      110.2    30.0
20230622.0400     0.8903     4.1398      111.1    30.0
20230622.0500     0.8785     4.1538      111.8    30.0
20230622.0600     0.8726     4.1545      112.2    30.0
20230622.0700     0.8715     4.1496      112.6    30.0
20230622.0800     0.8668     4.1501      113.0    30.0
20230622.0900     0.8583     4.1537      113.6    30.0
20230622.1000     0.8391     4.1699      114.7    30.0
20230622.1100     0.8630     4.2225      115.7    30.0
20230622.1200     0.8639     4.1804      116.7    30.0
20230622.1300     0.8725     4.1464      117.5    30.0
20230622.1400     0.8753     4.1331      118.2    30.0
20230622.1500     0.8747     4.1262      118.5    30.0
20230622.1600     0.8720     4.1202      118.7    30.0
20230622.1700     0.8694     4.1122      118.8    30.0
20230622.1800     0.8673     4.1033      119.0    30.0
20230622.1900     0.8631     4.0962      119.3    30.0
20230622.2000     0.8564     4.0902      119.4    30.0
20230622.2100     0.8493     4.0825      119.4    30.0
20230622.2200     0.8291     4.0873      119.1    30.0
20230622.2300     0.8058     4.0890      118.6    30.0
20230623.0000     0.7869     4.0753      118.0    30.0
20230623.0100     0.7712     4.0538      117.3    30.0
20230623.0200     0.7573     4.0303      116.6    30.0
20230623.0300     0.7430     4.0113      116.2    30.0
20230623.0400     0.7244     4.0034      116.0    30.0
20230623.0500     0.7016     4.0060      116.1    30.0
20230623.0600     0.6770     4.0122      116.4    30.0
20230623.0700     0.6558     4.0087      117.1    30.0
20230623.0800     0.6412     3.9840      118.0    30.0
20230623.0900     0.6357     3.9363      119.2    30.0
20230623.1000     0.6231     3.9254      119.8    30.0
20230623.1100     0.6179     3.8946      120.4    30.0
20230623.1200     0.6177     3.8541      121.0    30.0
20230623.1300     0.6181     3.8227      121.5    30.0
20230623.1400     0.6132     3.8138      121.9    30.0
20230623.1500     0.6005     3.8304      122.3    30.0
20230623.1600     0.5834     3.8596      122.6    30.0
20230623.1700     0.5701     3.8674      122.8    30.0
20230623.1800     0.5630     3.8475      122.8    30.0
20230623.1900     0.5624     3.8060      122.7    30.0
20230623.2000     0.5679     3.7514      122.6    30.0
20230623.2100     0.5740     3.7080      122.4    30.0
20230623.2200     0.5727     3.6904      121.7    30.0
20230623.2300     0.5973     3.7759      121.4    30.0
20230624.0000     0.5834     3.7695      121.4    30.0
20230624.0100     0.5667     3.7728      121.5    30.0
20230624.0200     0.5513     3.7717      121.8    30.0
20230624.0300     0.5403     3.7577      122.1    30.0
20230624.0400     0.5342     3.7295      122.2    30.0
20230624.0500     0.5335     3.6908      122.4    30.0
20230624.0600     0.5355     3.6558      122.5    30.0
20230624.0700     0.5374     3.6337      122.5    30.0
20230624.0800     0.5374     3.6228      122.3    30.0
20230624.0900     0.5381     3.6112      122.3    30.0
20230624.1000     0.5314     3.6200      121.7    30.0
20230624.1100     0.5276     3.6185      121.3    30.0
20230624.1200     0.5257     3.6127      121.1    30.0
20230624.1300     0.5236     3.6121      121.0    30.0
20230624.1400     0.5196     3.6195      121.1    30.0
20230624.1500     0.5112     3.6455      121.1    30.0
20230624.1600     0.5004     3.6793      121.2    30.0
20230624.1700     0.4902     3.7066      121.4    30.0
20230624.1800     0.4834     3.7126      121.7    30.0
20230624.1900     0.4771     3.7163      121.8    30.0
20230624.2000     0.4701     3.7232      121.6    30.0
20230624.2100     0.4642     3.7236      121.1    30.0
20230624.2200     0.4581     3.7163      120.2    30.0
20230624.2300     0.4541     3.7040      119.6    30.0
20230625.0000     0.4525     3.6804      119.1    30.0
20230625.0100     0.4556     3.6344      118.8    30.0
20230625.0200     0.4668     3.5657      118.6    30.0
20230625.0300     0.4812     3.5099      118.7    30.0
20230625.0400     0.4949     3.4789      119.0    30.0
20230625.0500     0.5088     3.4591      119.4    30.0
20230625.0600     0.5228     3.4504      119.8    30.0
20230625.0700     0.5321     3.4582      120.1    30.0
20230625.0800     0.5356     3.4776      120.2    30.0
20230625.0900     0.5347     3.5003      120.3    30.0
20230625.1000     0.5215     3.5466      120.2    30.0
20230625.1100     0.5136     3.5700      120.1    30.0
20230625.1200     0.5154     3.5549      119.7    30.0
20230625.1300     0.5250     3.5267      119.1    30.0
20230625.1400     0.5279     3.5294      118.8    30.0
20230625.1500     0.5262     3.5453      118.9    30.0
20230625.1600     0.5244     3.5548      119.2    30.0
20230625.1700     0.5208     3.5675      119.5    30.0
20230625.1800     0.5108     3.6000      119.6    30.0
20230625.1900     0.4968     3.6433      119.6    30.0
20230625.2000     0.4844     3.6734      119.6    30.0
20230625.2100     0.4730     3.6985      119.5    30.0
20230625.2200     0.4572     3.7405      119.3    30.0
20230625.2300     0.4472     3.7554      119.1    30.0
20230626.0000     0.4372     3.7713      118.9    30.0
20230626.0100     0.4275     3.7873      118.8    30.0
20230626.0200     0.4191     3.7937      118.8    30.0
20230626.0300     0.4115     3.7958      118.8    30.0
20230626.0400     0.4037     3.8003      118.9    30.0
20230626.0500     0.3969     3.7977      119.1    30.0
20230626.0600     0.3918     3.7854      119.7    30.0
20230626.0700     0.3875     3.7672      120.4    30.0
20230626.0800     0.3874     3.7233      121.8    30.0
20230626.0900     0.3900     3.6639      123.6    30.0
20230626.1000     0.3802     3.6888      123.9    30.0
20230626.1100     0.3767     3.6729      123.9    30.0
20230626.1200     0.3781     3.6228      124.5    30.0
20230626.1300     0.3812     3.5682      125.1    30.0
20230626.1400     0.3842     3.5261      125.4    30.0
20230626.1500     0.3870     3.4930      125.7    30.0
20230626.1600     0.3893     3.4663      126.0    30.0
20230626.1700     0.3917     3.4401      126.4    30.0
20230626.1800     0.3922     3.4273      126.5    30.0
20230626.1900     0.3909     3.4225      126.3    30.0
20230626.2000     0.3911     3.4069      125.9    30.0
20230626.2100     0.3941     3.3783      125.3    30.0
20230626.2200     0.3902     3.3765      124.2    30.0
20230626.2300     0.3903     3.3551      123.8    30.0
20230627.0000     0.3911     3.3289      123.7    30.0
20230627.0100     0.3933     3.2978      123.7    30.0
20230627.0200     0.4019     3.2489      124.2    30.0
20230627.0300     0.4216     3.1915      124.6    30.0
20230627.0400     0.4482     3.1587      125.1    30.0
20230627.0500     0.4761     3.1574      125.3    30.0
20230627.0600     0.5061     3.1752      125.3    30.0
20230627.0700     0.5353     3.2096      125.3    30.0
20230627.0800     0.5612     3.2540      125.4    30.0
20230627.0900     0.5848     3.2997      125.6    30.0
20230627.1000     0.5959     3.3464      125.3    30.0
20230627.1100     0.6094     3.3815      125.2    30.0
20230627.1200     0.6191     3.4112      125.4    30.0
20230627.1300     0.6190     3.4403      125.5    30.0
20230627.1400     0.6120     3.4632      125.1    30.0
20230627.1500     0.6045     3.4757      124.2    30.0
20230627.1600     0.6009     3.4748      123.0    30.0
20230627.1700     0.6063     3.4649      121.6    30.0
20230627.1800     0.6140     3.4644      120.7    30.0
20230627.1900     0.6173     3.4753      120.0    30.0
20230627.2000     0.6264     3.4834      119.1    30.0
20230627.2100     0.6480     3.4928      118.0    30.0
20230627.2200     0.6782     3.5157      117.0    30.0
20230627.2300     0.7138     3.5587      116.2    30.0
20230628.0000     0.7566     3.6159      115.4    30.0
20230628.0100     0.7971     3.6855      114.9    30.0
20230628.0200     0.8319     3.7582      114.7    30.0
20230628.0300     0.8529     3.8285      114.6    30.0
20230628.0400     0.8575     3.8884      114.7    30.0
20230628.0500     0.8541     3.9313      115.0    30.0
20230628.0600     0.8486     3.9583      115.6    30.0
20230628.0700     0.8428     3.9736      116.5    30.0
20230628.0800     0.8390     3.9795      117.5    30.0
20230628.0900     0.8391     3.9793      118.5    30.0
20230628.1000     0.8219     3.9934      119.2    30.0
20230628.1100     0.8202     3.9818      120.2    30.0
20230628.1200     0.8342     3.9613      121.3    30.0
20230628.1300     0.8531     3.9556      122.3    30.0
20230628.1400     0.8645     3.9673      122.9    30.0
20230628.1500     0.8656     3.9872      123.1    30.0
20230628.1600     0.8654     4.0011      122.8    30.0
20230628.1700     0.8634     4.0104      122.1    30.0
20230628.1800     0.8504     4.0221      121.3    30.0
20230628.1900     0.8320     4.0298      120.6    30.0
20230628.2000     0.8138     4.0282      120.0    30.0
20230628.2100     0.8013     4.0134      119.6    30.0
20230628.2200     0.7877     3.9987      119.8    30.0
20230628.2300     0.7841     3.9699      120.3    30.0
20230629.0000     0.7883     3.9403      121.1    30.0
20230629.0100     0.8039     3.9136      122.3    30.0
20230629.0200     0.8351     3.8991      124.1    30.0
20230629.0300     0.8694     3.9147      125.5    30.0
20230629.0400     0.8966     3.9514      126.4    30.0
20230629.0500     0.9133     3.9950      127.1    30.0
20230629.0600     0.9185     4.0361      127.4    30.0
20230629.0700     0.9124     4.0695      127.4    30.0
20230629.0800     0.8989     4.0908      127.5    30.0
20230629.0900     0.8847     4.0964      128.0    30.0
20230629.1000     0.8530     4.1114      127.8    30.0
20230629.1100     0.8493     4.1620      127.6    30.0
20230629.1200     0.8140     4.1718      126.9    30.0
20230629.1300     0.7839     4.1622      125.9    30.0
20230629.1400     0.7640     4.1263      125.0    30.0
20230629.1500     0.7520     4.0755      124.1    30.0
20230629.1600     0.7369     4.0426      123.5    30.0
20230629.1700     0.7171     4.0273      122.9    30.0
20230629.1800     0.6972     4.0143      122.3    30.0
20230629.1900     0.6826     3.9882      121.8    30.0
20230629.2000     0.6738     3.9499      121.3    30.0
20230629.2100     0.6691     3.9096      120.5    30.0
20230629.2200     0.6791     3.8446      118.6    30.0
20230629.2300     0.7023     3.7859      116.7    30.0
20230630.0000     0.7183     3.7703      115.6    30.0
20230630.0100     0.7303     3.7716      115.3    30.0
20230630.0200     0.7556     3.7693      115.4    30.0
20230630.0300     0.7873     3.7853      115.4    30.0
20230630.0400     0.8080     3.8200      115.7    30.0
20230630.0500     0.8164     3.8562      116.4    30.0
20230630.0600     0.8158     3.8875      117.1    30.0
20230630.0700     0.8021     3.9156      118.0    30.0
20230630.0800     0.7921     3.9237      118.7    30.0
20230630.0900     0.7826     3.9229      119.6    30.0
20230630.1000     0.7653     3.9251      120.2    30.0
20230630.1100     0.7551     3.9103      121.1    30.0
20230630.1200     0.7453     3.8932      121.9    30.0
20230630.1300     0.7263     3.8895      122.4    30.0
20230630.1400     0.7057     3.8835      122.5    30.0
20230630.1500     0.6953     3.8527      122.6    30.0
20230630.1600     0.6940     3.8122      122.9    30.0
20230630.1700     0.6961     3.7806      123.2    30.0
20230630.1800     0.6904     3.7728      123.0    30.0
20230630.1900     0.6792     3.7728      122.4    30.0
20230630.2000     0.6706     3.7631      121.9    30.0
20230630.2100     0.6670     3.7438      121.4    30.0
20230630.2200     0.6800     3.7051      120.4    30.0
20230630.2300     0.7185     3.7278      118.9    30.0
