TPAR
20230501.0000     0.1931     3.1244       97.1    30.0
20230501.0100     0.1933     3.1312       97.3    30.0
20230501.0200     0.1935     3.1314       97.7    30.0
20230501.0300     0.1925     3.1468       98.6    30.0
20230501.0400     0.1904     3.1732       99.9    30.0
20230501.0500     0.1904     3.1645      101.7    30.0
20230501.0600     0.1898     3.1588      104.3    30.0
20230501.0700     0.1990     3.0392      115.9    30.0
20230501.0800     0.2227     2.8477      140.7    30.0
20230501.0900     0.2198     2.8584      142.6    30.0
20230501.1000     0.2557     2.8150      195.4    30.0
20230501.1100     0.2587     2.8188      197.3    30.0
20230501.1200     0.2526     2.8490      194.9    30.0
20230501.1300     0.2487     2.8443      190.4    30.0
20230501.1400     0.2442     2.8330      186.8    30.0
20230501.1500     0.2347     2.8667      184.2    30.0
20230501.1600     0.2299     2.8581      180.8    30.0
20230501.1700     0.2239     2.8611      177.9    30.0
20230501.1800     0.2178     2.8706      175.2    30.0
20230501.1900     0.2121     2.8814      172.8    30.0
20230501.2000     0.2065     2.8938      170.7    30.0
20230501.2100     0.2018     2.8948      168.8    30.0
20230501.2200     0.1777     3.0690      166.1    30.0
20230501.2300     0.1745     3.0601      164.0    30.0
20230502.0000     0.1719     3.0484      161.8    30.0
20230502.0100     0.1690     3.0453      159.8    30.0
20230502.0200     0.1694     2.9904      156.7    30.0
20230502.0300     0.1685     2.9644      154.3    30.0
20230502.0400     0.1834     2.7697      142.1    30.0
20230502.0500     0.2010     2.6365      134.8    30.0
20230502.0600     0.2424     2.5860      137.9    30.0
20230502.0700     0.2853     2.5814      131.6    30.0
20230502.0800     0.3091     2.6303      127.4    30.0
20230502.0900     0.2995     2.7133      126.2    30.0
20230502.1000     0.2861     2.7580      125.2    30.0
20230502.1100     0.2804     2.7737      123.2    30.0
20230502.1200     0.2749     2.7792      121.9    30.0
20230502.1300     0.2720     2.7742      120.4    30.0
20230502.1400     0.2692     2.7669      118.6    30.0
20230502.1500     0.2731     2.7442      114.0    30.0
20230502.1600     0.2737     2.7389      112.4    30.0
20230502.1700     0.2697     2.7540      112.3    30.0
20230502.1800     0.2655     2.7680      112.6    30.0
20230502.1900     0.2621     2.7779      113.0    30.0
20230502.2000     0.2612     2.7779      112.8    30.0
20230502.2100     0.2603     2.7842      112.7    30.0
20230502.2200     0.2523     2.8069      111.2    30.0
20230502.2300     0.2562     2.8002      110.5    30.0
20230503.0000     0.2624     2.8027      109.4    30.0
20230503.0100     0.2724     2.8027      107.8    30.0
20230503.0200     0.2845     2.8132      106.6    30.0
20230503.0300     0.2896     2.8640      107.1    30.0
20230503.0400     0.2889     2.9424      109.0    30.0
20230503.0500     0.2879     3.0216      111.3    30.0
20230503.0600     0.2909     3.0753      114.0    30.0
20230503.0700     0.3007     3.0884      118.4    30.0
20230503.0800     0.3279     3.0547      126.2    30.0
20230503.0900     0.3447     3.0544      129.6    30.0
20230503.1000     0.3457     3.1175      130.2    30.0
20230503.1100     0.3471     3.1769      130.3    30.0
20230503.1200     0.3434     3.2598      129.7    30.0
20230503.1300     0.3408     3.3317      129.1    30.0
20230503.1400     0.3372     3.4127      128.6    30.0
20230503.1500     0.3341     3.4909      128.2    30.0
20230503.1600     0.3312     3.5688      127.8    30.0
20230503.1700     0.3305     3.6282      127.4    30.0
20230503.1800     0.3304     3.6814      127.0    30.0
20230503.1900     0.3296     3.7444      126.8    30.0
20230503.2000     0.3291     3.8079      126.6    30.0
20230503.2100     0.3294     3.8624      126.4    30.0
20230503.2200     0.3242     3.9720      126.0    30.0
20230503.2300     0.3291     3.9740      126.3    30.0
20230504.0000     0.3318     4.0045      126.3    30.0
20230504.0100     0.3346     4.0331      126.2    30.0
20230504.0200     0.3359     4.0775      126.2    30.0
20230504.0300     0.3383     4.1081      126.2    30.0
20230504.0400     0.3416     4.1255      126.2    30.0
20230504.0500     0.3456     4.1254      126.4    30.0
20230504.0600     0.3492     4.1317      126.9    30.0
20230504.0700     0.3576     4.0850      128.8    30.0
20230504.0800     0.3722     3.9888      132.1    30.0
20230504.0900     0.3755     3.9966      132.7    30.0
20230504.1000     0.3731     4.0405      132.9    30.0
20230504.1100     0.3709     4.0823      132.1    30.0
20230504.1200     0.3696     4.1110      131.4    30.0
20230504.1300     0.3676     4.1423      130.7    30.0
20230504.1400     0.3664     4.1626      130.0    30.0
20230504.1500     0.3648     4.1789      129.5    30.0
20230504.1600     0.3641     4.1845      129.4    30.0
20230504.1700     0.3697     4.1217      130.8    30.0
20230504.1800     0.3769     4.0455      132.4    30.0
20230504.1900     0.3845     3.9739      134.0    30.0
20230504.2000     0.3893     3.9387      135.0    30.0
20230504.2100     0.3919     3.9231      135.4    30.0
20230504.2200     0.3916     3.9232      135.4    30.0
20230504.2300     0.3990     3.8612      135.9    30.0
20230505.0000     0.4071     3.8038      136.3    30.0
20230505.0100     0.4079     3.8039      136.1    30.0
20230505.0200     0.4073     3.8102      135.4    30.0
20230505.0300     0.4069     3.8094      134.4    30.0
20230505.0400     0.4055     3.8139      133.6    30.0
20230505.0500     0.4031     3.8275      133.2    30.0
20230505.0600     0.3998     3.8490      133.0    30.0
20230505.0700     0.3968     3.8696      132.8    30.0
20230505.0800     0.3951     3.8808      132.9    30.0
20230505.0900     0.3957     3.8677      133.4    30.0
20230505.1000     0.3896     3.9135      133.4    30.0
20230505.1100     0.3878     3.9294      133.1    30.0
20230505.1200     0.3863     3.9430      132.9    30.0
20230505.1300     0.3846     3.9551      132.7    30.0
20230505.1400     0.3826     3.9729      132.3    30.0
20230505.1500     0.3820     3.9726      132.0    30.0
20230505.1600     0.3804     3.9819      131.8    30.0
20230505.1700     0.3774     4.0070      131.5    30.0
20230505.1800     0.3747     4.0319      131.1    30.0
20230505.1900     0.3719     4.0521      130.8    30.0
20230505.2000     0.3693     4.0699      130.6    30.0
20230505.2100     0.3671     4.0854      130.3    30.0
20230505.2200     0.3645     4.0903      129.5    30.0
20230505.2300     0.3640     4.0846      129.1    30.0
20230506.0000     0.3635     4.0733      128.7    30.0
20230506.0100     0.3644     4.0453      128.2    30.0
20230506.0200     0.3648     4.0213      127.7    30.0
20230506.0300     0.3626     4.0232      127.5    30.0
20230506.0400     0.3610     4.0197      127.5    30.0
20230506.0500     0.3588     4.0170      127.5    30.0
20230506.0600     0.3569     4.0116      127.6    30.0
20230506.0700     0.3597     3.9480      128.9    30.0
20230506.0800     0.3621     3.8976      130.5    30.0
20230506.0900     0.3644     3.8528      131.7    30.0
20230506.1000     0.3643     3.8227      131.5    30.0
20230506.1100     0.3736     3.7276      131.4    30.0
20230506.1200     0.3823     3.6532      131.6    30.0
20230506.1300     0.3870     3.6203      131.5    30.0
20230506.1400     0.3915     3.5967      130.7    30.0
20230506.1500     0.3988     3.5578      129.5    30.0
20230506.1600     0.4048     3.5331      128.6    30.0
20230506.1700     0.4075     3.5330      127.8    30.0
20230506.1800     0.4073     3.5461      127.0    30.0
20230506.1900     0.4044     3.5707      126.5    30.0
20230506.2000     0.4020     3.5893      126.0    30.0
20230506.2100     0.3986     3.6112      125.6    30.0
20230506.2200     0.3943     3.6316      124.1    30.0
20230506.2300     0.3943     3.6290      123.2    30.0
20230507.0000     0.3961     3.6155      122.5    30.0
20230507.0100     0.3996     3.5935      121.9    30.0
20230507.0200     0.4031     3.5732      121.7    30.0
20230507.0300     0.4072     3.5520      121.6    30.0
20230507.0400     0.4131     3.5226      121.5    30.0
20230507.0500     0.4175     3.5067      121.6    30.0
20230507.0600     0.4175     3.5123      121.8    30.0
20230507.0700     0.4202     3.5001      122.5    30.0
20230507.0800     0.4347     3.4468      124.9    30.0
20230507.0900     0.4550     3.4053      126.0    30.0
20230507.1000     0.4398     3.5058      125.5    30.0
20230507.1100     0.4315     3.5543      124.9    30.0
20230507.1200     0.4259     3.5742      124.9    30.0
20230507.1300     0.4181     3.6022      124.9    30.0
20230507.1400     0.4102     3.6253      124.9    30.0
20230507.1500     0.4071     3.6090      125.7    30.0
20230507.1600     0.4087     3.5635      127.2    30.0
20230507.1700     0.4106     3.5229      128.0    30.0
20230507.1800     0.4061     3.5263      127.5    30.0
20230507.1900     0.3961     3.5611      127.0    30.0
20230507.2000     0.3864     3.5914      126.8    30.0
20230507.2100     0.3777     3.6141      126.6    30.0
20230507.2200     0.3696     3.6272      126.3    30.0
20230507.2300     0.3641     3.6358      126.1    30.0
20230508.0000     0.3628     3.6159      125.7    30.0
20230508.0100     0.3641     3.5840      125.1    30.0
20230508.0200     0.3676     3.5437      124.6    30.0
20230508.0300     0.3689     3.5324      124.5    30.0
20230508.0400     0.3693     3.5350      124.6    30.0
20230508.0500     0.3659     3.5717      124.7    30.0
20230508.0600     0.3619     3.6171      124.8    30.0
20230508.0700     0.3589     3.6561      125.0    30.0
20230508.0800     0.3569     3.6900      125.1    30.0
20230508.0900     0.3558     3.7188      125.3    30.0
20230508.1000     0.3496     3.7796      125.2    30.0
20230508.1100     0.3510     3.7863      125.6    30.0
20230508.1200     0.3537     3.7884      126.0    30.0
20230508.1300     0.3617     3.7447      126.4    30.0
20230508.1400     0.3716     3.6925      126.8    30.0
20230508.1500     0.3838     3.6362      127.4    30.0
20230508.1600     0.3947     3.6039      128.1    30.0
20230508.1700     0.4031     3.5939      128.7    30.0
20230508.1800     0.4090     3.6008      129.5    30.0
20230508.1900     0.4116     3.6249      130.3    30.0
20230508.2000     0.4112     3.6615      131.3    30.0
20230508.2100     0.4075     3.7180      132.4    30.0
20230508.2200     0.4007     3.7793      133.5    30.0
20230508.2300     0.3981     3.8192      134.5    30.0
20230509.0000     0.3964     3.8470      135.6    30.0
20230509.0100     0.3942     3.8798      136.9    30.0
20230509.0200     0.3926     3.9024      138.1    30.0
20230509.0300     0.3925     3.9056      139.2    30.0
20230509.0400     0.3911     3.9155      140.1    30.0
20230509.0500     0.3891     3.9299      141.2    30.0
20230509.0600     0.3880     3.9266      142.3    30.0
20230509.0700     0.3906     3.8865      144.3    30.0
20230509.0800     0.3986     3.8089      146.2    30.0
20230509.0900     0.4052     3.7506      146.4    30.0
20230509.1000     0.4001     3.7687      146.2    30.0
20230509.1100     0.4127     3.6654      144.2    30.0
20230509.1200     0.4232     3.5929      141.0    30.0
20230509.1300     0.4260     3.5671      138.6    30.0
20230509.1400     0.4317     3.5286      136.0    30.0
20230509.1500     0.4445     3.4650      132.0    30.0
20230509.1600     0.4589     3.4053      127.3    30.0
20230509.1700     0.4803     3.3537      122.9    30.0
20230509.1800     0.5099     3.3215      119.5    30.0
20230509.1900     0.5464     3.3120      116.6    30.0
20230509.2000     0.5938     3.3166      114.0    30.0
20230509.2100     0.6453     3.3494      112.6    30.0
20230509.2200     0.6756     3.4044      112.2    30.0
20230509.2300     0.7270     3.4510      111.0    30.0
20230510.0000     0.7716     3.5254      110.9    30.0
20230510.0100     0.7756     3.6020      111.2    30.0
20230510.0200     0.7667     3.6551      111.4    30.0
20230510.0300     0.7701     3.6863      111.4    30.0
20230510.0400     0.7762     3.7162      111.6    30.0
20230510.0500     0.7780     3.7445      111.6    30.0
20230510.0600     0.7684     3.7767      111.9    30.0
20230510.0700     0.7485     3.8091      112.5    30.0
20230510.0800     0.7174     3.8498      113.4    30.0
20230510.0900     0.6831     3.8967      114.8    30.0
20230510.1000     0.6532     3.9323      116.3    30.0
20230510.1100     0.6229     3.9868      118.4    30.0
20230510.1200     0.5948     4.0471      120.5    30.0
20230510.1300     0.5712     4.0981      122.2    30.0
20230510.1400     0.5528     4.1313      123.6    30.0
20230510.1500     0.5396     4.1428      124.4    30.0
20230510.1600     0.5316     4.1290      124.5    30.0
20230510.1700     0.5288     4.0975      123.8    30.0
20230510.1800     0.5272     4.0722      123.0    30.0
20230510.1900     0.5245     4.0685      122.5    30.0
20230510.2000     0.5188     4.0908      122.6    30.0
20230510.2100     0.5096     4.1335      123.4    30.0
20230510.2200     0.5177     4.0557      122.8    30.0
20230510.2300     0.5668     4.0353      122.0    30.0
20230511.0000     0.5790     4.0238      122.1    30.0
20230511.0100     0.5893     4.0216      122.0    30.0
20230511.0200     0.6018     4.0120      121.4    30.0
20230511.0300     0.6161     4.0037      120.4    30.0
20230511.0400     0.6247     4.0208      119.7    30.0
20230511.0500     0.6256     4.0672      119.6    30.0
20230511.0600     0.6174     4.1489      120.4    30.0
20230511.0700     0.6058     4.2373      121.6    30.0
20230511.0800     0.5973     4.2988      122.6    30.0
20230511.0900     0.5974     4.2980      123.5    30.0
20230511.1000     0.6161     4.2043      124.5    30.0
20230511.1100     0.6633     4.0463      125.4    30.0
20230511.1200     0.7253     3.9398      125.9    30.0
20230511.1300     0.7708     3.9274      126.4    30.0
20230511.1400     0.7964     3.9579      126.5    30.0
20230511.1500     0.8188     3.9872      126.4    30.0
20230511.1600     0.8513     4.0089      126.2    30.0
20230511.1700     0.8854     4.0415      125.5    30.0
20230511.1800     0.9064     4.0862      124.6    30.0
20230511.1900     0.9213     4.1257      123.4    30.0
20230511.2000     0.9287     4.1606      122.3    30.0
20230511.2100     0.9309     4.1896      121.3    30.0
20230511.2200     0.9203     4.2211      120.6    30.0
20230511.2300     0.9164     4.2302      119.7    30.0
20230512.0000     0.9216     4.2227      118.2    30.0
20230512.0100     0.9224     4.2252      117.0    30.0
20230512.0200     0.9108     4.2476      116.4    30.0
20230512.0300     0.8979     4.2686      116.4    30.0
20230512.0400     0.8879     4.2844      116.7    30.0
20230512.0500     0.8824     4.2949      117.4    30.0
20230512.0600     0.8791     4.3073      118.4    30.0
20230512.0700     0.8800     4.3175      119.5    30.0
20230512.0800     0.8892     4.3243      120.6    30.0
20230512.0900     0.9128     4.3225      121.9    30.0
20230512.1000     0.9497     4.3228      122.8    30.0
20230512.1100     1.0298     4.4546      123.7    30.0
20230512.1200     1.0425     4.4844      124.3    30.0
20230512.1300     1.0480     4.5151      124.5    30.0
20230512.1400     1.0526     4.5398      124.5    30.0
20230512.1500     1.0620     4.5574      124.6    30.0
20230512.1600     1.0658     4.5850      124.7    30.0
20230512.1700     1.0545     4.6325      125.0    30.0
20230512.1800     1.0339     4.6882      125.6    30.0
20230512.1900     1.0085     4.7453      126.1    30.0
20230512.2000     0.9816     4.7973      126.4    30.0
20230512.2100     0.9575     4.8324      126.3    30.0
20230512.2200     0.9398     4.8336      126.4    30.0
20230512.2300     0.9249     4.8178      126.6    30.0
20230513.0000     0.9131     4.7880      126.9    30.0
20230513.0100     0.9061     4.7415      127.1    30.0
20230513.0200     0.8928     4.7200      127.0    30.0
20230513.0300     0.8718     4.7234      127.0    30.0
20230513.0400     0.8453     4.7475      127.2    30.0
20230513.0500     0.8264     4.7323      127.5    30.0
20230513.0600     0.8129     4.6982      127.9    30.0
20230513.0700     0.8034     4.6521      128.2    30.0
20230513.0800     0.7986     4.5944      128.3    30.0
20230513.0900     0.7968     4.5341      127.9    30.0
20230513.1000     0.7964     4.4783      127.6    30.0
20230513.1100     0.8059     4.4067      127.5    30.0
20230513.1200     0.8298     4.3246      127.4    30.0
20230513.1300     0.8549     4.2815      127.5    30.0
20230513.1400     0.8702     4.2834      127.7    30.0
20230513.1500     0.8696     4.3285      127.6    30.0
20230513.1600     0.8571     4.3991      127.6    30.0
20230513.1700     0.8457     4.4620      127.7    30.0
20230513.1800     0.8371     4.5123      127.6    30.0
20230513.1900     0.8286     4.5597      127.6    30.0
20230513.2000     0.8191     4.6083      127.5    30.0
20230513.2100     0.8079     4.6637      127.5    30.0
20230513.2200     0.7924     4.7408      127.5    30.0
20230513.2300     0.9063     5.1067      127.4    30.0
20230514.0000     0.9065     5.0936      127.4    30.0
20230514.0100     0.9111     5.0332      127.4    30.0
20230514.0200     0.9164     4.9590      127.2    30.0
20230514.0300     0.9121     4.9183      127.0    30.0
20230514.0400     0.8998     4.9012      127.0    30.0
20230514.0500     0.8809     4.9024      127.1    30.0
20230514.0600     0.8604     4.8988      127.3    30.0
20230514.0700     0.8409     4.8818      127.3    30.0
20230514.0800     0.8274     4.8285      127.1    30.0
20230514.0900     0.8185     4.7530      126.8    30.0
20230514.1000     0.8079     4.6898      126.6    30.0
20230514.1100     0.7995     4.6208      126.6    30.0
20230514.1200     0.7921     4.5524      126.7    30.0
20230514.1300     0.7850     4.4872      127.1    30.0
20230514.1400     0.7827     4.4113      128.0    30.0
20230514.1500     0.7887     4.3202      129.4    30.0
20230514.1600     0.7985     4.2384      130.7    30.0
20230514.1700     0.8013     4.1890      131.7    30.0
20230514.1800     0.8033     4.1480      132.3    30.0
20230514.1900     0.8036     4.1160      132.5    30.0
20230514.2000     0.7991     4.0941      132.6    30.0
20230514.2100     0.7896     4.0788      132.6    30.0
20230514.2200     0.7761     4.0627      132.1    30.0
20230514.2300     0.7675     4.0352      131.6    30.0
20230515.0000     0.7606     4.0073      130.9    30.0
20230515.0100     0.7461     3.9954      129.9    30.0
20230515.0200     0.7342     3.9766      128.5    30.0
20230515.0300     0.7206     3.9662      127.5    30.0
20230515.0400     0.7035     3.9671      127.0    30.0
20230515.0500     0.6854     3.9717      126.7    30.0
20230515.0600     0.6692     3.9695      126.4    30.0
20230515.0700     0.6585     3.9507      125.9    30.0
20230515.0800     0.6523     3.9232      125.4    30.0
20230515.0900     0.6479     3.8969      125.1    30.0
20230515.1000     0.6382     3.8881      124.3    30.0
20230515.1100     0.6658     3.9952      124.4    30.0
20230515.1200     0.6557     3.9735      125.0    30.0
20230515.1300     0.6513     3.9381      125.4    30.0
20230515.1400     0.6493     3.9039      125.6    30.0
20230515.1500     0.6431     3.8861      125.8    30.0
20230515.1600     0.6370     3.8659      126.2    30.0
20230515.1700     0.6316     3.8460      126.7    30.0
20230515.1800     0.6226     3.8381      127.2    30.0
20230515.1900     0.6089     3.8432      127.6    30.0
20230515.2000     0.5953     3.8440      128.0    30.0
20230515.2100     0.5889     3.8195      128.5    30.0
20230515.2200     0.5820     3.8011      129.0    30.0
20230515.2300     0.5794     3.7783      129.4    30.0
20230516.0000     0.5704     3.7806      129.5    30.0
20230516.0100     0.5566     3.7992      129.3    30.0
20230516.0200     0.5416     3.8193      129.0    30.0
20230516.0300     0.5284     3.8309      128.5    30.0
20230516.0400     0.5166     3.8376      128.1    30.0
20230516.0500     0.5078     3.8326      127.8    30.0
20230516.0600     0.5012     3.8186      127.6    30.0
20230516.0700     0.4975     3.7934      127.3    30.0
20230516.0800     0.4976     3.7557      127.0    30.0
20230516.0900     0.4993     3.7188      126.9    30.0
20230516.1000     0.4882     3.7436      126.8    30.0
20230516.1100     0.4842     3.7301      127.1    30.0
20230516.1200     0.4888     3.6798      127.5    30.0
20230516.1300     0.4943     3.6394      127.8    30.0
20230516.1400     0.5001     3.6081      128.1    30.0
20230516.1500     0.5019     3.5978      128.0    30.0
20230516.1600     0.5004     3.5961      128.0    30.0
20230516.1700     0.4990     3.5916      128.0    30.0
20230516.1800     0.4945     3.5969      128.0    30.0
20230516.1900     0.4872     3.6104      127.8    30.0
20230516.2000     0.4800     3.6173      127.4    30.0
20230516.2100     0.4776     3.6017      126.9    30.0
20230516.2200     0.4742     3.5862      126.1    30.0
20230516.2300     0.5107     3.6749      125.3    30.0
20230517.0000     0.5153     3.6263      124.6    30.0
20230517.0100     0.5219     3.5831      123.5    30.0
20230517.0200     0.5312     3.5424      122.1    30.0
20230517.0300     0.5426     3.5103      120.6    30.0
20230517.0400     0.5534     3.4942      119.7    30.0
20230517.0500     0.5571     3.4992      119.7    30.0
20230517.0600     0.5506     3.5210      120.3    30.0
20230517.0700     0.5439     3.5311      121.4    30.0
20230517.0800     0.5450     3.5170      122.5    30.0
20230517.0900     0.5555     3.4901      123.7    30.0
20230517.1000     0.5449     3.5148      124.4    30.0
20230517.1100     0.5449     3.5046      125.4    30.0
20230517.1200     0.5444     3.4998      125.7    30.0
20230517.1300     0.5413     3.5000      125.2    30.0
20230517.1400     0.5388     3.4964      124.8    30.0
20230517.1500     0.5423     3.4796      124.4    30.0
20230517.1600     0.5422     3.4799      124.5    30.0
20230517.1700     0.5323     3.5021      124.7    30.0
20230517.1800     0.5205     3.5229      125.1    30.0
20230517.1900     0.5118     3.5270      125.5    30.0
20230517.2000     0.5074     3.5171      125.9    30.0
20230517.2100     0.5055     3.5040      126.2    30.0
20230517.2200     0.5068     3.4854      126.4    30.0
20230517.2300     0.5146     3.4627      126.1    30.0
20230518.0000     0.5172     3.4656      125.7    30.0
20230518.0100     0.5146     3.4818      125.3    30.0
20230518.0200     0.5144     3.4870      124.9    30.0
20230518.0300     0.5131     3.4987      124.7    30.0
20230518.0400     0.5013     3.5479      125.0    30.0
20230518.0500     0.4874     3.6031      125.5    30.0
20230518.0600     0.4753     3.6440      126.0    30.0
20230518.0700     0.4671     3.6604      126.5    30.0
20230518.0800     0.4713     3.6146      127.8    30.0
20230518.0900     0.4727     3.5873      128.2    30.0
20230518.1000     0.4583     3.6374      128.0    30.0
20230518.1100     0.4578     3.6236      128.1    30.0
20230518.1200     0.4601     3.5761      128.6    30.0
20230518.1300     0.4707     3.5077      129.2    30.0
20230518.1400     0.4855     3.4511      129.7    30.0
20230518.1500     0.5001     3.4186      129.8    30.0
20230518.1600     0.5168     3.4005      129.6    30.0
20230518.1700     0.5224     3.4207      129.5    30.0
20230518.1800     0.5134     3.4744      129.8    30.0
20230518.1900     0.5009     3.5278      130.1    30.0
20230518.2000     0.4883     3.5765      130.4    30.0
20230518.2100     0.4758     3.6219      130.6    30.0
20230518.2200     0.4615     3.6757      130.7    30.0
20230518.2300     0.4532     3.6955      130.5    30.0
20230519.0000     0.4468     3.7030      130.1    30.0
20230519.0100     0.4427     3.6926      129.2    30.0
20230519.0200     0.4395     3.6797      128.5    30.0
20230519.0300     0.4337     3.6848      128.4    30.0
20230519.0400     0.4275     3.6925      128.4    30.0
20230519.0500     0.4254     3.6722      128.7    30.0
20230519.0600     0.4379     3.5743      130.6    30.0
20230519.0700     0.4620     3.4599      132.1    30.0
20230519.0800     0.4858     3.4000      132.9    30.0
20230519.0900     0.5119     3.3675      133.2    30.0
20230519.1000     0.4862     3.4738      132.4    30.0
20230519.1100     0.4731     3.5009      131.4    30.0
20230519.1200     0.4733     3.4682      130.1    30.0
20230519.1300     0.4786     3.4275      129.1    30.0
20230519.1400     0.4837     3.4028      128.1    30.0
20230519.1500     0.4867     3.3924      126.8    30.0
20230519.1600     0.4899     3.3827      125.6    30.0
20230519.1700     0.4913     3.3832      124.7    30.0
20230519.1800     0.4891     3.3935      123.9    30.0
20230519.1900     0.4870     3.4012      122.8    30.0
20230519.2000     0.4866     3.4033      121.9    30.0
20230519.2100     0.4853     3.4131      121.1    30.0
20230519.2200     0.4889     3.4047      119.5    30.0
20230519.2300     0.5145     3.5082      118.6    30.0
20230520.0000     0.5048     3.5485      118.9    30.0
20230520.0100     0.4936     3.5917      119.5    30.0
20230520.0200     0.4905     3.5965      119.7    30.0
20230520.0300     0.4978     3.5635      119.2    30.0
20230520.0400     0.5066     3.5437      119.4    30.0
20230520.0500     0.5178     3.5302      120.0    30.0
20230520.0600     0.5305     3.5264      120.8    30.0
20230520.0700     0.5471     3.5233      121.6    30.0
20230520.0800     0.5692     3.5237      122.4    30.0
20230520.0900     0.5927     3.5362      123.2    30.0
20230520.1000     0.5950     3.5857      123.6    30.0
20230520.1100     0.5982     3.6181      124.1    30.0
20230520.1200     0.5994     3.6427      124.6    30.0
20230520.1300     0.6035     3.6509      124.6    30.0
20230520.1400     0.6153     3.6413      123.9    30.0
20230520.1500     0.6251     3.6385      122.6    30.0
20230520.1600     0.6316     3.6433      121.5    30.0
20230520.1700     0.6291     3.6607      121.0    30.0
20230520.1800     0.6177     3.6880      121.1    30.0
20230520.1900     0.6013     3.7185      121.2    30.0
20230520.2000     0.5883     3.7323      121.2    30.0
20230520.2100     0.5782     3.7352      121.0    30.0
20230520.2200     0.5818     3.6945      119.9    30.0
20230520.2300     0.5921     3.6606      119.1    30.0
20230521.0000     0.6030     3.6449      118.6    30.0
20230521.0100     0.6223     3.6301      118.3    30.0
20230521.0200     0.6514     3.6271      118.1    30.0
20230521.0300     0.6703     3.6581      118.1    30.0
20230521.0400     0.6753     3.7067      118.5    30.0
20230521.0500     0.6747     3.7539      119.1    30.0
20230521.0600     0.6769     3.7863      119.7    30.0
20230521.0700     0.6788     3.8135      120.5    30.0
20230521.0800     0.6782     3.8389      121.4    30.0
20230521.0900     0.6763     3.8594      122.6    30.0
20230521.1000     0.6651     3.8968      123.3    30.0
20230521.1100     0.6657     3.9121      124.1    30.0
20230521.1200     0.6680     3.8993      124.9    30.0
20230521.1300     0.6778     3.8759      125.5    30.0
20230521.1400     0.6911     3.8589      126.0    30.0
20230521.1500     0.7038     3.8552      126.7    30.0
20230521.1600     0.7184     3.8567      127.3    30.0
20230521.1700     0.7306     3.8683      127.5    30.0
20230521.1800     0.7353     3.8908      127.6    30.0
20230521.1900     0.7348     3.9150      127.6    30.0
20230521.2000     0.7301     3.9392      127.4    30.0
20230521.2100     0.7245     3.9576      127.1    30.0
20230521.2200     0.7107     3.9858      126.7    30.0
20230521.2300     0.7050     3.9874      126.2    30.0
20230522.0000     0.7088     3.9686      125.8    30.0
20230522.0100     0.7178     3.9463      125.0    30.0
20230522.0200     0.7359     3.9215      123.8    30.0
20230522.0300     0.7572     3.9132      122.6    30.0
20230522.0400     0.7785     3.9242      121.8    30.0
20230522.0500     0.7982     3.9495      121.7    30.0
20230522.0600     0.8106     3.9862      121.9    30.0
20230522.0700     0.8195     4.0194      122.5    30.0
20230522.0800     0.8275     4.0451      123.0    30.0
20230522.0900     0.8369     4.0605      123.5    30.0
20230522.1000     0.8147     4.1088      124.1    30.0
20230522.1100     0.8070     4.1262      124.6    30.0
20230522.1200     0.8055     4.1096      125.0    30.0
20230522.1300     0.8011     4.0991      125.5    30.0
20230522.1400     0.7877     4.1035      126.0    30.0
20230522.1500     0.7721     4.1065      126.4    30.0
20230522.1600     0.7617     4.0955      126.4    30.0
20230522.1700     0.7553     4.0770      126.1    30.0
20230522.1800     0.7507     4.0584      125.3    30.0
20230522.1900     0.7443     4.0478      124.4    30.0
20230522.2000     0.7347     4.0464      123.7    30.0
20230522.2100     0.7268     4.0404      123.1    30.0
20230522.2200     0.7157     4.0420      122.6    30.0
20230522.2300     0.7316     4.1161      122.2    30.0
20230523.0000     0.7146     4.1266      122.0    30.0
20230523.0100     0.6946     4.1467      121.9    30.0
20230523.0200     0.6725     4.1755      122.1    30.0
20230523.0300     0.6537     4.1921      122.3    30.0
20230523.0400     0.6391     4.1907      122.4    30.0
20230523.0500     0.6313     4.1612      122.5    30.0
20230523.0600     0.6243     4.1349      122.7    30.0
20230523.0700     0.6190     4.1066      123.1    30.0
20230523.0800     0.6162     4.0730      123.7    30.0
20230523.0900     0.6214     4.0135      124.7    30.0
20230523.1000     0.6233     3.9805      125.6    30.0
20230523.1100     0.6326     3.9322      126.6    30.0
20230523.1200     0.6497     3.8773      127.9    30.0
20230523.1300     0.6683     3.8423      128.7    30.0
20230523.1400     0.6751     3.8453      129.0    30.0
20230523.1500     0.6702     3.8694      129.0    30.0
20230523.1600     0.6612     3.8910      129.0    30.0
20230523.1700     0.6514     3.9042      129.1    30.0
20230523.1800     0.6481     3.8911      129.2    30.0
20230523.1900     0.6461     3.8758      128.9    30.0
20230523.2000     0.6382     3.8785      128.5    30.0
20230523.2100     0.6249     3.8949      128.2    30.0
20230523.2200     0.6109     3.9035      127.6    30.0
20230523.2300     0.6017     3.8967      126.7    30.0
20230524.0000     0.5996     3.8654      125.4    30.0
20230524.0100     0.6029     3.8258      123.9    30.0
20230524.0200     0.6039     3.8056      122.7    30.0
20230524.0300     0.6031     3.7959      121.8    30.0
20230524.0400     0.6011     3.7922      121.2    30.0
20230524.0500     0.5981     3.7914      121.0    30.0
20230524.0600     0.5910     3.8038      121.1    30.0
20230524.0700     0.5806     3.8262      121.8    30.0
20230524.0800     0.5706     3.8412      122.8    30.0
20230524.0900     0.5720     3.8087      124.0    30.0
20230524.1000     0.5947     3.7283      124.5    30.0
20230524.1100     0.6455     3.6544      124.3    30.0
20230524.1200     0.6864     3.6552      124.5    30.0
20230524.1300     0.7009     3.6947      124.9    30.0
20230524.1400     0.6997     3.7369      125.0    30.0
20230524.1500     0.6891     3.7744      124.9    30.0
20230524.1600     0.6756     3.8020      124.6    30.0
20230524.1700     0.6621     3.8185      124.0    30.0
20230524.1800     0.6508     3.8236      123.1    30.0
20230524.1900     0.6417     3.8222      122.2    30.0
20230524.2000     0.6354     3.8189      121.6    30.0
20230524.2100     0.6326     3.8123      121.3    30.0
20230524.2200     0.6313     3.8100      121.5    30.0
20230524.2300     0.6369     3.7969      121.9    30.0
20230525.0000     0.6509     3.7776      121.9    30.0
20230525.0100     0.6702     3.7666      122.1    30.0
20230525.0200     0.6939     3.7689      122.8    30.0
20230525.0300     0.7138     3.7900      123.6    30.0
20230525.0400     0.7293     3.8225      124.0    30.0
20230525.0500     0.7433     3.8576      124.0    30.0
20230525.0600     0.7617     3.8888      123.7    30.0
20230525.0700     0.7939     3.9119      123.4    30.0
20230525.0800     0.8432     3.9406      123.2    30.0
20230525.0900     0.8842     3.9913      122.9    30.0
20230525.1000     0.8894     4.0531      122.8    30.0
20230525.1100     0.9345     4.1579      123.6    30.0
20230525.1200     0.9327     4.2005      123.9    30.0
20230525.1300     0.9200     4.2361      123.6    30.0
20230525.1400     0.9066     4.2579      123.2    30.0
20230525.1500     0.8934     4.2685      122.8    30.0
20230525.1600     0.8770     4.2787      122.4    30.0
20230525.1700     0.8597     4.2862      122.5    30.0
20230525.1800     0.8497     4.2755      122.7    30.0
20230525.1900     0.8566     4.2375      122.5    30.0
20230525.2000     0.8670     4.2127      122.4    30.0
20230525.2100     0.8692     4.2125      122.6    30.0
20230525.2200     0.8583     4.2304      122.4    30.0
20230525.2300     0.8636     4.2468      122.2    30.0
20230526.0000     0.8650     4.2324      121.9    30.0
20230526.0100     0.8690     4.2158      121.4    30.0
20230526.0200     0.8737     4.2028      120.9    30.0
20230526.0300     0.8773     4.1973      120.7    30.0
20230526.0400     0.8895     4.1856      120.7    30.0
20230526.0500     0.8994     4.1875      120.9    30.0
20230526.0600     0.8995     4.2019      121.2    30.0
20230526.0700     0.9011     4.2094      121.5    30.0
20230526.0800     0.9059     4.2124      121.9    30.0
20230526.0900     0.9168     4.2110      122.3    30.0
20230526.1000     0.9191     4.2189      121.5    30.0
20230526.1100     0.9176     4.2265      120.7    30.0
20230526.1200     0.9053     4.2388      120.2    30.0
20230526.1300     0.8916     4.2411      120.1    30.0
20230526.1400     0.8728     4.2435      120.3    30.0
20230526.1500     0.8507     4.2469      120.9    30.0
20230526.1600     0.8287     4.2461      121.7    30.0
20230526.1700     0.8101     4.2353      122.3    30.0
20230526.1800     0.7973     4.2121      122.8    30.0
20230526.1900     0.7924     4.1744      123.3    30.0
20230526.2000     0.7933     4.1352      123.6    30.0
20230526.2100     0.7917     4.1137      123.7    30.0
20230526.2200     0.7770     4.1261      123.4    30.0
20230526.2300     0.9474     4.4999      123.0    30.0
20230527.0000     0.9630     4.4973      122.9    30.0
20230527.0100     0.9838     4.4938      122.8    30.0
20230527.0200     0.9914     4.5212      122.3    30.0
20230527.0300     0.9853     4.5717      122.1    30.0
20230527.0400     0.9727     4.6324      122.3    30.0
20230527.0500     0.9590     4.6897      122.7    30.0
20230527.0600     0.9467     4.7400      123.2    30.0
20230527.0700     0.9387     4.7726      123.8    30.0
20230527.0800     0.9368     4.7783      124.6    30.0
20230527.0900     0.9410     4.7604      125.6    30.0
20230527.1000     0.9451     4.7381      126.7    30.0
20230527.1100     0.9525     4.7069      127.3    30.0
20230527.1200     0.9596     4.6745      127.3    30.0
20230527.1300     0.9686     4.6355      127.0    30.0
20230527.1400     0.9676     4.6173      126.8    30.0
20230527.1500     0.9466     4.6395      126.9    30.0
20230527.1600     0.9144     4.6802      126.9    30.0
20230527.1700     0.8833     4.7052      126.9    30.0
20230527.1800     0.8627     4.6819      127.0    30.0
20230527.1900     0.8588     4.5991      126.9    30.0
20230527.2000     0.8660     4.4982      126.5    30.0
20230527.2100     0.8742     4.4170      125.7    30.0
20230527.2200     0.8703     4.3758      124.6    30.0
20230527.2300     0.8647     4.3483      123.7    30.0
20230528.0000     0.8536     4.3361      123.1    30.0
20230528.0100     0.8474     4.3111      122.3    30.0
20230528.0200     0.8493     4.2751      121.6    30.0
20230528.0300     0.8559     4.2470      121.3    30.0
20230528.0400     0.8665     4.2292      121.2    30.0
20230528.0500     0.8780     4.2299      121.6    30.0
20230528.0600     0.8774     4.2643      122.5    30.0
20230528.0700     0.8722     4.3067      123.3    30.0
20230528.0800     0.8711     4.3352      123.9    30.0
20230528.0900     0.8836     4.3325      124.5    30.0
20230528.1000     0.9060     4.3167      124.9    30.0
20230528.1100     0.9907     4.3908      125.3    30.0
20230528.1200     1.0110     4.4236      125.9    30.0
20230528.1300     1.0006     4.4848      126.3    30.0
20230528.1400     0.9781     4.5389      126.9    30.0
20230528.1500     0.9514     4.5793      127.5    30.0
20230528.1600     0.9259     4.5992      127.9    30.0
20230528.1700     0.9050     4.5947      128.2    30.0
20230528.1800     0.8947     4.5528      128.5    30.0
20230528.1900     0.8887     4.5020      128.6    30.0
20230528.2000     0.8794     4.4661      128.5    30.0
20230528.2100     0.8633     4.4515      128.3    30.0
20230528.2200     0.8399     4.4557      127.7    30.0
20230528.2300     0.8177     4.4586      127.1    30.0
20230529.0000     0.8078     4.4208      126.3    30.0
20230529.0100     0.8031     4.3771      125.6    30.0
20230529.0200     0.7971     4.3506      125.0    30.0
20230529.0300     0.7858     4.3499      124.7    30.0
20230529.0400     0.7728     4.3588      124.7    30.0
20230529.0500     0.7638     4.3537      124.7    30.0
20230529.0600     0.7614     4.3293      124.8    30.0
20230529.0700     0.7638     4.2960      124.9    30.0
20230529.0800     0.7661     4.2708      125.2    30.0
20230529.0900     0.7743     4.2359      125.5    30.0
20230529.1000     0.7751     4.2311      125.5    30.0
20230529.1100     0.7843     4.2062      125.6    30.0
20230529.1200     0.7941     4.1892      125.9    30.0
20230529.1300     0.8077     4.1711      126.2    30.0
20230529.1400     0.8194     4.1648      126.5    30.0
20230529.1500     0.8236     4.1757      126.8    30.0
20230529.1600     0.8202     4.1961      126.9    30.0
20230529.1700     0.8166     4.2057      126.6    30.0
20230529.1800     0.8231     4.1896      126.0    30.0
20230529.1900     0.8271     4.1807      125.4    30.0
20230529.2000     0.8203     4.1912      124.8    30.0
20230529.2100     0.8071     4.2065      124.3    30.0
20230529.2200     0.7943     4.2115      123.6    30.0
20230529.2300     0.8092     4.2380      122.8    30.0
20230530.0000     0.8026     4.2277      122.0    30.0
20230530.0100     0.7895     4.2317      121.1    30.0
20230530.0200     0.7761     4.2327      120.2    30.0
20230530.0300     0.7711     4.2098      119.1    30.0
20230530.0400     0.7696     4.1861      118.6    30.0
20230530.0500     0.7669     4.1745      118.6    30.0
20230530.0600     0.7592     4.1804      119.2    30.0
20230530.0700     0.7536     4.1802      120.3    30.0
20230530.0800     0.7581     4.1566      121.5    30.0
20230530.0900     0.7775     4.1112      122.9    30.0
20230530.1000     0.7870     4.1058      123.7    30.0
20230530.1100     0.7960     4.1072      124.9    30.0
20230530.1200     0.8002     4.1166      125.9    30.0
20230530.1300     0.7986     4.1318      126.7    30.0
20230530.1400     0.7916     4.1501      127.4    30.0
20230530.1500     0.7791     4.1726      127.9    30.0
20230530.1600     0.7626     4.1973      128.2    30.0
20230530.1700     0.7434     4.2228      128.5    30.0
20230530.1800     0.7203     4.2597      128.7    30.0
20230530.1900     0.7011     4.2775      129.0    30.0
20230530.2000     0.6934     4.2455      129.3    30.0
20230530.2100     0.7007     4.1662      129.7    30.0
20230530.2200     0.7072     4.1075      129.3    30.0
20230530.2300     0.7297     4.0322      128.7    30.0
20230531.0000     0.7509     3.9926      128.0    30.0
20230531.0100     0.7704     3.9775      127.0    30.0
20230531.0200     0.7858     3.9837      126.1    30.0
20230531.0300     0.7963     4.0029      125.5    30.0
20230531.0400     0.7997     4.0334      125.2    30.0
20230531.0500     0.8008     4.0610      125.4    30.0
20230531.0600     0.8072     4.0747      125.7    30.0
20230531.0700     0.8167     4.0827      126.2    30.0
20230531.0800     0.8249     4.0913      126.9    30.0
20230531.0900     0.8351     4.0940      127.9    30.0
20230531.1000     0.8342     4.1081      128.2    30.0
20230531.1100     0.8635     4.1650      128.7    30.0
20230531.1200     0.8671     4.1751      129.0    30.0
20230531.1300     0.8707     4.1826      129.2    30.0
20230531.1400     0.8723     4.1921      129.2    30.0
20230531.1500     0.8647     4.2120      129.3    30.0
20230531.1600     0.8606     4.2190      129.1    30.0
20230531.1700     0.8755     4.1971      128.7    30.0
20230531.1800     0.8933     4.1869      128.2    30.0
20230531.1900     0.9041     4.1948      127.5    30.0
20230531.2000     0.9024     4.2177      126.8    30.0
20230531.2100     0.8961     4.2385      126.1    30.0
20230531.2200     0.8788     4.2671      125.3    30.0
20230531.2300     0.8722     4.2652      124.6    30.0
20230601.0000     0.8816     4.2385      123.7    30.0
20230601.0100     0.8897     4.2247      122.9    30.0
20230601.0200     0.8970     4.2202      122.2    30.0
20230601.0300     0.9041     4.2216      121.8    30.0
20230601.0400     0.9080     4.2307      121.8    30.0
20230601.0500     0.9049     4.2483      122.2    30.0
20230601.0600     0.8986     4.2639      122.6    30.0
20230601.0700     0.8995     4.2614      122.9    30.0
20230601.0800     0.9076     4.2492      123.1    30.0
20230601.0900     0.9158     4.2430      123.5    30.0
20230601.1000     0.9032     4.2643      123.8    30.0
20230601.1100     0.8954     4.2666      124.0    30.0
20230601.1200     0.8884     4.2642      124.2    30.0
20230601.1300     0.8754     4.2689      124.2    30.0
20230601.1400     0.8616     4.2712      124.2    30.0
20230601.1500     0.8497     4.2662      124.1    30.0
20230601.1600     0.8385     4.2580      124.0    30.0
20230601.1700     0.8281     4.2465      123.9    30.0
20230601.1800     0.8229     4.2235      123.8    30.0
20230601.1900     0.8242     4.1919      123.7    30.0
20230601.2000     0.8272     4.1648      123.7    30.0
20230601.2100     0.8376     4.1353      123.8    30.0
20230601.2200     0.8288     4.1420      123.9    30.0
20230601.2300     0.8820     4.2319      123.7    30.0
20230602.0000     0.8942     4.2208      123.8    30.0
20230602.0100     0.9114     4.2078      123.7    30.0
20230602.0200     0.9358     4.1981      123.9    30.0
20230602.0300     0.9664     4.1996      124.3    30.0
20230602.0400     0.9942     4.2172      124.5    30.0
20230602.0500     1.0034     4.2487      124.6    30.0
20230602.0600     0.9910     4.2812      124.4    30.0
20230602.0700     0.9765     4.2979      124.4    30.0
20230602.0800     0.9669     4.2993      124.3    30.0
20230602.0900     0.9659     4.2902      124.4    30.0
20230602.1000     0.9577     4.2899      124.5    30.0
20230602.1100     0.9733     4.2694      124.5    30.0
20230602.1200     1.0123     4.2540      124.1    30.0
20230602.1300     1.0373     4.2717      123.1    30.0
20230602.1400     1.0526     4.2976      121.8    30.0
20230602.1500     1.0581     4.3252      120.7    30.0
20230602.1600     1.0403     4.3605      120.2    30.0
20230602.1700     1.0151     4.3876      120.1    30.0
20230602.1800     0.9963     4.3957      120.3    30.0
20230602.1900     0.9862     4.3897      120.6    30.0
20230602.2000     0.9807     4.3810      121.1    30.0
20230602.2100     0.9775     4.3740      121.3    30.0
20230602.2200     0.9687     4.3779      121.3    30.0
20230602.2300     0.9629     4.3739      120.8    30.0
20230603.0000     0.9495     4.3802      120.5    30.0
20230603.0100     0.9384     4.3767      120.4    30.0
20230603.0200     0.9353     4.3618      120.2    30.0
20230603.0300     0.9295     4.3573      120.2    30.0
20230603.0400     0.9225     4.3583      120.3    30.0
20230603.0500     0.9191     4.3544      120.4    30.0
20230603.0600     0.9152     4.3527      120.7    30.0
20230603.0700     0.9146     4.3447      121.1    30.0
20230603.0800     0.9056     4.3515      121.6    30.0
20230603.0900     0.8997     4.3452      122.2    30.0
20230603.1000     0.8946     4.3331      122.9    30.0
20230603.1100     0.9630     4.4980      123.4    30.0
20230603.1200     0.9378     4.4930      123.8    30.0
20230603.1300     0.9194     4.4674      124.2    30.0
20230603.1400     0.9030     4.4377      124.3    30.0
20230603.1500     0.8927     4.3985      124.3    30.0
20230603.1600     0.8818     4.3654      124.3    30.0
20230603.1700     0.8629     4.3556      124.4    30.0
20230603.1800     0.8350     4.3708      124.6    30.0
20230603.1900     0.8107     4.3722      124.6    30.0
20230603.2000     0.7936     4.3527      124.0    30.0
20230603.2100     0.7777     4.3345      123.4    30.0
20230603.2200     0.7530     4.3530      123.5    30.0
20230603.2300     0.7363     4.3375      123.1    30.0
20230604.0000     0.7267     4.2949      122.3    30.0
20230604.0100     0.7301     4.2145      121.0    30.0
20230604.0200     0.7418     4.1319      119.8    30.0
20230604.0300     0.7592     4.0658      118.7    30.0
20230604.0400     0.7631     4.0495      117.9    30.0
20230604.0500     0.7517     4.0679      117.8    30.0
20230604.0600     0.7466     4.0652      117.8    30.0
20230604.0700     0.7378     4.0740      118.4    30.0
20230604.0800     0.7250     4.0912      119.5    30.0
20230604.0900     0.7120     4.1025      120.9    30.0
20230604.1000     0.7101     4.0825      121.4    30.0
20230604.1100     0.6961     4.1014      122.2    30.0
20230604.1200     0.6873     4.0946      122.7    30.0
20230604.1300     0.6773     4.0914      123.0    30.0
20230604.1400     0.6653     4.0923      123.0    30.0
20230604.1500     0.6510     4.0983      123.0    30.0
20230604.1600     0.6348     4.1098      122.9    30.0
20230604.1700     0.6194     4.1168      122.9    30.0
20230604.1800     0.6028     4.1285      123.0    30.0
20230604.1900     0.5863     4.1394      123.2    30.0
20230604.2000     0.5712     4.1419      123.2    30.0
20230604.2100     0.5599     4.1198      122.8    30.0
20230604.2200     0.5541     4.0695      122.1    30.0
20230604.2300     0.5865     4.1386      121.7    30.0
20230605.0000     0.5865     4.0530      121.4    30.0
20230605.0100     0.6027     3.9254      120.6    30.0
20230605.0200     0.6254     3.8244      120.0    30.0
20230605.0300     0.6483     3.7654      119.5    30.0
20230605.0400     0.6601     3.7548      119.0    30.0
20230605.0500     0.6640     3.7647      118.9    30.0
20230605.0600     0.6600     3.7872      119.6    30.0
20230605.0700     0.6610     3.7869      120.8    30.0
20230605.0800     0.6684     3.7713      121.4    30.0
20230605.0900     0.6815     3.7546      121.6    30.0
20230605.1000     0.6772     3.7687      120.9    30.0
20230605.1100     0.6834     3.7586      119.7    30.0
20230605.1200     0.6968     3.7494      118.5    30.0
20230605.1300     0.7081     3.7522      117.7    30.0
20230605.1400     0.7199     3.7600      116.8    30.0
20230605.1500     0.7230     3.7800      116.2    30.0
20230605.1600     0.7186     3.8021      115.7    30.0
20230605.1700     0.7103     3.8207      115.4    30.0
20230605.1800     0.6994     3.8358      115.3    30.0
20230605.1900     0.6933     3.8360      115.0    30.0
20230605.2000     0.6930     3.8270      114.5    30.0
20230605.2100     0.6881     3.8342      114.2    30.0
20230605.2200     0.6735     3.8582      114.2    30.0
20230605.2300     0.6623     3.8706      114.4    30.0
20230606.0000     0.6583     3.8608      114.3    30.0
20230606.0100     0.6613     3.8380      114.0    30.0
20230606.0200     0.6671     3.8211      113.8    30.0
20230606.0300     0.6665     3.8319      114.0    30.0
20230606.0400     0.6604     3.8637      114.8    30.0
20230606.0500     0.6548     3.8968      115.8    30.0
20230606.0600     0.6473     3.9378      117.2    30.0
20230606.0700     0.6414     3.9575      119.3    30.0
20230606.0800     0.6439     3.9385      121.2    30.0
20230606.0900     0.6447     3.9261      122.5    30.0
20230606.1000     0.6525     3.8981      123.2    30.0
20230606.1100     0.6587     3.9307      123.7    30.0
20230606.1200     0.6563     3.9203      123.8    30.0
20230606.1300     0.6595     3.8960      123.5    30.0
20230606.1400     0.6583     3.8881      123.0    30.0
20230606.1500     0.6542     3.8920      122.5    30.0
20230606.1600     0.6472     3.9035      121.7    30.0
20230606.1700     0.6400     3.9164      121.3    30.0
20230606.1800     0.6330     3.9302      121.1    30.0
20230606.1900     0.6292     3.9338      120.8    30.0
20230606.2000     0.6271     3.9342      120.4    30.0
20230606.2100     0.6312     3.9196      119.8    30.0
20230606.2200     0.6424     3.9003      119.5    30.0
20230606.2300     0.6656     3.8706      119.3    30.0
20230607.0000     0.7107     3.8403      118.8    30.0
20230607.0100     0.7654     3.8492      118.5    30.0
20230607.0200     0.7974     3.9096      118.4    30.0
20230607.0300     0.8109     3.9787      118.5    30.0
20230607.0400     0.8167     4.0376      119.0    30.0
20230607.0500     0.8287     4.0717      119.4    30.0
20230607.0600     0.8547     4.0852      119.3    30.0
20230607.0700     0.8891     4.0985      119.8    30.0
20230607.0800     0.9342     4.1187      119.3    30.0
20230607.0900     0.9582     4.1677      119.7    30.0
20230607.1000     0.9691     4.2153      120.7    30.0
20230607.1100     1.0197     4.2754      121.1    30.0
20230607.1200     1.0346     4.3147      120.7    30.0
20230607.1300     1.0401     4.3467      120.2    30.0
20230607.1400     1.0468     4.3664      119.7    30.0
20230607.1500     1.0427     4.3850      119.3    30.0
20230607.1600     1.0321     4.3981      119.0    30.0
20230607.1700     1.0356     4.3929      118.6    30.0
20230607.1800     1.0586     4.3855      118.2    30.0
20230607.1900     1.0983     4.3961      117.8    30.0
20230607.2000     1.1473     4.4315      117.6    30.0
20230607.2100     1.1915     4.4896      117.5    30.0
20230607.2200     1.2009     4.5677      117.8    30.0
20230607.2300     1.2914     4.7364      117.8    30.0
20230608.0000     1.2897     4.7833      117.6    30.0
20230608.0100     1.2784     4.8126      117.2    30.0
20230608.0200     1.2640     4.8228      116.9    30.0
20230608.0300     1.2441     4.8250      116.6    30.0
20230608.0400     1.2129     4.8293      116.7    30.0
20230608.0500     1.1768     4.8288      117.0    30.0
20230608.0600     1.1397     4.8177      117.7    30.0
20230608.0700     1.1099     4.7876      118.5    30.0
20230608.0800     1.0728     4.7676      119.0    30.0
20230608.0900     1.0374     4.7403      119.6    30.0
20230608.1000     1.0278     4.6615      120.0    30.0
20230608.1100     1.0129     4.6080      120.5    30.0
20230608.1200     0.9916     4.5747      120.9    30.0
20230608.1300     0.9628     4.5571      121.1    30.0
20230608.1400     0.9266     4.5547      121.3    30.0
20230608.1500     0.8885     4.5555      121.5    30.0
20230608.1600     0.8572     4.5359      121.7    30.0
20230608.1700     0.8333     4.4953      122.0    30.0
20230608.1800     0.8148     4.4447      122.1    30.0
20230608.1900     0.8035     4.3821      122.1    30.0
20230608.2000     0.8000     4.3118      122.3    30.0
20230608.2100     0.8032     4.2438      122.5    30.0
20230608.2200     0.7930     4.2269      122.5    30.0
20230608.2300     0.7987     4.1835      122.5    30.0
20230609.0000     0.8085     4.1468      122.2    30.0
20230609.0100     0.8115     4.1341      121.6    30.0
20230609.0200     0.8095     4.1311      120.8    30.0
20230609.0300     0.8031     4.1342      120.1    30.0
20230609.0400     0.7954     4.1360      119.5    30.0
20230609.0500     0.7875     4.1342      119.1    30.0
20230609.0600     0.7858     4.1148      118.7    30.0
20230609.0700     0.7913     4.0858      118.5    30.0
20230609.0800     0.7997     4.0609      118.3    30.0
20230609.0900     0.8087     4.0450      118.0    30.0
20230609.1000     0.8240     4.0310      118.1    30.0
20230609.1100     0.8292     4.0364      118.2    30.0
20230609.1200     0.8359     4.0356      118.2    30.0
20230609.1300     0.8377     4.0377      118.4    30.0
20230609.1400     0.8286     4.0427      118.6    30.0
20230609.1500     0.8075     4.0501      119.0    30.0
20230609.1600     0.7812     4.0500      119.7    30.0
20230609.1700     0.7603     4.0292      120.7    30.0
20230609.1800     0.7464     3.9950      122.0    30.0
20230609.1900     0.7437     3.9481      123.3    30.0
20230609.2000     0.7510     3.9037      124.3    30.0
20230609.2100     0.7629     3.8765      125.1    30.0
20230609.2200     0.7556     3.8842      124.9    30.0
20230609.2300     0.7460     3.8902      124.9    30.0
20230610.0000     0.7345     3.8945      124.9    30.0
20230610.0100     0.7242     3.8921      124.6    30.0
20230610.0200     0.7158     3.8839      124.1    30.0
20230610.0300     0.7101     3.8730      123.6    30.0
20230610.0400     0.7139     3.8511      123.4    30.0
20230610.0500     0.7256     3.8326      123.2    30.0
20230610.0600     0.7362     3.8299      122.7    30.0
20230610.0700     0.7428     3.8392      122.2    30.0
20230610.0800     0.7461     3.8525      121.6    30.0
20230610.0900     0.7470     3.8663      121.3    30.0
20230610.1000     0.7427     3.8814      121.1    30.0
20230610.1100     0.7522     3.8650      120.9    30.0
20230610.1200     0.7845     3.8530      120.7    30.0
20230610.1300     0.8118     3.8686      120.7    30.0
20230610.1400     0.8222     3.8986      120.8    30.0
20230610.1500     0.8209     3.9230      120.9    30.0
20230610.1600     0.8187     3.9333      120.9    30.0
20230610.1700     0.8178     3.9342      120.9    30.0
20230610.1800     0.8169     3.9320      121.0    30.0
20230610.1900     0.8113     3.9328      121.2    30.0
20230610.2000     0.7994     3.9347      121.4    30.0
20230610.2100     0.7857     3.9319      121.7    30.0
20230610.2200     0.7798     3.9174      121.6    30.0
20230610.2300     0.7888     3.9508      121.9    30.0
20230611.0000     0.7788     3.9410      122.2    30.0
20230611.0100     0.7707     3.9338      122.3    30.0
20230611.0200     0.7674     3.9254      122.7    30.0
20230611.0300     0.7645     3.9207      123.6    30.0
20230611.0400     0.7595     3.9193      124.8    30.0
20230611.0500     0.7570     3.9153      126.1    30.0
20230611.0600     0.7563     3.9146      127.3    30.0
20230611.0700     0.7593     3.9174      128.6    30.0
20230611.0800     0.7602     3.9353      129.6    30.0
20230611.0900     0.7774     3.9403      131.7    30.0
20230611.1000     0.7967     3.9601      133.8    30.0
20230611.1100     0.8475     3.9730      135.9    30.0
20230611.1200     0.9355     4.0191      136.4    30.0
20230611.1300     1.0285     4.1182      135.6    30.0
20230611.1400     1.1141     4.2415      134.3    30.0
20230611.1500     1.1729     4.3661      133.3    30.0
20230611.1600     1.1854     4.4751      132.4    30.0
20230611.1700     1.1609     4.5619      131.5    30.0
20230611.1800     1.1236     4.6232      130.9    30.0
20230611.1900     1.0853     4.6568      130.4    30.0
20230611.2000     1.0587     4.6535      129.7    30.0
20230611.2100     1.0559     4.6152      128.6    30.0
20230611.2200     1.0685     4.5808      127.7    30.0
20230611.2300     1.1336     4.6236      126.9    30.0
20230612.0000     1.1474     4.6321      126.0    30.0
20230612.0100     1.1508     4.6442      124.7    30.0
20230612.0200     1.1492     4.6561      123.1    30.0
20230612.0300     1.1273     4.6878      122.0    30.0
20230612.0400     1.0882     4.7485      121.7    30.0
20230612.0500     1.0420     4.8342      122.5    30.0
20230612.0600     1.0009     4.9125      123.5    30.0
20230612.0700     0.9677     4.9693      124.5    30.0
20230612.0800     0.9452     4.9834      125.1    30.0
20230612.0900     0.9376     4.9368      125.5    30.0
20230612.1000     0.9459     4.8445      124.5    30.0
20230612.1100     0.9675     4.7368      123.3    30.0
20230612.1200     0.9937     4.6555      122.3    30.0
20230612.1300     1.0138     4.6176      122.0    30.0
20230612.1400     1.0282     4.6030      121.9    30.0
20230612.1500     1.0494     4.5880      121.7    30.0
20230612.1600     1.0675     4.5878      121.3    30.0
20230612.1700     1.0827     4.5979      121.1    30.0
20230612.1800     1.0911     4.6200      121.1    30.0
20230612.1900     1.0938     4.6401      121.0    30.0
20230612.2000     1.0942     4.6525      120.7    30.0
20230612.2100     1.0973     4.6543      120.2    30.0
20230612.2200     1.0845     4.6710      119.8    30.0
20230612.2300     1.0710     4.6812      119.1    30.0
20230613.0000     1.0619     4.6765      118.2    30.0
20230613.0100     1.0725     4.6378      117.0    30.0
20230613.0200     1.0927     4.5990      116.2    30.0
20230613.0300     1.1180     4.5754      115.7    30.0
20230613.0400     1.1380     4.5768      115.6    30.0
20230613.0500     1.1574     4.5918      116.1    30.0
20230613.0600     1.1804     4.6154      116.9    30.0
20230613.0700     1.2012     4.6489      118.1    30.0
20230613.0800     1.2158     4.6871      119.3    30.0
20230613.0900     1.2270     4.7215      120.5    30.0
20230613.1000     1.2082     4.7680      121.2    30.0
20230613.1100     1.2223     4.8345      121.3    30.0
20230613.1200     1.2003     4.8480      121.6    30.0
20230613.1300     1.1754     4.8541      121.9    30.0
20230613.1400     1.1649     4.8282      122.2    30.0
20230613.1500     1.1582     4.8001      122.5    30.0
20230613.1600     1.1424     4.7896      122.5    30.0
20230613.1700     1.1251     4.7828      122.1    30.0
20230613.1800     1.0985     4.7890      122.1    30.0
20230613.1900     1.0689     4.7966      122.3    30.0
20230613.2000     1.0463     4.7897      122.4    30.0
20230613.2100     1.0330     4.7659      122.3    30.0
20230613.2200     1.0149     4.7567      122.5    30.0
20230613.2300     1.0155     4.7124      122.3    30.0
20230614.0000     1.0143     4.6770      121.8    30.0
20230614.0100     0.9970     4.6716      121.4    30.0
20230614.0200     0.9811     4.6569      121.2    30.0
20230614.0300     0.9723     4.6268      121.2    30.0
20230614.0400     0.9687     4.5853      120.9    30.0
20230614.0500     0.9714     4.5409      120.4    30.0
20230614.0600     0.9544     4.5473      120.5    30.0
20230614.0700     0.9296     4.5729      121.2    30.0
20230614.0800     0.9138     4.5696      122.0    30.0
20230614.0900     0.9002     4.5630      122.9    30.0
20230614.1000     0.8610     4.6544      123.5    30.0
20230614.1100     0.8310     4.7115      124.1    30.0
20230614.1200     0.8052     4.7527      124.5    30.0
20230614.1300     0.7870     4.7539      124.6    30.0
20230614.1400     0.7782     4.7028      124.5    30.0
20230614.1500     0.7722     4.6418      124.5    30.0
20230614.1600     0.7712     4.5648      124.6    30.0
20230614.1700     0.7802     4.4669      124.8    30.0
20230614.1800     0.7768     4.4239      125.1    30.0
20230614.1900     0.7621     4.4057      124.8    30.0
20230614.2000     0.7453     4.3979      124.5    30.0
20230614.2100     0.7195     4.4308      124.6    30.0
20230614.2200     0.6893     4.4897      124.8    30.0
20230614.2300     0.7163     4.6694      125.1    30.0
20230615.0000     0.7059     4.6399      125.2    30.0
20230615.0100     0.7256     4.4726      124.2    30.0
20230615.0200     0.7623     4.3037      122.7    30.0
20230615.0300     0.7838     4.2320      121.3    30.0
20230615.0400     0.7774     4.2433      120.7    30.0
20230615.0500     0.7590     4.2729      120.3    30.0
20230615.0600     0.7371     4.3024      120.1    30.0
20230615.0700     0.7106     4.3444      120.5    30.0
20230615.0800     0.6881     4.3620      120.8    30.0
20230615.0900     0.6736     4.3420      120.9    30.0
20230615.1000     0.6706     4.2730      120.3    30.0
20230615.1100     0.6782     4.1808      119.1    30.0
20230615.1200     0.6785     4.1311      118.3    30.0
20230615.1300     0.6710     4.1119      117.9    30.0
20230615.1400     0.6566     4.1150      118.0    30.0
20230615.1500     0.6404     4.1239      118.2    30.0
20230615.1600     0.6262     4.1227      118.4    30.0
20230615.1700     0.6161     4.1072      118.3    30.0
20230615.1800     0.6063     4.0981      118.3    30.0
20230615.1900     0.5962     4.0976      118.2    30.0
20230615.2000     0.5898     4.0834      117.7    30.0
20230615.2100     0.5907     4.0416      116.8    30.0
20230615.2200     0.5955     3.9987      116.1    30.0
20230615.2300     0.6005     3.9680      115.6    30.0
20230616.0000     0.5948     3.9781      115.2    30.0
20230616.0100     0.5814     4.0184      115.5    30.0
20230616.0200     0.5660     4.0667      116.0    30.0
20230616.0300     0.5495     4.1197      116.8    30.0
20230616.0400     0.5327     4.1752      117.7    30.0
20230616.0500     0.5178     4.2219      118.5    30.0
20230616.0600     0.5072     4.2264      119.7    30.0
20230616.0700     0.5031     4.1867      122.2    30.0
20230616.0800     0.4986     4.1546      124.2    30.0
20230616.0900     0.4942     4.1246      125.6    30.0
20230616.1000     0.4755     4.2064      125.9    30.0
20230616.1100     0.5456     4.5782      125.8    30.0
20230616.1200     0.5304     4.5795      125.8    30.0
20230616.1300     0.5172     4.5521      125.9    30.0
20230616.1400     0.5055     4.5110      126.0    30.0
20230616.1500     0.4961     4.4567      126.3    30.0
20230616.1600     0.4876     4.4038      126.5    30.0
20230616.1700     0.4816     4.3392      126.7    30.0
20230616.1800     0.4778     4.2680      126.7    30.0
20230616.1900     0.4824     4.1450      126.3    30.0
20230616.2000     0.5031     3.9553      124.9    30.0
20230616.2100     0.5369     3.7776      122.9    30.0
20230616.2200     0.5974     3.6236      119.5    30.0
20230616.2300     0.6623     3.5685      117.2    30.0
20230617.0000     0.7179     3.5884      115.2    30.0
20230617.0100     0.7495     3.6444      113.5    30.0
20230617.0200     0.7678     3.6993      111.7    30.0
20230617.0300     0.7734     3.7528      110.7    30.0
20230617.0400     0.7733     3.7984      110.2    30.0
20230617.0500     0.7732     3.8386      110.3    30.0
20230617.0600     0.7732     3.8797      111.0    30.0
20230617.0700     0.7730     3.9227      112.3    30.0
20230617.0800     0.7753     3.9650      113.7    30.0
20230617.0900     0.7857     3.9927      115.0    30.0
20230617.1000     0.7883     4.0354      116.4    30.0
20230617.1100     0.7952     4.0635      117.4    30.0
20230617.1200     0.7870     4.1127      118.7    30.0
20230617.1300     0.7667     4.1747      119.8    30.0
20230617.1400     0.7421     4.2358      120.7    30.0
20230617.1500     0.7190     4.2784      121.3    30.0
20230617.1600     0.7002     4.2934      121.6    30.0
20230617.1700     0.6847     4.2862      121.9    30.0
20230617.1800     0.6730     4.2586      122.1    30.0
20230617.1900     0.6647     4.2149      122.0    30.0
20230617.2000     0.6586     4.1647      121.8    30.0
20230617.2100     0.6522     4.1199      121.5    30.0
20230617.2200     0.6355     4.1198      121.4    30.0
20230617.2300     0.6858     4.2892      121.1    30.0
20230618.0000     0.6754     4.2669      120.8    30.0
20230618.0100     0.6670     4.2300      120.2    30.0
20230618.0200     0.6623     4.1782      119.5    30.0
20230618.0300     0.6580     4.1305      118.9    30.0
20230618.0400     0.6485     4.1092      118.8    30.0
20230618.0500     0.6336     4.1080      119.2    30.0
20230618.0600     0.6201     4.0979      119.5    30.0
20230618.0700     0.6107     4.0668      119.9    30.0
20230618.0800     0.6059     4.0183      120.2    30.0
20230618.0900     0.6010     3.9793      120.4    30.0
20230618.1000     0.5812     4.0010      121.1    30.0
20230618.1100     0.5699     3.9821      121.4    30.0
20230618.1200     0.5603     3.9565      121.6    30.0
20230618.1300     0.5542     3.9172      121.7    30.0
20230618.1400     0.5470     3.8867      122.0    30.0
20230618.1500     0.5335     3.8914      122.2    30.0
20230618.1600     0.5167     3.9140      122.5    30.0
20230618.1700     0.4985     3.9460      122.9    30.0
20230618.1800     0.4817     3.9721      123.1    30.0
20230618.1900     0.4678     3.9800      123.4    30.0
20230618.2000     0.4555     3.9814      123.7    30.0
20230618.2100     0.4438     3.9833      123.8    30.0
20230618.2200     0.4349     3.9599      123.3    30.0
20230618.2300     0.4368     3.8705      121.7    30.0
20230619.0000     0.4422     3.7698      120.2    30.0
20230619.0100     0.4475     3.6884      118.5    30.0
20230619.0200     0.4495     3.6372      117.1    30.0
20230619.0300     0.4447     3.6275      116.3    30.0
20230619.0400     0.4319     3.6659      116.6    30.0
20230619.0500     0.4163     3.7202      117.2    30.0
20230619.0600     0.4018     3.7701      117.9    30.0
20230619.0700     0.3895     3.8098      118.5    30.0
20230619.0800     0.3823     3.7943      119.9    30.0
20230619.0900     0.3802     3.7489      122.6    30.0
20230619.1000     0.3698     3.7654      124.3    30.0
20230619.1100     0.3646     3.7720      125.3    30.0
20230619.1200     0.3563     3.7827      125.6    30.0
20230619.1300     0.3502     3.7770      125.8    30.0
20230619.1400     0.3439     3.7794      126.0    30.0
20230619.1500     0.3393     3.7712      126.2    30.0
20230619.1600     0.3359     3.7491      125.9    30.0
20230619.1700     0.3318     3.7364      125.5    30.0
20230619.1800     0.3270     3.7349      125.1    30.0
20230619.1900     0.3250     3.7087      124.3    30.0
20230619.2000     0.3261     3.6534      123.9    30.0
20230619.2100     0.3232     3.6401      123.9    30.0
20230619.2200     0.3151     3.6466      121.3    30.0
20230619.2300     0.3134     3.6104      120.0    30.0
20230620.0000     0.3098     3.6017      118.7    30.0
20230620.0100     0.3038     3.6153      118.2    30.0
20230620.0200     0.2975     3.6332      118.2    30.0
20230620.0300     0.2914     3.6522      118.3    30.0
20230620.0400     0.2876     3.6440      118.0    30.0
20230620.0500     0.2888     3.5813      115.9    30.0
20230620.0600     0.2891     3.5365      114.0    30.0
20230620.0700     0.2964     3.4413      111.3    30.0
20230620.0800     0.2972     3.4039      111.0    30.0
20230620.0900     0.2951     3.3899      111.7    30.0
20230620.1000     0.2891     3.4007      112.1    30.0
20230620.1100     0.3016     3.2892      114.6    30.0
20230620.1200     0.3234     3.1603      115.2    30.0
20230620.1300     0.3636     3.0455      113.4    30.0
20230620.1400     0.3924     3.0313      112.5    30.0
20230620.1500     0.4064     3.0590      112.3    30.0
20230620.1600     0.4190     3.0773      111.7    30.0
20230620.1700     0.4328     3.0933      111.1    30.0
20230620.1800     0.4442     3.1143      110.6    30.0
20230620.1900     0.4548     3.1370      110.3    30.0
20230620.2000     0.4631     3.1628      110.1    30.0
20230620.2100     0.4717     3.1898      110.2    30.0
20230620.2200     0.4644     3.2439      110.3    30.0
20230620.2300     0.5003     3.3758      110.6    30.0
20230621.0000     0.5001     3.3997      111.9    30.0
20230621.0100     0.5024     3.4177      113.2    30.0
20230621.0200     0.5087     3.4280      114.2    30.0
20230621.0300     0.5190     3.4373      115.3    30.0
20230621.0400     0.5384     3.4398      116.5    30.0
20230621.0500     0.5680     3.4431      117.9    30.0
20230621.0600     0.5961     3.4710      119.2    30.0
20230621.0700     0.6172     3.5180      120.4    30.0
20230621.0800     0.6278     3.5769      121.8    30.0
20230621.0900     0.6374     3.6272      123.1    30.0
20230621.1000     0.6395     3.6795      124.4    30.0
20230621.1100     0.6591     3.6933      125.0    30.0
20230621.1200     0.6936     3.7006      124.9    30.0
20230621.1300     0.7278     3.7267      124.1    30.0
20230621.1400     0.7584     3.7617      122.8    30.0
20230621.1500     0.7746     3.8058      121.7    30.0
20230621.1600     0.7825     3.8449      120.7    30.0
20230621.1700     0.7832     3.8781      120.0    30.0
20230621.1800     0.7863     3.8956      119.0    30.0
20230621.1900     0.7962     3.9005      117.4    30.0
20230621.2000     0.8142     3.9012      115.3    30.0
20230621.2100     0.8373     3.9078      113.2    30.0
20230621.2200     0.8428     3.9399      112.6    30.0
20230621.2300     0.8433     3.9669      112.3    30.0
20230622.0000     0.8409     3.9873      112.2    30.0
20230622.0100     0.8448     3.9942      112.0    30.0
20230622.0200     0.8500     4.0043      112.1    30.0
20230622.0300     0.8460     4.0278      112.8    30.0
20230622.0400     0.8377     4.0515      113.8    30.0
20230622.0500     0.8293     4.0702      114.6    30.0
20230622.0600     0.8227     4.0819      115.2    30.0
20230622.0700     0.8169     4.0883      115.7    30.0
20230622.0800     0.8132     4.0857      116.3    30.0
20230622.0900     0.8103     4.0798      116.9    30.0
20230622.1000     0.8002     4.0835      117.9    30.0
20230622.1100     0.8090     4.0828      118.8    30.0
20230622.1200     0.8209     4.0602      119.4    30.0
20230622.1300     0.8331     4.0460      120.0    30.0
20230622.1400     0.8350     4.0448      120.6    30.0
20230622.1500     0.8317     4.0423      121.0    30.0
20230622.1600     0.8270     4.0346      121.2    30.0
20230622.1700     0.8231     4.0231      121.5    30.0
20230622.1800     0.8196     4.0100      122.0    30.0
20230622.1900     0.8158     3.9983      122.5    30.0
20230622.2000     0.8113     3.9882      122.8    30.0
20230622.2100     0.8072     3.9776      123.0    30.0
20230622.2200     0.7878     3.9835      122.8    30.0
20230622.2300     0.7658     3.9854      122.3    30.0
20230623.0000     0.7448     3.9795      121.8    30.0
20230623.0100     0.7254     3.9677      121.2    30.0
20230623.0200     0.7043     3.9602      120.6    30.0
20230623.0300     0.6808     3.9616      120.2    30.0
20230623.0400     0.6568     3.9657      120.2    30.0
20230623.0500     0.6350     3.9646      120.3    30.0
20230623.0600     0.6158     3.9583      120.6    30.0
20230623.0700     0.6013     3.9393      121.2    30.0
20230623.0800     0.5952     3.8940      122.0    30.0
20230623.0900     0.5990     3.8301      123.0    30.0
20230623.1000     0.5885     3.8322      123.2    30.0
20230623.1100     0.5857     3.8070      123.6    30.0
20230623.1200     0.5872     3.7720      123.9    30.0
20230623.1300     0.5885     3.7469      124.2    30.0
20230623.1400     0.5834     3.7440      124.5    30.0
20230623.1500     0.5725     3.7575      124.9    30.0
20230623.1600     0.5566     3.7851      125.2    30.0
20230623.1700     0.5406     3.8093      125.3    30.0
20230623.1800     0.5286     3.8107      125.4    30.0
20230623.1900     0.5231     3.7808      125.3    30.0
20230623.2000     0.5257     3.7233      125.0    30.0
20230623.2100     0.5336     3.6627      124.4    30.0
20230623.2200     0.5310     3.6474      123.6    30.0
20230623.2300     0.5405     3.6920      123.5    30.0
20230624.0000     0.5318     3.6860      123.7    30.0
20230624.0100     0.5228     3.6820      124.0    30.0
20230624.0200     0.5153     3.6760      124.4    30.0
20230624.0300     0.5104     3.6638      124.6    30.0
20230624.0400     0.5100     3.6386      124.8    30.0
20230624.0500     0.5136     3.6081      125.0    30.0
20230624.0600     0.5167     3.5898      125.2    30.0
20230624.0700     0.5160     3.5898      125.3    30.0
20230624.0800     0.5125     3.5967      125.4    30.0
20230624.0900     0.5110     3.5924      125.7    30.0
20230624.1000     0.5060     3.5959      125.2    30.0
20230624.1100     0.5075     3.5792      124.7    30.0
20230624.1200     0.5125     3.5573      124.2    30.0
20230624.1300     0.5157     3.5493      123.8    30.0
20230624.1400     0.5141     3.5599      123.7    30.0
20230624.1500     0.5054     3.5936      123.6    30.0
20230624.1600     0.4931     3.6364      123.7    30.0
20230624.1700     0.4802     3.6770      123.9    30.0
20230624.1800     0.4709     3.6938      124.2    30.0
20230624.1900     0.4636     3.6975      124.6    30.0
20230624.2000     0.4561     3.7024      124.7    30.0
20230624.2100     0.4494     3.7034      124.5    30.0
20230624.2200     0.4437     3.6903      123.7    30.0
20230624.2300     0.4414     3.6665      123.0    30.0
20230625.0000     0.4431     3.6232      122.2    30.0
20230625.0100     0.4500     3.5621      121.7    30.0
20230625.0200     0.4639     3.4943      121.6    30.0
20230625.0300     0.4799     3.4461      121.6    30.0
20230625.0400     0.4938     3.4253      121.8    30.0
20230625.0500     0.5042     3.4222      122.2    30.0
20230625.0600     0.5114     3.4286      122.7    30.0
20230625.0700     0.5149     3.4413      123.4    30.0
20230625.0800     0.5154     3.4581      124.0    30.0
20230625.0900     0.5154     3.4718      124.5    30.0
20230625.1000     0.5059     3.5075      124.4    30.0
20230625.1100     0.5017     3.5235      124.1    30.0
20230625.1200     0.5069     3.5060      123.1    30.0
20230625.1300     0.5181     3.4821      121.9    30.0
20230625.1400     0.5192     3.4945      121.5    30.0
20230625.1500     0.5140     3.5185      121.5    30.0
20230625.1600     0.5083     3.5344      122.0    30.0
20230625.1700     0.5033     3.5436      122.4    30.0
20230625.1800     0.4944     3.5638      122.6    30.0
20230625.1900     0.4807     3.6009      122.6    30.0
20230625.2000     0.4675     3.6312      122.6    30.0
20230625.2100     0.4546     3.6607      122.5    30.0
20230625.2200     0.4377     3.7069      122.4    30.0
20230625.2300     0.4274     3.7193      122.1    30.0
20230626.0000     0.4184     3.7226      121.9    30.0
20230626.0100     0.4094     3.7306      121.7    30.0
20230626.0200     0.4013     3.7332      121.6    30.0
20230626.0300     0.3939     3.7325      121.6    30.0
20230626.0400     0.3866     3.7349      121.7    30.0
20230626.0500     0.3800     3.7312      121.9    30.0
20230626.0600     0.3752     3.7175      122.5    30.0
20230626.0700     0.3722     3.6939      123.3    30.0
20230626.0800     0.3764     3.6265      125.3    30.0
20230626.0900     0.3828     3.5534      127.5    30.0
20230626.1000     0.3731     3.5838      127.8    30.0
20230626.1100     0.3681     3.5847      127.7    30.0
20230626.1200     0.3694     3.5379      128.1    30.0
20230626.1300     0.3744     3.4779      128.6    30.0
20230626.1400     0.3806     3.4263      128.7    30.0
20230626.1500     0.3855     3.3917      128.8    30.0
20230626.1600     0.3892     3.3673      128.9    30.0
20230626.1700     0.3900     3.3572      128.9    30.0
20230626.1800     0.3864     3.3672      128.8    30.0
20230626.1900     0.3800     3.3834      128.6    30.0
20230626.2000     0.3742     3.3892      128.4    30.0
20230626.2100     0.3705     3.3777      128.2    30.0
20230626.2200     0.3601     3.3973      127.4    30.0
20230626.2300     0.3582     3.3694      127.1    30.0
20230627.0000     0.3592     3.3248      126.9    30.0
20230627.0100     0.3631     3.2713      126.9    30.0
20230627.0200     0.3748     3.2002      127.4    30.0
20230627.0300     0.3969     3.1300      127.7    30.0
20230627.0400     0.4260     3.0925      128.2    30.0
20230627.0500     0.4533     3.0952      128.5    30.0
20230627.0600     0.4803     3.1155      128.6    30.0
20230627.0700     0.5059     3.1481      128.6    30.0
20230627.0800     0.5265     3.1885      128.6    30.0
20230627.0900     0.5427     3.2283      128.8    30.0
20230627.1000     0.5463     3.2690      128.9    30.0
20230627.1100     0.5538     3.2940      129.0    30.0
20230627.1200     0.5618     3.3121      129.1    30.0
20230627.1300     0.5654     3.3298      128.9    30.0
20230627.1400     0.5661     3.3433      128.3    30.0
20230627.1500     0.5669     3.3523      127.1    30.0
20230627.1600     0.5684     3.3597      125.9    30.0
20230627.1700     0.5758     3.3645      124.8    30.0
20230627.1800     0.5860     3.3761      124.0    30.0
20230627.1900     0.5957     3.3962      123.1    30.0
20230627.2000     0.6102     3.4185      122.0    30.0
20230627.2100     0.6320     3.4464      120.8    30.0
20230627.2200     0.6616     3.4829      119.7    30.0
20230627.2300     0.6906     3.5378      118.9    30.0
20230628.0000     0.7186     3.5895      118.1    30.0
20230628.0100     0.7506     3.6399      117.6    30.0
20230628.0200     0.7813     3.6957      117.5    30.0
20230628.0300     0.7959     3.7562      117.6    30.0
20230628.0400     0.7954     3.8089      117.9    30.0
20230628.0500     0.7891     3.8472      118.1    30.0
20230628.0600     0.7818     3.8715      118.7    30.0
20230628.0700     0.7776     3.8837      119.7    30.0
20230628.0800     0.7777     3.8875      120.7    30.0
20230628.0900     0.7828     3.8886      121.7    30.0
20230628.1000     0.7691     3.9100      122.7    30.0
20230628.1100     0.7704     3.9028      123.9    30.0
20230628.1200     0.7860     3.8872      125.1    30.0
20230628.1300     0.8073     3.8859      126.0    30.0
20230628.1400     0.8214     3.9027      126.6    30.0
20230628.1500     0.8215     3.9291      126.8    30.0
20230628.1600     0.8162     3.9474      126.5    30.0
20230628.1700     0.8119     3.9539      125.8    30.0
20230628.1800     0.8021     3.9585      125.0    30.0
20230628.1900     0.7885     3.9599      124.3    30.0
20230628.2000     0.7722     3.9585      123.9    30.0
20230628.2100     0.7595     3.9455      123.7    30.0
20230628.2200     0.7482     3.9288      123.9    30.0
20230628.2300     0.7473     3.8980      124.2    30.0
20230629.0000     0.7518     3.8714      124.6    30.0
20230629.0100     0.7671     3.8458      125.3    30.0
20230629.0200     0.7976     3.8319      126.7    30.0
20230629.0300     0.8328     3.8470      127.8    30.0
20230629.0400     0.8643     3.8838      128.3    30.0
20230629.0500     0.8807     3.9302      128.5    30.0
20230629.0600     0.8798     3.9708      128.7    30.0
20230629.0700     0.8683     3.9988      128.9    30.0
20230629.0800     0.8535     4.0107      129.5    30.0
20230629.0900     0.8442     4.0053      130.4    30.0
20230629.1000     0.8144     4.0179      130.5    30.0
20230629.1100     0.8165     4.0862      130.5    30.0
20230629.1200     0.7814     4.0968      130.0    30.0
20230629.1300     0.7524     4.0867      129.3    30.0
20230629.1400     0.7299     4.0609      128.4    30.0
20230629.1500     0.7161     4.0171      127.6    30.0
20230629.1600     0.7033     3.9825      127.0    30.0
20230629.1700     0.6858     3.9690      126.4    30.0
20230629.1800     0.6661     3.9662      125.9    30.0
20230629.1900     0.6528     3.9430      125.3    30.0
20230629.2000     0.6468     3.9026      124.5    30.0
20230629.2100     0.6453     3.8594      123.5    30.0
20230629.2200     0.6583     3.7933      121.2    30.0
20230629.2300     0.6779     3.7471      119.3    30.0
20230630.0000     0.6786     3.7517      118.7    30.0
20230630.0100     0.6877     3.7396      118.4    30.0
20230630.0200     0.7092     3.7248      118.0    30.0
20230630.0300     0.7276     3.7325      117.8    30.0
20230630.0400     0.7385     3.7523      118.1    30.0
20230630.0500     0.7452     3.7724      118.6    30.0
20230630.0600     0.7425     3.7997      119.2    30.0
20230630.0700     0.7296     3.8212      120.1    30.0
20230630.0800     0.7184     3.8299      120.8    30.0
20230630.0900     0.7086     3.8259      121.7    30.0
20230630.1000     0.6968     3.8219      122.3    30.0
20230630.1100     0.6852     3.8140      123.1    30.0
20230630.1200     0.6727     3.8031      124.0    30.0
20230630.1300     0.6594     3.7908      124.6    30.0
20230630.1400     0.6477     3.7727      124.8    30.0
20230630.1500     0.6455     3.7367      124.9    30.0
20230630.1600     0.6509     3.7011      125.1    30.0
20230630.1700     0.6582     3.6778      125.4    30.0
20230630.1800     0.6564     3.6801      125.4    30.0
20230630.1900     0.6414     3.7012      125.4    30.0
20230630.2000     0.6298     3.7023      125.1    30.0
20230630.2100     0.6289     3.6785      124.5    30.0
20230630.2200     0.6515     3.6301      122.6    30.0
20230630.2300     0.6930     3.6745      121.0    30.0
