TPAR
20230501.0000     0.1901     3.2263      103.0    30.0
20230501.0100     0.1877     3.2234      104.9    30.0
20230501.0200     0.1861     3.2046      106.8    30.0
20230501.0300     0.1813     3.2379      109.0    30.0
20230501.0400     0.1776     3.2410      111.4    30.0
20230501.0500     0.1746     3.2461      113.8    30.0
20230501.0600     0.1848     3.0198      126.4    30.0
20230501.0700     0.2039     2.8309      141.9    30.0
20230501.0800     0.2144     2.7751      149.5    30.0
20230501.0900     0.2161     2.7694      155.9    30.0
20230501.1000     0.2286     2.7785      175.8    30.0
20230501.1100     0.2353     2.7745      177.7    30.0
20230501.1200     0.2362     2.7904      178.7    30.0
20230501.1300     0.2355     2.7992      179.1    30.0
20230501.1400     0.2328     2.8080      178.0    30.0
20230501.1500     0.2322     2.7789      175.7    30.0
20230501.1600     0.2283     2.7758      173.6    30.0
20230501.1700     0.2219     2.7966      172.1    30.0
20230501.1800     0.2193     2.7761      169.7    30.0
20230501.1900     0.2162     2.7652      167.0    30.0
20230501.2000     0.2123     2.7629      165.1    30.0
20230501.2100     0.2072     2.7762      163.6    30.0
20230501.2200     0.1861     2.8855      162.6    30.0
20230501.2300     0.1849     2.8708      160.9    30.0
20230502.0000     0.1841     2.8540      158.8    30.0
20230502.0100     0.1854     2.8263      155.7    30.0
20230502.0200     0.2036     2.6989      144.0    30.0
20230502.0300     0.2096     2.6692      136.1    30.0
20230502.0400     0.2124     2.6625      135.1    30.0
20230502.0500     0.2341     2.5735      139.9    30.0
20230502.0600     0.2621     2.5592      137.9    30.0
20230502.0700     0.2774     2.5872      137.0    30.0
20230502.0800     0.2674     2.6516      135.5    30.0
20230502.0900     0.2607     2.6895      135.0    30.0
20230502.1000     0.2421     2.7453      133.3    30.0
20230502.1100     0.2344     2.7869      132.5    30.0
20230502.1200     0.2279     2.8264      132.1    30.0
20230502.1300     0.2264     2.8324      131.5    30.0
20230502.1400     0.2291     2.8242      129.3    30.0
20230502.1500     0.2337     2.8091      126.6    30.0
20230502.1600     0.2330     2.8285      126.6    30.0
20230502.1700     0.2346     2.8453      126.3    30.0
20230502.1800     0.2340     2.8770      126.5    30.0
20230502.1900     0.2326     2.9211      126.7    30.0
20230502.2000     0.2368     2.9387      125.5    30.0
20230502.2100     0.2598     2.8900      120.8    30.0
20230502.2200     0.2813     2.8966      118.5    30.0
20230502.2300     0.3037     2.8493      116.3    30.0
20230503.0000     0.3234     2.8529      114.4    30.0
20230503.0100     0.3337     2.9102      113.6    30.0
20230503.0200     0.3333     2.9919      114.9    30.0
20230503.0300     0.3296     3.0871      116.8    30.0
20230503.0400     0.3272     3.1715      118.5    30.0
20230503.0500     0.3262     3.2440      120.2    30.0
20230503.0600     0.3266     3.2848      121.9    30.0
20230503.0700     0.3242     3.3625      123.3    30.0
20230503.0800     0.3298     3.3685      126.2    30.0
20230503.0900     0.3345     3.3915      128.4    30.0
20230503.1000     0.3310     3.4685      129.7    30.0
20230503.1100     0.3372     3.4892      131.4    30.0
20230503.1200     0.3389     3.5372      131.8    30.0
20230503.1300     0.3402     3.5876      131.9    30.0
20230503.1400     0.3395     3.6528      131.8    30.0
20230503.1500     0.3384     3.7202      131.7    30.0
20230503.1600     0.3371     3.7920      131.6    30.0
20230503.1700     0.3369     3.8541      131.4    30.0
20230503.1800     0.3379     3.8986      131.2    30.0
20230503.1900     0.3401     3.9349      131.0    30.0
20230503.2000     0.3414     3.9806      130.9    30.0
20230503.2100     0.3429     4.0203      130.8    30.0
20230503.2200     0.3397     4.1189      129.7    30.0
20230503.2300     0.3428     4.1416      129.6    30.0
20230504.0000     0.3458     4.1591      129.6    30.0
20230504.0100     0.3484     4.1780      129.5    30.0
20230504.0200     0.3502     4.1992      129.4    30.0
20230504.0300     0.3528     4.2032      129.5    30.0
20230504.0400     0.3546     4.2095      129.6    30.0
20230504.0500     0.3575     4.1713      129.9    30.0
20230504.0600     0.3592     4.1649      130.0    30.0
20230504.0700     0.3615     4.1315      130.7    30.0
20230504.0800     0.3664     4.0712      132.4    30.0
20230504.0900     0.3669     4.0641      133.2    30.0
20230504.1000     0.3607     4.1102      133.4    30.0
20230504.1100     0.3584     4.1274      133.4    30.0
20230504.1200     0.3589     4.1077      134.3    30.0
20230504.1300     0.3572     4.1051      134.6    30.0
20230504.1400     0.3539     4.1164      134.4    30.0
20230504.1500     0.3505     4.1263      134.2    30.0
20230504.1600     0.3474     4.1319      134.1    30.0
20230504.1700     0.3518     4.0574      135.3    30.0
20230504.1800     0.3612     3.9457      137.4    30.0
20230504.1900     0.3726     3.8329      139.3    30.0
20230504.2000     0.3830     3.7543      140.3    30.0
20230504.2100     0.3892     3.7205      140.1    30.0
20230504.2200     0.3876     3.7429      138.8    30.0
20230504.2300     0.3924     3.7006      138.1    30.0
20230505.0000     0.3944     3.6960      137.6    30.0
20230505.0100     0.3950     3.7047      137.2    30.0
20230505.0200     0.3951     3.7189      136.8    30.0
20230505.0300     0.3952     3.7342      136.5    30.0
20230505.0400     0.3956     3.7451      136.1    30.0
20230505.0500     0.3955     3.7586      135.7    30.0
20230505.0600     0.3939     3.7817      135.4    30.0
20230505.0700     0.3935     3.7851      135.0    30.0
20230505.0800     0.3930     3.7909      134.9    30.0
20230505.0900     0.3966     3.7556      134.7    30.0
20230505.1000     0.3915     3.7957      134.1    30.0
20230505.1100     0.3887     3.8181      134.1    30.0
20230505.1200     0.3852     3.8429      134.1    30.0
20230505.1300     0.3816     3.8650      134.2    30.0
20230505.1400     0.3780     3.8868      134.3    30.0
20230505.1500     0.3747     3.9042      134.4    30.0
20230505.1600     0.3723     3.9166      134.4    30.0
20230505.1700     0.3697     3.9279      134.4    30.0
20230505.1800     0.3668     3.9476      134.4    30.0
20230505.1900     0.3637     3.9674      134.3    30.0
20230505.2000     0.3605     3.9877      134.2    30.0
20230505.2100     0.3575     4.0053      134.1    30.0
20230505.2200     0.3557     4.0068      133.1    30.0
20230505.2300     0.3577     3.9668      132.4    30.0
20230506.0000     0.3577     3.9453      131.9    30.0
20230506.0100     0.3562     3.9387      131.6    30.0
20230506.0200     0.3563     3.8880      131.2    30.0
20230506.0300     0.3544     3.8798      130.9    30.0
20230506.0400     0.3522     3.8754      130.8    30.0
20230506.0500     0.3522     3.8313      131.0    30.0
20230506.0600     0.3520     3.8078      131.0    30.0
20230506.0700     0.3595     3.7174      131.8    30.0
20230506.0800     0.3746     3.6017      134.1    30.0
20230506.0900     0.3907     3.5164      135.8    30.0
20230506.1000     0.3943     3.5023      135.5    30.0
20230506.1100     0.4023     3.5134      134.9    30.0
20230506.1200     0.4114     3.4920      134.1    30.0
20230506.1300     0.4186     3.4844      133.4    30.0
20230506.1400     0.4211     3.5041      132.5    30.0
20230506.1500     0.4229     3.5200      131.7    30.0
20230506.1600     0.4250     3.5324      130.8    30.0
20230506.1700     0.4248     3.5603      130.2    30.0
20230506.1800     0.4236     3.5889      129.6    30.0
20230506.1900     0.4236     3.6086      128.8    30.0
20230506.2000     0.4257     3.6134      127.9    30.0
20230506.2100     0.4253     3.6148      127.3    30.0
20230506.2200     0.4215     3.6200      125.7    30.0
20230506.2300     0.4195     3.6220      124.9    30.0
20230507.0000     0.4173     3.6181      124.1    30.0
20230507.0100     0.4138     3.6187      123.8    30.0
20230507.0200     0.4116     3.6076      123.7    30.0
20230507.0300     0.4098     3.5935      123.8    30.0
20230507.0400     0.4069     3.5827      124.2    30.0
20230507.0500     0.4057     3.5601      124.9    30.0
20230507.0600     0.4112     3.5015      126.3    30.0
20230507.0700     0.4219     3.4346      128.0    30.0
20230507.0800     0.4503     3.3437      130.4    30.0
20230507.0900     0.4641     3.3314      130.9    30.0
20230507.1000     0.4493     3.3945      130.4    30.0
20230507.1100     0.4309     3.4550      130.3    30.0
20230507.1200     0.4180     3.4732      130.3    30.0
20230507.1300     0.4090     3.4778      130.3    30.0
20230507.1400     0.4014     3.4787      130.5    30.0
20230507.1500     0.3980     3.4580      131.0    30.0
20230507.1600     0.3972     3.4350      131.9    30.0
20230507.1700     0.3901     3.4508      131.9    30.0
20230507.1800     0.3793     3.5005      131.6    30.0
20230507.1900     0.3705     3.5497      131.6    30.0
20230507.2000     0.3635     3.5934      131.5    30.0
20230507.2100     0.3593     3.6252      131.5    30.0
20230507.2200     0.3519     3.6923      131.0    30.0
20230507.2300     0.3547     3.6835      130.7    30.0
20230508.0000     0.3604     3.6590      129.8    30.0
20230508.0100     0.3656     3.6474      129.0    30.0
20230508.0200     0.3736     3.5838      127.4    30.0
20230508.0300     0.3749     3.6089      127.6    30.0
20230508.0400     0.3759     3.6350      127.9    30.0
20230508.0500     0.3759     3.6681      128.4    30.0
20230508.0600     0.3743     3.7054      128.9    30.0
20230508.0700     0.3727     3.7403      129.2    30.0
20230508.0800     0.3711     3.7654      129.5    30.0
20230508.0900     0.3716     3.7683      129.5    30.0
20230508.1000     0.3645     3.8393      129.3    30.0
20230508.1100     0.3631     3.8406      129.3    30.0
20230508.1200     0.3629     3.8314      129.4    30.0
20230508.1300     0.3621     3.8226      129.6    30.0
20230508.1400     0.3681     3.7368      129.4    30.0
20230508.1500     0.3797     3.6313      128.9    30.0
20230508.1600     0.3845     3.6080      129.1    30.0
20230508.1700     0.3842     3.6153      129.5    30.0
20230508.1800     0.3808     3.6404      129.9    30.0
20230508.1900     0.3768     3.6676      130.4    30.0
20230508.2000     0.3725     3.6950      130.9    30.0
20230508.2100     0.3683     3.7257      131.4    30.0
20230508.2200     0.3638     3.7625      131.5    30.0
20230508.2300     0.3736     3.7035      131.3    30.0
20230509.0000     0.3774     3.6940      131.4    30.0
20230509.0100     0.3751     3.7223      132.0    30.0
20230509.0200     0.3707     3.7616      132.8    30.0
20230509.0300     0.3664     3.7960      133.6    30.0
20230509.0400     0.3619     3.8297      134.5    30.0
20230509.0500     0.3610     3.8246      136.1    30.0
20230509.0600     0.3602     3.7978      137.1    30.0
20230509.0700     0.3739     3.6654      140.3    30.0
20230509.0800     0.3838     3.5779      140.8    30.0
20230509.0900     0.4014     3.4855      142.0    30.0
20230509.1000     0.3914     3.5390      142.8    30.0
20230509.1100     0.3873     3.5471      143.3    30.0
20230509.1200     0.3775     3.5908      143.6    30.0
20230509.1300     0.3700     3.6045      143.7    30.0
20230509.1400     0.3651     3.5984      143.6    30.0
20230509.1500     0.3599     3.5947      143.5    30.0
20230509.1600     0.3536     3.5958      143.5    30.0
20230509.1700     0.3486     3.5934      143.5    30.0
20230509.1800     0.3436     3.5880      143.5    30.0
20230509.1900     0.3394     3.5804      143.2    30.0
20230509.2000     0.3392     3.5338      141.5    30.0
20230509.2100     0.3442     3.4665      139.1    30.0
20230509.2200     0.3495     3.4093      135.1    30.0
20230509.2300     0.3763     3.2951      130.3    30.0
20230510.0000     0.4112     3.2130      124.2    30.0
20230510.0100     0.4464     3.1827      119.7    30.0
20230510.0200     0.4780     3.1943      116.3    30.0
20230510.0300     0.4934     3.2441      114.7    30.0
20230510.0400     0.4924     3.3102      114.7    30.0
20230510.0500     0.4880     3.3675      114.6    30.0
20230510.0600     0.4774     3.4379      115.9    30.0
20230510.0700     0.4660     3.5091      117.7    30.0
20230510.0800     0.4593     3.5542      118.9    30.0
20230510.0900     0.4545     3.6026      119.6    30.0
20230510.1000     0.4485     3.6609      120.2    30.0
20230510.1100     0.4419     3.7255      121.7    30.0
20230510.1200     0.4336     3.8030      123.3    30.0
20230510.1300     0.4255     3.8814      124.7    30.0
20230510.1400     0.4198     3.9467      125.7    30.0
20230510.1500     0.4198     3.9519      126.0    30.0
20230510.1600     0.4281     3.8964      123.8    30.0
20230510.1700     0.4383     3.8529      122.1    30.0
20230510.1800     0.4407     3.8611      121.5    30.0
20230510.1900     0.4347     3.9241      122.5    30.0
20230510.2000     0.4266     3.9996      124.0    30.0
20230510.2100     0.4203     4.0625      125.6    30.0
20230510.2200     0.4224     4.0350      125.6    30.0
20230510.2300     0.4742     4.2283      125.7    30.0
20230511.0000     0.4863     4.2805      126.2    30.0
20230511.0100     0.5038     4.2668      125.4    30.0
20230511.0200     0.5187     4.2602      124.8    30.0
20230511.0300     0.5291     4.2699      124.6    30.0
20230511.0400     0.5361     4.2817      124.4    30.0
20230511.0500     0.5346     4.3316      124.8    30.0
20230511.0600     0.5271     4.4051      125.7    30.0
20230511.0700     0.5192     4.4635      126.5    30.0
20230511.0800     0.5160     4.4604      127.3    30.0
20230511.0900     0.5227     4.3609      128.2    30.0
20230511.1000     0.5411     4.2162      129.4    30.0
20230511.1100     0.5712     4.0448      130.3    30.0
20230511.1200     0.6035     3.9257      130.4    30.0
20230511.1300     0.6350     3.8571      130.6    30.0
20230511.1400     0.6625     3.8338      130.6    30.0
20230511.1500     0.6874     3.8405      130.4    30.0
20230511.1600     0.7229     3.8575      129.7    30.0
20230511.1700     0.7612     3.8981      128.3    30.0
20230511.1800     0.7860     3.9590      127.0    30.0
20230511.1900     0.7991     4.0195      125.9    30.0
20230511.2000     0.8061     4.0679      124.9    30.0
20230511.2100     0.8111     4.1020      123.8    30.0
20230511.2200     0.8004     4.1464      123.3    30.0
20230511.2300     0.7906     4.1670      122.8    30.0
20230512.0000     0.7895     4.1606      122.0    30.0
20230512.0100     0.7905     4.1485      121.1    30.0
20230512.0200     0.7925     4.1467      120.7    30.0
20230512.0300     0.7965     4.1503      120.7    30.0
20230512.0400     0.8029     4.1615      121.0    30.0
20230512.0500     0.8165     4.1736      121.7    30.0
20230512.0600     0.8308     4.2008      122.7    30.0
20230512.0700     0.8459     4.2411      124.0    30.0
20230512.0800     0.8648     4.2840      125.5    30.0
20230512.0900     0.8780     4.3293      126.9    30.0
20230512.1000     0.8873     4.3663      127.8    30.0
20230512.1100     0.9215     4.4540      128.5    30.0
20230512.1200     0.9281     4.4637      128.8    30.0
20230512.1300     0.9427     4.4707      128.9    30.0
20230512.1400     0.9634     4.4855      128.7    30.0
20230512.1500     0.9818     4.5129      128.6    30.0
20230512.1600     0.9950     4.5492      128.5    30.0
20230512.1700     0.9988     4.5935      128.6    30.0
20230512.1800     0.9871     4.6427      128.8    30.0
20230512.1900     0.9573     4.7038      129.1    30.0
20230512.2000     0.9226     4.7599      129.4    30.0
20230512.2100     0.8893     4.7989      129.6    30.0
20230512.2200     0.8583     4.8217      130.0    30.0
20230512.2300     0.8396     4.7874      130.2    30.0
20230513.0000     0.8332     4.7065      130.3    30.0
20230513.0100     0.8258     4.6355      130.3    30.0
20230513.0200     0.8070     4.6173      130.5    30.0
20230513.0300     0.7883     4.6036      130.9    30.0
20230513.0400     0.7767     4.5680      131.7    30.0
20230513.0500     0.7695     4.5162      132.1    30.0
20230513.0600     0.7639     4.4743      132.9    30.0
20230513.0700     0.7517     4.4678      133.5    30.0
20230513.0800     0.7388     4.4700      133.8    30.0
20230513.0900     0.7271     4.4751      134.0    30.0
20230513.1000     0.7413     4.3991      134.6    30.0
20230513.1100     0.7701     4.3167      134.8    30.0
20230513.1200     0.8043     4.2700      134.5    30.0
20230513.1300     0.8459     4.2587      134.3    30.0
20230513.1400     0.8843     4.2845      134.0    30.0
20230513.1500     0.9127     4.3342      133.7    30.0
20230513.1600     0.9326     4.3889      133.5    30.0
20230513.1700     0.9419     4.4479      133.3    30.0
20230513.1800     0.9391     4.5111      133.4    30.0
20230513.1900     0.9298     4.5627      133.5    30.0
20230513.2000     0.9203     4.5874      133.8    30.0
20230513.2100     0.9118     4.5887      134.0    30.0
20230513.2200     0.8856     4.6175      133.8    30.0
20230513.2300     1.0079     4.9869      133.7    30.0
20230514.0000     0.9672     4.9680      134.0    30.0
20230514.0100     0.9316     4.9311      134.2    30.0
20230514.0200     0.9033     4.8655      134.3    30.0
20230514.0300     0.8798     4.7919      134.3    30.0
20230514.0400     0.8611     4.7118      134.2    30.0
20230514.0500     0.8404     4.6509      134.3    30.0
20230514.0600     0.8123     4.6230      134.6    30.0
20230514.0700     0.7767     4.6325      135.1    30.0
20230514.0800     0.7420     4.6458      135.6    30.0
20230514.0900     0.7112     4.6481      136.0    30.0
20230514.1000     0.6826     4.6492      136.3    30.0
20230514.1100     0.6610     4.6156      136.5    30.0
20230514.1200     0.6440     4.5639      136.6    30.0
20230514.1300     0.6296     4.5043      136.9    30.0
20230514.1400     0.6206     4.4243      137.3    30.0
20230514.1500     0.6207     4.3108      138.1    30.0
20230514.1600     0.6282     4.1900      139.0    30.0
20230514.1700     0.6331     4.1058      140.0    30.0
20230514.1800     0.6347     4.0483      140.8    30.0
20230514.1900     0.6314     4.0141      141.4    30.0
20230514.2000     0.6249     3.9902      141.8    30.0
20230514.2100     0.6181     3.9682      142.0    30.0
20230514.2200     0.6120     3.9441      141.4    30.0
20230514.2300     0.6097     3.9141      141.0    30.0
20230515.0000     0.6103     3.8804      140.1    30.0
20230515.0100     0.6084     3.8564      138.7    30.0
20230515.0200     0.6110     3.8269      136.8    30.0
20230515.0300     0.6122     3.8132      135.5    30.0
20230515.0400     0.6096     3.8145      134.5    30.0
20230515.0500     0.6025     3.8269      133.8    30.0
20230515.0600     0.5942     3.8384      133.2    30.0
20230515.0700     0.5866     3.8441      132.7    30.0
20230515.0800     0.5791     3.8469      132.3    30.0
20230515.0900     0.5703     3.8520      132.2    30.0
20230515.1000     0.5559     3.8760      131.4    30.0
20230515.1100     0.5582     3.9191      131.3    30.0
20230515.1200     0.5545     3.8908      131.2    30.0
20230515.1300     0.5532     3.8586      131.1    30.0
20230515.1400     0.5480     3.8464      131.4    30.0
20230515.1500     0.5380     3.8513      132.1    30.0
20230515.1600     0.5298     3.8436      133.0    30.0
20230515.1700     0.5261     3.8186      133.9    30.0
20230515.1800     0.5262     3.7860      134.7    30.0
20230515.1900     0.5267     3.7610      135.2    30.0
20230515.2000     0.5275     3.7421      135.4    30.0
20230515.2100     0.5324     3.7184      135.2    30.0
20230515.2200     0.5235     3.7417      134.9    30.0
20230515.2300     0.5163     3.7550      135.1    30.0
20230516.0000     0.5077     3.7712      135.2    30.0
20230516.0100     0.5001     3.7796      135.1    30.0
20230516.0200     0.4945     3.7746      134.7    30.0
20230516.0300     0.4883     3.7773      134.4    30.0
20230516.0400     0.4824     3.7791      134.1    30.0
20230516.0500     0.4766     3.7827      134.0    30.0
20230516.0600     0.4711     3.7844      133.9    30.0
20230516.0700     0.4658     3.7812      133.9    30.0
20230516.0800     0.4611     3.7744      133.8    30.0
20230516.0900     0.4581     3.7585      133.7    30.0
20230516.1000     0.4471     3.7826      133.2    30.0
20230516.1100     0.4442     3.7622      133.2    30.0
20230516.1200     0.4467     3.7170      133.2    30.0
20230516.1300     0.4493     3.6812      133.5    30.0
20230516.1400     0.4520     3.6495      133.9    30.0
20230516.1500     0.4518     3.6325      134.2    30.0
20230516.1600     0.4503     3.6204      134.4    30.0
20230516.1700     0.4523     3.5948      134.7    30.0
20230516.1800     0.4562     3.5602      135.0    30.0
20230516.1900     0.4590     3.5425      135.0    30.0
20230516.2000     0.4590     3.5354      134.8    30.0
20230516.2100     0.4585     3.5311      134.6    30.0
20230516.2200     0.4501     3.5525      134.1    30.0
20230516.2300     0.4556     3.5795      133.4    30.0
20230517.0000     0.4547     3.5738      132.6    30.0
20230517.0100     0.4537     3.5556      131.4    30.0
20230517.0200     0.4538     3.5325      130.3    30.0
20230517.0300     0.4536     3.5149      129.5    30.0
20230517.0400     0.4540     3.4998      129.0    30.0
20230517.0500     0.4567     3.4820      128.6    30.0
20230517.0600     0.4571     3.4770      128.6    30.0
20230517.0700     0.4574     3.4666      128.9    30.0
20230517.0800     0.4603     3.4484      129.1    30.0
20230517.0900     0.4698     3.4184      129.3    30.0
20230517.1000     0.4604     3.4440      129.9    30.0
20230517.1100     0.4573     3.4368      130.7    30.0
20230517.1200     0.4604     3.4174      130.7    30.0
20230517.1300     0.4650     3.4081      130.7    30.0
20230517.1400     0.4677     3.4081      131.0    30.0
20230517.1500     0.4696     3.4154      131.4    30.0
20230517.1600     0.4721     3.4229      131.9    30.0
20230517.1700     0.4690     3.4425      132.3    30.0
20230517.1800     0.4644     3.4690      132.6    30.0
20230517.1900     0.4622     3.4755      132.8    30.0
20230517.2000     0.4641     3.4740      132.9    30.0
20230517.2100     0.4659     3.4763      132.9    30.0
20230517.2200     0.4692     3.4722      132.8    30.0
20230517.2300     0.4736     3.4743      132.7    30.0
20230518.0000     0.4741     3.4863      132.4    30.0
20230518.0100     0.4724     3.4962      131.7    30.0
20230518.0200     0.4694     3.5062      131.1    30.0
20230518.0300     0.4685     3.5060      130.5    30.0
20230518.0400     0.4627     3.5273      130.7    30.0
20230518.0500     0.4524     3.5634      131.2    30.0
20230518.0600     0.4417     3.5992      131.7    30.0
20230518.0700     0.4301     3.6329      132.0    30.0
20230518.0800     0.4216     3.6468      132.2    30.0
20230518.0900     0.4154     3.6452      132.4    30.0
20230518.1000     0.4044     3.6718      132.3    30.0
20230518.1100     0.3996     3.6581      132.5    30.0
20230518.1200     0.4003     3.6031      132.8    30.0
20230518.1300     0.4083     3.5251      132.9    30.0
20230518.1400     0.4234     3.4438      132.8    30.0
20230518.1500     0.4432     3.3841      132.8    30.0
20230518.1600     0.4616     3.3665      133.1    30.0
20230518.1700     0.4754     3.3809      133.4    30.0
20230518.1800     0.4819     3.4178      134.0    30.0
20230518.1900     0.4788     3.4710      134.4    30.0
20230518.2000     0.4746     3.5140      135.0    30.0
20230518.2100     0.4679     3.5556      135.4    30.0
20230518.2200     0.4561     3.6221      135.2    30.0
20230518.2300     0.4463     3.6622      135.3    30.0
20230519.0000     0.4369     3.6937      135.3    30.0
20230519.0100     0.4320     3.6730      134.7    30.0
20230519.0200     0.4251     3.6807      134.7    30.0
20230519.0300     0.4186     3.6857      134.6    30.0
20230519.0400     0.4138     3.6720      134.8    30.0
20230519.0500     0.4106     3.6492      135.1    30.0
20230519.0600     0.4236     3.5387      136.9    30.0
20230519.0700     0.4332     3.4750      137.3    30.0
20230519.0800     0.4393     3.4401      137.7    30.0
20230519.0900     0.4449     3.4192      137.6    30.0
20230519.1000     0.4254     3.4976      137.3    30.0
20230519.1100     0.4116     3.5436      137.2    30.0
20230519.1200     0.4033     3.5509      137.0    30.0
20230519.1300     0.4045     3.5053      136.2    30.0
20230519.1400     0.4098     3.4566      135.3    30.0
20230519.1500     0.4157     3.4294      134.1    30.0
20230519.1600     0.4262     3.3916      132.5    30.0
20230519.1700     0.4354     3.3845      131.0    30.0
20230519.1800     0.4407     3.3962      130.0    30.0
20230519.1900     0.4367     3.4421      129.8    30.0
20230519.2000     0.4279     3.4928      130.0    30.0
20230519.2100     0.4223     3.5231      130.1    30.0
20230519.2200     0.4230     3.5169      128.8    30.0
20230519.2300     0.4233     3.5244      128.3    30.0
20230520.0000     0.4291     3.5070      127.1    30.0
20230520.0100     0.4380     3.4889      125.5    30.0
20230520.0200     0.4455     3.4895      125.1    30.0
20230520.0300     0.4533     3.4910      125.0    30.0
20230520.0400     0.4658     3.4803      125.1    30.0
20230520.0500     0.4849     3.4637      125.2    30.0
20230520.0600     0.5069     3.4605      125.6    30.0
20230520.0700     0.5280     3.4726      126.2    30.0
20230520.0800     0.5442     3.4974      126.8    30.0
20230520.0900     0.5556     3.5253      127.3    30.0
20230520.1000     0.5480     3.5895      127.6    30.0
20230520.1100     0.5400     3.6312      128.2    30.0
20230520.1200     0.5325     3.6548      128.8    30.0
20230520.1300     0.5280     3.6596      128.9    30.0
20230520.1400     0.5276     3.6517      128.6    30.0
20230520.1500     0.5279     3.6475      128.2    30.0
20230520.1600     0.5295     3.6428      128.0    30.0
20230520.1700     0.5298     3.6480      127.9    30.0
20230520.1800     0.5293     3.6566      127.8    30.0
20230520.1900     0.5252     3.6758      127.6    30.0
20230520.2000     0.5235     3.6846      127.3    30.0
20230520.2100     0.5257     3.6803      126.8    30.0
20230520.2200     0.5370     3.6586      125.1    30.0
20230520.2300     0.5523     3.6449      124.3    30.0
20230521.0000     0.5701     3.6448      123.6    30.0
20230521.0100     0.5924     3.6374      123.0    30.0
20230521.0200     0.6117     3.6592      123.5    30.0
20230521.0300     0.6210     3.6961      123.9    30.0
20230521.0400     0.6249     3.7354      124.3    30.0
20230521.0500     0.6242     3.7737      124.7    30.0
20230521.0600     0.6209     3.8072      125.2    30.0
20230521.0700     0.6171     3.8327      125.9    30.0
20230521.0800     0.6151     3.8448      126.8    30.0
20230521.0900     0.6130     3.8526      127.8    30.0
20230521.1000     0.6015     3.8908      128.3    30.0
20230521.1100     0.5973     3.8967      128.8    30.0
20230521.1200     0.5993     3.8841      129.4    30.0
20230521.1300     0.6095     3.8594      130.3    30.0
20230521.1400     0.6292     3.8333      131.2    30.0
20230521.1500     0.6521     3.8272      132.2    30.0
20230521.1600     0.6676     3.8474      132.7    30.0
20230521.1700     0.6785     3.8770      132.9    30.0
20230521.1800     0.6832     3.9104      133.0    30.0
20230521.1900     0.6833     3.9413      132.9    30.0
20230521.2000     0.6812     3.9648      132.6    30.0
20230521.2100     0.6787     3.9826      132.3    30.0
20230521.2200     0.6660     4.0153      131.8    30.0
20230521.2300     0.6584     4.0247      131.4    30.0
20230522.0000     0.6589     4.0065      131.0    30.0
20230522.0100     0.6664     3.9702      130.1    30.0
20230522.0200     0.6801     3.9367      128.9    30.0
20230522.0300     0.6937     3.9240      127.9    30.0
20230522.0400     0.7066     3.9262      127.2    30.0
20230522.0500     0.7149     3.9427      127.1    30.0
20230522.0600     0.7146     3.9707      127.4    30.0
20230522.0700     0.7102     3.9936      128.0    30.0
20230522.0800     0.7021     4.0126      128.5    30.0
20230522.0900     0.6937     4.0232      129.0    30.0
20230522.1000     0.6715     4.0684      129.5    30.0
20230522.1100     0.6630     4.0816      130.0    30.0
20230522.1200     0.6551     4.0663      130.3    30.0
20230522.1300     0.6512     4.0419      130.7    30.0
20230522.1400     0.6555     4.0045      131.1    30.0
20230522.1500     0.6641     3.9736      131.4    30.0
20230522.1600     0.6684     3.9667      131.5    30.0
20230522.1700     0.6671     3.9753      131.3    30.0
20230522.1800     0.6661     3.9809      130.8    30.0
20230522.1900     0.6641     3.9876      130.2    30.0
20230522.2000     0.6594     4.0011      129.7    30.0
20230522.2100     0.6527     4.0130      129.0    30.0
20230522.2200     0.6392     4.0430      128.5    30.0
20230522.2300     0.6319     4.0526      128.1    30.0
20230523.0000     0.6240     4.0620      127.8    30.0
20230523.0100     0.6141     4.0638      127.5    30.0
20230523.0200     0.6017     4.0737      127.6    30.0
20230523.0300     0.5880     4.0879      127.9    30.0
20230523.0400     0.5749     4.0978      128.3    30.0
20230523.0500     0.5686     4.0702      128.7    30.0
20230523.0600     0.5682     4.0176      129.2    30.0
20230523.0700     0.5691     3.9700      129.9    30.0
20230523.0800     0.5677     3.9354      130.7    30.0
20230523.0900     0.5716     3.8884      131.7    30.0
20230523.1000     0.5642     3.8934      132.2    30.0
20230523.1100     0.5641     3.8679      132.9    30.0
20230523.1200     0.5733     3.8176      133.5    30.0
20230523.1300     0.5854     3.7798      133.7    30.0
20230523.1400     0.5900     3.7745      133.7    30.0
20230523.1500     0.5838     3.7942      133.5    30.0
20230523.1600     0.5796     3.8018      133.4    30.0
20230523.1700     0.5807     3.7934      133.4    30.0
20230523.1800     0.5817     3.7855      133.3    30.0
20230523.1900     0.5768     3.7956      133.1    30.0
20230523.2000     0.5692     3.8113      132.9    30.0
20230523.2100     0.5605     3.8295      132.6    30.0
20230523.2200     0.5559     3.8207      131.5    30.0
20230523.2300     0.5559     3.8255      130.5    30.0
20230524.0000     0.5510     3.8265      129.5    30.0
20230524.0100     0.5441     3.8323      128.8    30.0
20230524.0200     0.5341     3.8511      128.7    30.0
20230524.0300     0.5247     3.8662      128.7    30.0
20230524.0400     0.5178     3.8661      128.6    30.0
20230524.0500     0.5139     3.8512      128.4    30.0
20230524.0600     0.5129     3.8267      128.4    30.0
20230524.0700     0.5149     3.7964      128.6    30.0
20230524.0800     0.5193     3.7629      129.1    30.0
20230524.0900     0.5294     3.7179      129.6    30.0
20230524.1000     0.5452     3.6765      128.6    30.0
20230524.1100     0.5602     3.6604      128.3    30.0
20230524.1200     0.5684     3.6673      128.7    30.0
20230524.1300     0.5748     3.6800      129.0    30.0
20230524.1400     0.5792     3.6990      129.1    30.0
20230524.1500     0.5780     3.7258      129.2    30.0
20230524.1600     0.5735     3.7574      129.2    30.0
20230524.1700     0.5715     3.7778      128.9    30.0
20230524.1800     0.5725     3.7881      128.2    30.0
20230524.1900     0.5750     3.7974      127.4    30.0
20230524.2000     0.5779     3.8084      126.8    30.0
20230524.2100     0.5814     3.8176      126.6    30.0
20230524.2200     0.5799     3.8436      126.4    30.0
20230524.2300     0.5854     3.8401      126.1    30.0
20230525.0000     0.6001     3.8121      125.6    30.0
20230525.0100     0.6186     3.7851      125.5    30.0
20230525.0200     0.6397     3.7747      126.4    30.0
20230525.0300     0.6637     3.7754      127.3    30.0
20230525.0400     0.6891     3.7884      127.6    30.0
20230525.0500     0.7099     3.8188      127.5    30.0
20230525.0600     0.7215     3.8566      126.9    30.0
20230525.0700     0.7268     3.8985      126.9    30.0
20230525.0800     0.7364     3.9282      127.4    30.0
20230525.0900     0.7393     3.9666      127.9    30.0
20230525.1000     0.7344     4.0074      128.1    30.0
20230525.1100     0.7842     4.1173      128.8    30.0
20230525.1200     0.7896     4.1590      129.0    30.0
20230525.1300     0.7879     4.1998      128.9    30.0
20230525.1400     0.7838     4.2314      128.9    30.0
20230525.1500     0.7808     4.2459      128.6    30.0
20230525.1600     0.7749     4.2604      128.2    30.0
20230525.1700     0.7770     4.2474      127.9    30.0
20230525.1800     0.7818     4.2299      127.6    30.0
20230525.1900     0.7888     4.2078      127.4    30.0
20230525.2000     0.7992     4.1877      127.2    30.0
20230525.2100     0.7995     4.1876      127.3    30.0
20230525.2200     0.7912     4.1960      127.0    30.0
20230525.2300     0.7930     4.1802      126.6    30.0
20230526.0000     0.7967     4.1644      126.2    30.0
20230526.0100     0.7960     4.1548      125.8    30.0
20230526.0200     0.7907     4.1514      125.4    30.0
20230526.0300     0.7871     4.1466      125.3    30.0
20230526.0400     0.7891     4.1300      124.9    30.0
20230526.0500     0.7922     4.1192      124.8    30.0
20230526.0600     0.7902     4.1228      125.3    30.0
20230526.0700     0.7864     4.1302      126.0    30.0
20230526.0800     0.7842     4.1363      127.0    30.0
20230526.0900     0.7802     4.1381      127.8    30.0
20230526.1000     0.7735     4.1452      127.5    30.0
20230526.1100     0.7576     4.1680      127.6    30.0
20230526.1200     0.7436     4.1768      127.5    30.0
20230526.1300     0.7362     4.1636      127.1    30.0
20230526.1400     0.7338     4.1403      126.8    30.0
20230526.1500     0.7345     4.1194      126.6    30.0
20230526.1600     0.7312     4.1126      126.8    30.0
20230526.1700     0.7231     4.1142      127.1    30.0
20230526.1800     0.7133     4.1166      127.6    30.0
20230526.1900     0.7086     4.1022      128.2    30.0
20230526.2000     0.7170     4.0658      128.5    30.0
20230526.2100     0.7302     4.0421      128.4    30.0
20230526.2200     0.7266     4.0653      127.9    30.0
20230526.2300     0.9786     4.6199      127.5    30.0
20230527.0000     0.9783     4.7459      127.5    30.0
20230527.0100     0.9739     4.7886      127.7    30.0
20230527.0200     0.9639     4.8258      128.0    30.0
20230527.0300     0.9511     4.8548      128.2    30.0
20230527.0400     0.9408     4.8638      128.5    30.0
20230527.0500     0.9296     4.8656      128.9    30.0
20230527.0600     0.9184     4.8578      129.3    30.0
20230527.0700     0.9040     4.8532      129.7    30.0
20230527.0800     0.8885     4.8387      130.3    30.0
20230527.0900     0.8804     4.7844      131.1    30.0
20230527.1000     0.8681     4.7500      132.0    30.0
20230527.1100     0.8568     4.7080      133.0    30.0
20230527.1200     0.8460     4.6637      133.6    30.0
20230527.1300     0.8396     4.6031      134.1    30.0
20230527.1400     0.8390     4.5329      134.3    30.0
20230527.1500     0.8349     4.4854      134.4    30.0
20230527.1600     0.8145     4.4870      134.5    30.0
20230527.1700     0.7899     4.4961      134.7    30.0
20230527.1800     0.7703     4.4806      134.7    30.0
20230527.1900     0.7588     4.4343      134.6    30.0
20230527.2000     0.7631     4.3472      134.0    30.0
20230527.2100     0.7741     4.2643      132.9    30.0
20230527.2200     0.7672     4.2415      131.7    30.0
20230527.2300     0.7709     4.2013      130.3    30.0
20230528.0000     0.7771     4.1714      129.1    30.0
20230528.0100     0.7797     4.1616      128.4    30.0
20230528.0200     0.7926     4.1508      127.9    30.0
20230528.0300     0.8113     4.1581      128.0    30.0
20230528.0400     0.8306     4.1797      128.2    30.0
20230528.0500     0.8550     4.2016      128.0    30.0
20230528.0600     0.8721     4.2409      128.0    30.0
20230528.0700     0.8722     4.2966      128.6    30.0
20230528.0800     0.8643     4.3452      129.4    30.0
20230528.0900     0.8560     4.3712      130.1    30.0
20230528.1000     0.8514     4.3759      130.3    30.0
20230528.1100     0.9227     4.4584      130.4    30.0
20230528.1200     0.9232     4.4570      131.0    30.0
20230528.1300     0.9009     4.4862      131.7    30.0
20230528.1400     0.8706     4.5133      132.4    30.0
20230528.1500     0.8420     4.5247      133.2    30.0
20230528.1600     0.8204     4.5108      133.8    30.0
20230528.1700     0.8040     4.4841      134.4    30.0
20230528.1800     0.7943     4.4410      135.0    30.0
20230528.1900     0.7921     4.3861      135.5    30.0
20230528.2000     0.7981     4.3304      135.5    30.0
20230528.2100     0.8080     4.2919      135.0    30.0
20230528.2200     0.8080     4.2890      134.0    30.0
20230528.2300     0.7997     4.3063      133.3    30.0
20230529.0000     0.7909     4.3080      132.3    30.0
20230529.0100     0.7809     4.3060      131.4    30.0
20230529.0200     0.7698     4.3067      130.8    30.0
20230529.0300     0.7558     4.3132      130.5    30.0
20230529.0400     0.7417     4.3174      130.5    30.0
20230529.0500     0.7287     4.3168      130.6    30.0
20230529.0600     0.7165     4.3132      130.8    30.0
20230529.0700     0.7074     4.2994      131.2    30.0
20230529.0800     0.7062     4.2626      131.7    30.0
20230529.0900     0.7151     4.2093      132.1    30.0
20230529.1000     0.7104     4.2140      132.0    30.0
20230529.1100     0.7145     4.1906      132.1    30.0
20230529.1200     0.7210     4.1677      132.2    30.0
20230529.1300     0.7322     4.1410      132.4    30.0
20230529.1400     0.7425     4.1249      132.9    30.0
20230529.1500     0.7492     4.1215      133.4    30.0
20230529.1600     0.7521     4.1257      133.4    30.0
20230529.1700     0.7498     4.1378      133.1    30.0
20230529.1800     0.7484     4.1409      132.5    30.0
20230529.1900     0.7490     4.1377      131.6    30.0
20230529.2000     0.7482     4.1384      130.6    30.0
20230529.2100     0.7423     4.1435      129.6    30.0
20230529.2200     0.7334     4.1548      128.7    30.0
20230529.2300     0.7564     4.2391      127.9    30.0
20230530.0000     0.7403     4.2499      127.4    30.0
20230530.0100     0.7214     4.2605      127.0    30.0
20230530.0200     0.7024     4.2678      126.8    30.0
20230530.0300     0.6890     4.2527      126.6    30.0
20230530.0400     0.6818     4.2190      126.5    30.0
20230530.0500     0.6794     4.1803      126.3    30.0
20230530.0600     0.6769     4.1479      126.2    30.0
20230530.0700     0.6796     4.1103      126.4    30.0
20230530.0800     0.6847     4.0806      126.6    30.0
20230530.0900     0.6907     4.0585      127.2    30.0
20230530.1000     0.6853     4.0774      127.8    30.0
20230530.1100     0.6820     4.0829      128.8    30.0
20230530.1200     0.6781     4.0874      129.7    30.0
20230530.1300     0.6708     4.1002      130.6    30.0
20230530.1400     0.6619     4.1152      131.6    30.0
20230530.1500     0.6493     4.1391      132.4    30.0
20230530.1600     0.6366     4.1591      133.1    30.0
20230530.1700     0.6295     4.1545      133.6    30.0
20230530.1800     0.6206     4.1570      133.9    30.0
20230530.1900     0.6096     4.1679      134.0    30.0
20230530.2000     0.6024     4.1624      134.0    30.0
20230530.2100     0.6059     4.1102      133.9    30.0
20230530.2200     0.6214     4.0335      133.1    30.0
20230530.2300     0.6498     3.9546      132.1    30.0
20230531.0000     0.6723     3.9195      131.2    30.0
20230531.0100     0.6911     3.9056      130.4    30.0
20230531.0200     0.7043     3.9157      129.9    30.0
20230531.0300     0.7157     3.9341      129.6    30.0
20230531.0400     0.7239     3.9573      129.5    30.0
20230531.0500     0.7234     3.9869      129.8    30.0
20230531.0600     0.7165     4.0171      130.3    30.0
20230531.0700     0.7104     4.0343      130.9    30.0
20230531.0800     0.7053     4.0417      131.7    30.0
20230531.0900     0.7063     4.0302      132.7    30.0
20230531.1000     0.7030     4.0362      133.1    30.0
20230531.1100     0.7366     4.0753      133.6    30.0
20230531.1200     0.7534     4.0607      133.9    30.0
20230531.1300     0.7645     4.0677      134.0    30.0
20230531.1400     0.7751     4.0792      133.9    30.0
20230531.1500     0.7923     4.0912      133.4    30.0
20230531.1600     0.8014     4.1210      132.8    30.0
20230531.1700     0.8080     4.1491      132.0    30.0
20230531.1800     0.8146     4.1713      131.2    30.0
20230531.1900     0.8224     4.1872      130.5    30.0
20230531.2000     0.8222     4.2072      129.9    30.0
20230531.2100     0.8176     4.2214      129.5    30.0
20230531.2200     0.8023     4.2447      128.9    30.0
20230531.2300     0.7949     4.2390      128.3    30.0
20230601.0000     0.8016     4.2086      127.4    30.0
20230601.0100     0.8085     4.1838      126.4    30.0
20230601.0200     0.8096     4.1761      125.8    30.0
20230601.0300     0.8078     4.1719      125.5    30.0
20230601.0400     0.8063     4.1633      125.6    30.0
20230601.0500     0.8013     4.1576      126.0    30.0
20230601.0600     0.7913     4.1558      126.5    30.0
20230601.0700     0.7825     4.1456      127.1    30.0
20230601.0800     0.7805     4.1232      127.7    30.0
20230601.0900     0.7832     4.1006      128.2    30.0
20230601.1000     0.7698     4.1424      128.5    30.0
20230601.1100     0.7601     4.1462      128.6    30.0
20230601.1200     0.7617     4.1286      128.5    30.0
20230601.1300     0.7642     4.1183      128.3    30.0
20230601.1400     0.7666     4.1160      128.2    30.0
20230601.1500     0.7638     4.1251      128.4    30.0
20230601.1600     0.7558     4.1399      128.5    30.0
20230601.1700     0.7470     4.1520      128.5    30.0
20230601.1800     0.7397     4.1579      128.4    30.0
20230601.1900     0.7349     4.1537      128.2    30.0
20230601.2000     0.7311     4.1457      128.0    30.0
20230601.2100     0.7274     4.1347      128.1    30.0
20230601.2200     0.7096     4.1586      128.1    30.0
20230601.2300     0.7387     4.2599      128.2    30.0
20230602.0000     0.7365     4.2192      128.2    30.0
20230602.0100     0.7459     4.1520      128.0    30.0
20230602.0200     0.7633     4.0914      128.3    30.0
20230602.0300     0.7880     4.0525      128.7    30.0
20230602.0400     0.8175     4.0413      129.2    30.0
20230602.0500     0.8385     4.0583      129.3    30.0
20230602.0600     0.8431     4.0897      129.2    30.0
20230602.0700     0.8446     4.1107      129.1    30.0
20230602.0800     0.8453     4.1203      129.2    30.0
20230602.0900     0.8495     4.1181      129.6    30.0
20230602.1000     0.8313     4.1459      129.7    30.0
20230602.1100     0.8259     4.1448      130.0    30.0
20230602.1200     0.8315     4.1287      130.0    30.0
20230602.1300     0.8447     4.1238      129.6    30.0
20230602.1400     0.8588     4.1349      128.6    30.0
20230602.1500     0.8755     4.1558      127.8    30.0
20230602.1600     0.8966     4.1890      127.4    30.0
20230602.1700     0.9020     4.2389      127.3    30.0
20230602.1800     0.8977     4.2869      127.3    30.0
20230602.1900     0.8976     4.3176      127.3    30.0
20230602.2000     0.8999     4.3361      127.2    30.0
20230602.2100     0.8898     4.3645      127.0    30.0
20230602.2200     0.8717     4.3983      126.9    30.0
20230602.2300     0.8572     4.4134      126.7    30.0
20230603.0000     0.8479     4.4072      126.5    30.0
20230603.0100     0.8399     4.3911      126.3    30.0
20230603.0200     0.8312     4.3796      126.2    30.0
20230603.0300     0.8259     4.3674      126.4    30.0
20230603.0400     0.8231     4.3541      126.8    30.0
20230603.0500     0.8213     4.3386      127.1    30.0
20230603.0600     0.8160     4.3290      127.3    30.0
20230603.0700     0.8103     4.3138      127.3    30.0
20230603.0800     0.8024     4.3016      127.7    30.0
20230603.0900     0.7953     4.2862      127.8    30.0
20230603.1000     0.7890     4.2767      128.3    30.0
20230603.1100     0.8099     4.3231      128.8    30.0
20230603.1200     0.8025     4.3245      129.3    30.0
20230603.1300     0.7980     4.3071      129.7    30.0
20230603.1400     0.7879     4.3026      129.8    30.0
20230603.1500     0.7703     4.3155      129.9    30.0
20230603.1600     0.7586     4.3033      130.0    30.0
20230603.1700     0.7545     4.2718      130.0    30.0
20230603.1800     0.7511     4.2453      129.7    30.0
20230603.1900     0.7443     4.2242      129.0    30.0
20230603.2000     0.7247     4.2326      128.5    30.0
20230603.2100     0.6988     4.2620      128.5    30.0
20230603.2200     0.6746     4.2839      128.7    30.0
20230603.2300     0.6575     4.2665      128.6    30.0
20230604.0000     0.6438     4.2369      128.1    30.0
20230604.0100     0.6350     4.1928      127.5    30.0
20230604.0200     0.6401     4.0982      125.5    30.0
20230604.0300     0.6390     4.0553      124.5    30.0
20230604.0400     0.6363     4.0267      124.0    30.0
20230604.0500     0.6313     4.0169      124.0    30.0
20230604.0600     0.6235     4.0180      124.5    30.0
20230604.0700     0.6152     4.0181      125.3    30.0
20230604.0800     0.6094     4.0084      126.3    30.0
20230604.0900     0.6133     3.9672      127.4    30.0
20230604.1000     0.6181     3.9469      127.6    30.0
20230604.1100     0.6147     3.9487      128.1    30.0
20230604.1200     0.6065     3.9603      128.6    30.0
20230604.1300     0.5949     3.9813      129.1    30.0
20230604.1400     0.5821     4.0011      129.5    30.0
20230604.1500     0.5692     4.0190      129.7    30.0
20230604.1600     0.5555     4.0384      129.9    30.0
20230604.1700     0.5406     4.0635      130.2    30.0
20230604.1800     0.5266     4.0823      130.4    30.0
20230604.1900     0.5133     4.0962      130.4    30.0
20230604.2000     0.5029     4.0900      130.1    30.0
20230604.2100     0.4946     4.0493      129.3    30.0
20230604.2200     0.4836     4.0474      128.8    30.0
20230604.2300     0.4905     4.0147      128.0    30.0
20230605.0000     0.4935     3.9409      127.2    30.0
20230605.0100     0.5042     3.8385      126.3    30.0
20230605.0200     0.5114     3.7745      125.8    30.0
20230605.0300     0.5092     3.7609      125.8    30.0
20230605.0400     0.5034     3.7604      126.0    30.0
20230605.0500     0.4997     3.7520      126.4    30.0
20230605.0600     0.4988     3.7291      126.8    30.0
20230605.0700     0.5082     3.6749      126.7    30.0
20230605.0800     0.5143     3.6553      126.6    30.0
20230605.0900     0.5245     3.6368      126.3    30.0
20230605.1000     0.5291     3.6385      124.5    30.0
20230605.1100     0.5255     3.6680      124.0    30.0
20230605.1200     0.5214     3.6998      124.3    30.0
20230605.1300     0.5303     3.6866      123.7    30.0
20230605.1400     0.5461     3.6728      123.0    30.0
20230605.1500     0.5556     3.6858      122.8    30.0
20230605.1600     0.5568     3.7131      122.9    30.0
20230605.1700     0.5593     3.7325      122.8    30.0
20230605.1800     0.5624     3.7464      122.6    30.0
20230605.1900     0.5658     3.7532      122.0    30.0
20230605.2000     0.5697     3.7565      121.8    30.0
20230605.2100     0.5720     3.7654      121.5    30.0
20230605.2200     0.5620     3.8099      121.3    30.0
20230605.2300     0.5581     3.8177      121.2    30.0
20230606.0000     0.5576     3.8089      120.7    30.0
20230606.0100     0.5615     3.7833      119.8    30.0
20230606.0200     0.5747     3.7454      119.1    30.0
20230606.0300     0.5852     3.7403      119.3    30.0
20230606.0400     0.5835     3.7723      120.3    30.0
20230606.0500     0.5765     3.8071      121.6    30.0
20230606.0600     0.5664     3.8408      123.2    30.0
20230606.0700     0.5547     3.8734      124.1    30.0
20230606.0800     0.5431     3.9060      125.1    30.0
20230606.0900     0.5343     3.9274      126.0    30.0
20230606.1000     0.5413     3.8915      127.0    30.0
20230606.1100     0.5481     3.8708      128.0    30.0
20230606.1200     0.5603     3.8518      128.5    30.0
20230606.1300     0.5795     3.8266      128.5    30.0
20230606.1400     0.6001     3.8198      128.1    30.0
20230606.1500     0.6128     3.8375      127.9    30.0
20230606.1600     0.6142     3.8833      127.7    30.0
20230606.1700     0.6099     3.9350      127.8    30.0
20230606.1800     0.6068     3.9668      127.7    30.0
20230606.1900     0.6079     3.9736      127.5    30.0
20230606.2000     0.6155     3.9619      127.1    30.0
20230606.2100     0.6313     3.9267      126.1    30.0
20230606.2200     0.6569     3.9128      125.6    30.0
20230606.2300     0.6820     3.9085      125.4    30.0
20230607.0000     0.7037     3.9139      124.9    30.0
20230607.0100     0.7252     3.9181      123.9    30.0
20230607.0200     0.7474     3.9367      123.2    30.0
20230607.0300     0.7569     3.9750      122.9    30.0
20230607.0400     0.7631     4.0110      122.8    30.0
20230607.0500     0.7741     4.0381      122.7    30.0
20230607.0600     0.7831     4.0636      122.7    30.0
20230607.0700     0.8060     4.0527      121.8    30.0
20230607.0800     0.8162     4.0829      121.9    30.0
20230607.0900     0.8272     4.1168      123.1    30.0
20230607.1000     0.8174     4.1722      124.7    30.0
20230607.1100     0.8484     4.2292      125.8    30.0
20230607.1200     0.8606     4.2464      126.0    30.0
20230607.1300     0.8621     4.2739      126.0    30.0
20230607.1400     0.8632     4.2953      125.7    30.0
20230607.1500     0.8703     4.3103      125.2    30.0
20230607.1600     0.8875     4.3212      124.6    30.0
20230607.1700     0.9183     4.3333      123.9    30.0
20230607.1800     0.9524     4.3586      123.2    30.0
20230607.1900     0.9848     4.3994      122.9    30.0
20230607.2000     1.0127     4.4400      122.5    30.0
20230607.2100     1.0357     4.4792      122.2    30.0
20230607.2200     1.0374     4.5271      122.5    30.0
20230607.2300     1.0850     4.6093      122.6    30.0
20230608.0000     1.0697     4.6470      122.6    30.0
20230608.0100     1.0527     4.6404      122.2    30.0
20230608.0200     1.0368     4.6119      122.0    30.0
20230608.0300     1.0157     4.5831      121.8    30.0
20230608.0400     0.9881     4.5614      121.8    30.0
20230608.0500     0.9607     4.5355      121.9    30.0
20230608.0600     0.9346     4.5034      122.3    30.0
20230608.0700     0.9165     4.4547      122.7    30.0
20230608.0800     0.8978     4.4178      123.0    30.0
20230608.0900     0.8790     4.3846      123.3    30.0
20230608.1000     0.8695     4.3346      123.2    30.0
20230608.1100     0.8659     4.2956      123.7    30.0
20230608.1200     0.8522     4.2848      124.4    30.0
20230608.1300     0.8310     4.2885      125.0    30.0
20230608.1400     0.8053     4.2981      125.6    30.0
20230608.1500     0.7791     4.3113      126.1    30.0
20230608.1600     0.7577     4.3136      126.8    30.0
20230608.1700     0.7436     4.2927      127.3    30.0
20230608.1800     0.7321     4.2735      127.6    30.0
20230608.1900     0.7233     4.2499      127.7    30.0
20230608.2000     0.7217     4.2095      127.9    30.0
20230608.2100     0.7269     4.1611      127.9    30.0
20230608.2200     0.7213     4.1509      127.7    30.0
20230608.2300     0.7294     4.1366      127.8    30.0
20230609.0000     0.7325     4.1109      127.6    30.0
20230609.0100     0.7311     4.0892      127.1    30.0
20230609.0200     0.7262     4.0745      126.6    30.0
20230609.0300     0.7169     4.0691      126.4    30.0
20230609.0400     0.7050     4.0649      126.2    30.0
20230609.0500     0.6905     4.0621      126.2    30.0
20230609.0600     0.6788     4.0456      126.1    30.0
20230609.0700     0.6723     4.0123      125.9    30.0
20230609.0800     0.6710     3.9713      125.6    30.0
20230609.0900     0.6710     3.9391      125.2    30.0
20230609.1000     0.6711     3.9187      125.1    30.0
20230609.1100     0.6670     3.9083      125.1    30.0
20230609.1200     0.6589     3.9010      125.2    30.0
20230609.1300     0.6472     3.8968      125.5    30.0
20230609.1400     0.6311     3.8987      125.9    30.0
20230609.1500     0.6167     3.8926      126.2    30.0
20230609.1600     0.6092     3.8701      126.7    30.0
20230609.1700     0.6106     3.8330      127.2    30.0
20230609.1800     0.6140     3.8091      127.9    30.0
20230609.1900     0.6206     3.7865      128.7    30.0
20230609.2000     0.6298     3.7696      129.5    30.0
20230609.2100     0.6409     3.7613      130.2    30.0
20230609.2200     0.6477     3.7717      130.1    30.0
20230609.2300     0.6496     3.7872      130.0    30.0
20230610.0000     0.6481     3.8010      129.7    30.0
20230610.0100     0.6485     3.8069      129.0    30.0
20230610.0200     0.6494     3.8118      128.2    30.0
20230610.0300     0.6489     3.8195      127.5    30.0
20230610.0400     0.6481     3.8242      127.1    30.0
20230610.0500     0.6498     3.8222      126.7    30.0
20230610.0600     0.6543     3.8155      126.5    30.0
20230610.0700     0.6633     3.8056      126.4    30.0
20230610.0800     0.6699     3.8047      126.2    30.0
20230610.0900     0.6700     3.8152      126.1    30.0
20230610.1000     0.6646     3.8340      125.9    30.0
20230610.1100     0.6613     3.8170      126.0    30.0
20230610.1200     0.6642     3.8091      125.8    30.0
20230610.1300     0.6608     3.8116      125.7    30.0
20230610.1400     0.6549     3.8162      125.7    30.0
20230610.1500     0.6480     3.8174      125.7    30.0
20230610.1600     0.6419     3.8160      125.9    30.0
20230610.1700     0.6391     3.8087      126.1    30.0
20230610.1800     0.6371     3.8046      126.5    30.0
20230610.1900     0.6376     3.8012      127.0    30.0
20230610.2000     0.6378     3.8058      127.4    30.0
20230610.2100     0.6359     3.8179      127.7    30.0
20230610.2200     0.6406     3.8209      127.6    30.0
20230610.2300     0.6437     3.8339      127.8    30.0
20230611.0000     0.6360     3.8624      128.1    30.0
20230611.0100     0.6231     3.8938      128.4    30.0
20230611.0200     0.6096     3.9217      129.1    30.0
20230611.0300     0.6005     3.9272      129.9    30.0
20230611.0400     0.5949     3.9179      130.8    30.0
20230611.0500     0.5929     3.9005      131.6    30.0
20230611.0600     0.5908     3.8930      132.5    30.0
20230611.0700     0.5919     3.8828      133.3    30.0
20230611.0800     0.5896     3.9020      134.2    30.0
20230611.0900     0.6034     3.8790      135.8    30.0
20230611.1000     0.6268     3.8665      138.0    30.0
20230611.1100     0.6838     3.8428      139.8    30.0
20230611.1200     0.7651     3.8772      140.1    30.0
20230611.1300     0.8499     3.9768      139.9    30.0
20230611.1400     0.9290     4.1015      139.7    30.0
20230611.1500     0.9855     4.2214      139.2    30.0
20230611.1600     1.0110     4.3269      138.1    30.0
20230611.1700     0.9991     4.4179      137.0    30.0
20230611.1800     0.9682     4.4955      136.0    30.0
20230611.1900     0.9375     4.5484      135.2    30.0
20230611.2000     0.9177     4.5668      134.1    30.0
20230611.2100     0.9060     4.5680      133.1    30.0
20230611.2200     0.8918     4.5829      132.8    30.0
20230611.2300     0.9250     4.6590      132.4    30.0
20230612.0000     0.9245     4.6538      131.5    30.0
20230612.0100     0.9292     4.6294      130.1    30.0
20230612.0200     0.9292     4.6239      128.8    30.0
20230612.0300     0.9201     4.6452      127.9    30.0
20230612.0400     0.9020     4.6899      127.8    30.0
20230612.0500     0.8806     4.7380      128.2    30.0
20230612.0600     0.8592     4.7770      128.9    30.0
20230612.0700     0.8407     4.8006      129.5    30.0
20230612.0800     0.8283     4.7949      130.0    30.0
20230612.0900     0.8388     4.7119      129.9    30.0
20230612.1000     0.8386     4.6789      128.9    30.0
20230612.1100     0.8388     4.6534      128.4    30.0
20230612.1200     0.8471     4.6145      127.9    30.0
20230612.1300     0.8626     4.5726      127.4    30.0
20230612.1400     0.8862     4.5358      126.9    30.0
20230612.1500     0.9134     4.5120      126.3    30.0
20230612.1600     0.9294     4.5210      126.0    30.0
20230612.1700     0.9391     4.5378      125.8    30.0
20230612.1800     0.9474     4.5475      125.5    30.0
20230612.1900     0.9578     4.5487      125.0    30.0
20230612.2000     0.9682     4.5486      124.5    30.0
20230612.2100     0.9756     4.5524      123.9    30.0
20230612.2200     0.9666     4.5745      123.5    30.0
20230612.2300     0.9561     4.5859      123.1    30.0
20230613.0000     0.9386     4.6044      122.7    30.0
20230613.0100     0.9219     4.6053      122.2    30.0
20230613.0200     0.9176     4.5754      121.7    30.0
20230613.0300     0.9266     4.5264      121.2    30.0
20230613.0400     0.9382     4.4852      121.2    30.0
20230613.0500     0.9639     4.4453      121.7    30.0
20230613.0600     0.9925     4.4320      122.6    30.0
20230613.0700     1.0174     4.4474      123.8    30.0
20230613.0800     1.0416     4.4719      124.8    30.0
20230613.0900     1.0648     4.5034      125.7    30.0
20230613.1000     1.0493     4.5638      126.2    30.0
20230613.1100     1.0674     4.6575      126.4    30.0
20230613.1200     1.0529     4.6717      126.6    30.0
20230613.1300     1.0357     4.6822      126.7    30.0
20230613.1400     1.0253     4.6771      126.7    30.0
20230613.1500     1.0201     4.6674      126.5    30.0
20230613.1600     1.0060     4.6607      126.3    30.0
20230613.1700     0.9885     4.6536      126.2    30.0
20230613.1800     0.9708     4.6436      126.0    30.0
20230613.1900     0.9584     4.6212      126.0    30.0
20230613.2000     0.9604     4.5891      125.6    30.0
20230613.2100     0.9566     4.5709      125.4    30.0
20230613.2200     0.9304     4.5825      125.7    30.0
20230613.2300     0.9146     4.5611      125.6    30.0
20230614.0000     0.9057     4.5323      125.5    30.0
20230614.0100     0.8951     4.5103      125.5    30.0
20230614.0200     0.8778     4.5026      125.3    30.0
20230614.0300     0.8644     4.4813      124.9    30.0
20230614.0400     0.8473     4.4825      125.3    30.0
20230614.0500     0.8327     4.4737      125.9    30.0
20230614.0600     0.8397     4.4215      126.2    30.0
20230614.0700     0.8555     4.3773      126.8    30.0
20230614.0800     0.8442     4.3874      127.3    30.0
20230614.0900     0.8271     4.4042      128.2    30.0
20230614.1000     0.7863     4.4980      129.0    30.0
20230614.1100     0.7553     4.5489      129.8    30.0
20230614.1200     0.7328     4.5591      130.3    30.0
20230614.1300     0.7124     4.5634      130.5    30.0
20230614.1400     0.6937     4.5522      130.5    30.0
20230614.1500     0.6726     4.5647      130.8    30.0
20230614.1600     0.6512     4.5843      131.3    30.0
20230614.1700     0.6329     4.5872      131.9    30.0
20230614.1800     0.6179     4.5696      132.2    30.0
20230614.1900     0.6079     4.5203      132.1    30.0
20230614.2000     0.6004     4.4587      131.8    30.0
20230614.2100     0.5918     4.4059      131.7    30.0
20230614.2200     0.5721     4.4357      132.1    30.0
20230614.2300     0.6315     4.6519      132.4    30.0
20230615.0000     0.6308     4.6271      132.4    30.0
20230615.0100     0.6342     4.5546      132.0    30.0
20230615.0200     0.6288     4.5313      131.6    30.0
20230615.0300     0.6142     4.5506      131.3    30.0
20230615.0400     0.5982     4.5682      131.1    30.0
20230615.0500     0.5856     4.5494      130.7    30.0
20230615.0600     0.5768     4.4963      130.3    30.0
20230615.0700     0.5710     4.4273      130.0    30.0
20230615.0800     0.5738     4.3106      129.5    30.0
20230615.0900     0.5826     4.1886      128.8    30.0
20230615.1000     0.5927     4.0839      126.7    30.0
20230615.1100     0.5915     4.0423      125.9    30.0
20230615.1200     0.5867     4.0239      125.2    30.0
20230615.1300     0.5864     3.9961      124.5    30.0
20230615.1400     0.5811     3.9937      124.3    30.0
20230615.1500     0.5721     4.0183      124.6    30.0
20230615.1600     0.5658     4.0290      124.9    30.0
20230615.1700     0.5623     4.0285      124.9    30.0
20230615.1800     0.5619     4.0168      124.8    30.0
20230615.1900     0.5619     4.0092      124.6    30.0
20230615.2000     0.5608     4.0080      124.5    30.0
20230615.2100     0.5576     4.0008      124.3    30.0
20230615.2200     0.5419     4.0622      124.6    30.0
20230615.2300     0.5292     4.0997      125.0    30.0
20230616.0000     0.5225     4.0811      124.6    30.0
20230616.0100     0.5164     4.0635      123.8    30.0
20230616.0200     0.5063     4.0747      123.8    30.0
20230616.0300     0.4935     4.1008      124.3    30.0
20230616.0400     0.4813     4.1280      124.8    30.0
20230616.0500     0.4715     4.1348      125.5    30.0
20230616.0600     0.4695     4.0545      127.7    30.0
20230616.0700     0.4659     4.0126      129.5    30.0
20230616.0800     0.4614     3.9819      131.1    30.0
20230616.0900     0.4601     3.9317      132.9    30.0
20230616.1000     0.4462     3.9836      133.4    30.0
20230616.1100     0.4624     4.0981      133.5    30.0
20230616.1200     0.4540     4.1216      133.4    30.0
20230616.1300     0.4465     4.1241      133.5    30.0
20230616.1400     0.4414     4.0977      133.5    30.0
20230616.1500     0.4386     4.0629      133.6    30.0
20230616.1600     0.4374     4.0252      133.8    30.0
20230616.1700     0.4384     3.9820      134.0    30.0
20230616.1800     0.4422     3.9337      133.8    30.0
20230616.1900     0.4530     3.8289      132.3    30.0
20230616.2000     0.4593     3.7816      131.2    30.0
20230616.2100     0.4658     3.7437      130.1    30.0
20230616.2200     0.4895     3.6557      127.0    30.0
20230616.2300     0.5213     3.5831      124.9    30.0
20230617.0000     0.5500     3.5586      123.3    30.0
20230617.0100     0.5750     3.5593      121.8    30.0
20230617.0200     0.5994     3.5759      120.7    30.0
20230617.0300     0.6204     3.6095      120.2    30.0
20230617.0400     0.6424     3.6502      119.6    30.0
20230617.0500     0.6644     3.6989      119.4    30.0
20230617.0600     0.6845     3.7533      119.4    30.0
20230617.0700     0.7058     3.8067      119.4    30.0
20230617.0800     0.7248     3.8655      119.5    30.0
20230617.0900     0.7335     3.9246      119.9    30.0
20230617.1000     0.7286     3.9891      120.6    30.0
20230617.1100     0.7153     4.0423      121.6    30.0
20230617.1200     0.6997     4.0783      122.7    30.0
20230617.1300     0.6776     4.1140      123.9    30.0
20230617.1400     0.6535     4.1519      125.1    30.0
20230617.1500     0.6279     4.1926      125.9    30.0
20230617.1600     0.6040     4.2275      126.6    30.0
20230617.1700     0.5849     4.2258      127.1    30.0
20230617.1800     0.5695     4.2125      127.5    30.0
20230617.1900     0.5573     4.1840      127.8    30.0
20230617.2000     0.5487     4.1376      127.8    30.0
20230617.2100     0.5448     4.0733      127.5    30.0
20230617.2200     0.5383     4.0283      127.2    30.0
20230617.2300     0.5849     4.1662      126.8    30.0
20230618.0000     0.5736     4.1375      126.6    30.0
20230618.0100     0.5648     4.0853      125.9    30.0
20230618.0200     0.5588     4.0214      125.2    30.0
20230618.0300     0.5522     3.9738      124.8    30.0
20230618.0400     0.5469     3.9293      124.5    30.0
20230618.0500     0.5422     3.8912      124.3    30.0
20230618.0600     0.5335     3.8732      124.3    30.0
20230618.0700     0.5206     3.8728      124.6    30.0
20230618.0800     0.5078     3.8650      124.9    30.0
20230618.0900     0.4956     3.8564      125.2    30.0
20230618.1000     0.4747     3.9001      125.5    30.0
20230618.1100     0.4596     3.9113      125.8    30.0
20230618.1200     0.4474     3.9071      125.9    30.0
20230618.1300     0.4392     3.8753      125.8    30.0
20230618.1400     0.4362     3.8185      125.6    30.0
20230618.1500     0.4299     3.7959      125.8    30.0
20230618.1600     0.4194     3.8046      126.3    30.0
20230618.1700     0.4082     3.8187      126.9    30.0
20230618.1800     0.3974     3.8334      127.4    30.0
20230618.1900     0.3874     3.8461      127.9    30.0
20230618.2000     0.3803     3.8337      128.2    30.0
20230618.2100     0.3749     3.8194      128.3    30.0
20230618.2200     0.3704     3.8186      127.6    30.0
20230618.2300     0.3717     3.7647      126.6    30.0
20230619.0000     0.3700     3.7076      125.9    30.0
20230619.0100     0.3719     3.6359      123.3    30.0
20230619.0200     0.3708     3.6020      122.1    30.0
20230619.0300     0.3664     3.5965      121.9    30.0
20230619.0400     0.3575     3.6321      122.5    30.0
20230619.0500     0.3485     3.6650      123.3    30.0
20230619.0600     0.3410     3.6899      124.0    30.0
20230619.0700     0.3353     3.6974      125.0    30.0
20230619.0800     0.3395     3.5978      129.0    30.0
20230619.0900     0.3374     3.5764      130.3    30.0
20230619.1000     0.3243     3.6554      131.4    30.0
20230619.1100     0.3211     3.6510      131.9    30.0
20230619.1200     0.3194     3.6258      132.7    30.0
20230619.1300     0.3162     3.6193      133.4    30.0
20230619.1400     0.3137     3.6054      134.1    30.0
20230619.1500     0.3116     3.5890      134.3    30.0
20230619.1600     0.3086     3.5756      133.9    30.0
20230619.1700     0.3059     3.5636      132.8    30.0
20230619.1800     0.3037     3.5496      131.7    30.0
20230619.1900     0.3005     3.5371      131.0    30.0
20230619.2000     0.2945     3.5584      130.8    30.0
20230619.2100     0.2904     3.5599      130.4    30.0
20230619.2200     0.2907     3.5065      123.6    30.0
20230619.2300     0.2849     3.5236      123.6    30.0
20230620.0000     0.2801     3.5285      123.6    30.0
20230620.0100     0.2733     3.5593      123.8    30.0
20230620.0200     0.2668     3.5852      124.0    30.0
20230620.0300     0.2610     3.6074      124.2    30.0
20230620.0400     0.2570     3.6039      124.2    30.0
20230620.0500     0.2572     3.5461      123.0    30.0
20230620.0600     0.2571     3.4716      121.2    30.0
20230620.0700     0.2530     3.4681      121.1    30.0
20230620.0800     0.2491     3.4685      121.1    30.0
20230620.0900     0.2504     3.4253      119.6    30.0
20230620.1000     0.2381     3.5612      117.8    30.0
20230620.1100     0.2497     3.3519      115.7    30.0
20230620.1200     0.2637     3.1946      114.2    30.0
20230620.1300     0.2805     3.0884      111.7    30.0
20230620.1400     0.2966     3.0162      110.9    30.0
20230620.1500     0.3126     2.9746      110.2    30.0
20230620.1600     0.3219     2.9805      110.8    30.0
20230620.1700     0.3289     2.9966      111.7    30.0
20230620.1800     0.3366     3.0047      112.2    30.0
20230620.1900     0.3426     3.0363      113.6    30.0
20230620.2000     0.3536     3.0543      114.8    30.0
20230620.2100     0.3719     3.0670      115.5    30.0
20230620.2200     0.3711     3.1469      116.7    30.0
20230620.2300     0.3810     3.2030      117.7    30.0
20230621.0000     0.3916     3.2206      117.9    30.0
20230621.0100     0.4063     3.2404      118.0    30.0
20230621.0200     0.4226     3.2601      118.9    30.0
20230621.0300     0.4433     3.2753      120.5    30.0
20230621.0400     0.4711     3.2864      122.0    30.0
20230621.0500     0.5028     3.3152      123.6    30.0
20230621.0600     0.5345     3.3597      124.7    30.0
20230621.0700     0.5610     3.4181      125.4    30.0
20230621.0800     0.5752     3.4871      126.5    30.0
20230621.0900     0.5791     3.5602      127.9    30.0
20230621.1000     0.5715     3.6383      129.1    30.0
20230621.1100     0.5765     3.6705      129.9    30.0
20230621.1200     0.5923     3.6820      130.1    30.0
20230621.1300     0.6099     3.7012      129.8    30.0
20230621.1400     0.6282     3.7280      128.7    30.0
20230621.1500     0.6416     3.7706      127.9    30.0
20230621.1600     0.6531     3.8127      127.1    30.0
20230621.1700     0.6623     3.8508      126.5    30.0
20230621.1800     0.6718     3.8771      125.6    30.0
20230621.1900     0.6784     3.8947      124.3    30.0
20230621.2000     0.6793     3.9107      122.9    30.0
20230621.2100     0.6803     3.9099      121.3    30.0
20230621.2200     0.6817     3.9141      120.2    30.0
20230621.2300     0.6853     3.9071      119.4    30.0
20230622.0000     0.6911     3.8974      118.7    30.0
20230622.0100     0.7023     3.8806      117.8    30.0
20230622.0200     0.7124     3.8782      117.5    30.0
20230622.0300     0.7131     3.8929      117.9    30.0
20230622.0400     0.7127     3.9046      118.5    30.0
20230622.0500     0.7123     3.9124      119.2    30.0
20230622.0600     0.7082     3.9235      119.9    30.0
20230622.0700     0.6960     3.9446      120.6    30.0
20230622.0800     0.6865     3.9501      121.2    30.0
20230622.0900     0.6829     3.9447      121.5    30.0
20230622.1000     0.6765     3.9481      122.1    30.0
20230622.1100     0.6710     3.9525      122.6    30.0
20230622.1200     0.6601     3.9564      123.2    30.0
20230622.1300     0.6494     3.9547      124.1    30.0
20230622.1400     0.6375     3.9536      125.0    30.0
20230622.1500     0.6268     3.9450      125.8    30.0
20230622.1600     0.6211     3.9219      126.5    30.0
20230622.1700     0.6225     3.8862      127.3    30.0
20230622.1800     0.6282     3.8504      128.1    30.0
20230622.1900     0.6360     3.8212      128.8    30.0
20230622.2000     0.6447     3.8014      129.2    30.0
20230622.2100     0.6506     3.7922      129.5    30.0
20230622.2200     0.6465     3.8006      129.1    30.0
20230622.2300     0.6375     3.8087      128.9    30.0
20230623.0000     0.6200     3.8239      128.6    30.0
20230623.0100     0.6019     3.8274      128.3    30.0
20230623.0200     0.5852     3.8242      128.1    30.0
20230623.0300     0.5711     3.8167      128.0    30.0
20230623.0400     0.5602     3.8049      128.0    30.0
20230623.0500     0.5547     3.7823      128.0    30.0
20230623.0600     0.5529     3.7557      128.0    30.0
20230623.0700     0.5516     3.7353      128.1    30.0
20230623.0800     0.5509     3.7161      128.4    30.0
20230623.0900     0.5510     3.6996      128.7    30.0
20230623.1000     0.5367     3.7409      128.5    30.0
20230623.1100     0.5275     3.7323      128.6    30.0
20230623.1200     0.5263     3.7060      128.5    30.0
20230623.1300     0.5248     3.6866      128.5    30.0
20230623.1400     0.5184     3.6892      128.5    30.0
20230623.1500     0.5128     3.6835      128.6    30.0
20230623.1600     0.5054     3.6916      128.8    30.0
20230623.1700     0.4945     3.7191      129.1    30.0
20230623.1800     0.4844     3.7409      129.3    30.0
20230623.1900     0.4786     3.7349      129.4    30.0
20230623.2000     0.4756     3.7220      129.2    30.0
20230623.2100     0.4784     3.6868      128.6    30.0
20230623.2200     0.4779     3.6770      127.8    30.0
20230623.2300     0.4789     3.6654      127.6    30.0
20230624.0000     0.4804     3.6555      127.6    30.0
20230624.0100     0.4825     3.6378      127.6    30.0
20230624.0200     0.4858     3.6163      127.7    30.0
20230624.0300     0.4873     3.6061      127.9    30.0
20230624.0400     0.4868     3.6030      128.1    30.0
20230624.0500     0.4872     3.5926      128.5    30.0
20230624.0600     0.4861     3.5850      128.9    30.0
20230624.0700     0.4821     3.5874      129.5    30.0
20230624.0800     0.4770     3.5886      130.0    30.0
20230624.0900     0.4752     3.5739      130.6    30.0
20230624.1000     0.4697     3.5742      130.2    30.0
20230624.1100     0.4735     3.5431      129.7    30.0
20230624.1200     0.4839     3.5037      129.1    30.0
20230624.1300     0.4903     3.4928      128.7    30.0
20230624.1400     0.4899     3.5019      128.7    30.0
20230624.1500     0.4817     3.5374      128.9    30.0
20230624.1600     0.4702     3.5798      129.1    30.0
20230624.1700     0.4589     3.6183      129.3    30.0
20230624.1800     0.4500     3.6405      129.5    30.0
20230624.1900     0.4437     3.6419      129.9    30.0
20230624.2000     0.4380     3.6436      130.2    30.0
20230624.2100     0.4305     3.6553      130.2    30.0
20230624.2200     0.4227     3.6642      129.7    30.0
20230624.2300     0.4212     3.6399      129.1    30.0
20230625.0000     0.4249     3.5799      127.7    30.0
20230625.0100     0.4313     3.5256      126.9    30.0
20230625.0200     0.4426     3.4705      126.9    30.0
20230625.0300     0.4577     3.4297      126.9    30.0
20230625.0400     0.4709     3.4177      127.0    30.0
20230625.0500     0.4796     3.4280      127.5    30.0
20230625.0600     0.4845     3.4439      128.1    30.0
20230625.0700     0.4899     3.4525      129.1    30.0
20230625.0800     0.4934     3.4632      130.1    30.0
20230625.0900     0.4952     3.4760      131.0    30.0
20230625.1000     0.4838     3.5222      130.6    30.0
20230625.1100     0.4726     3.5590      130.2    30.0
20230625.1200     0.4647     3.5690      129.2    30.0
20230625.1300     0.4610     3.5575      128.3    30.0
20230625.1400     0.4587     3.5433      127.8    30.0
20230625.1500     0.4567     3.5330      127.7    30.0
20230625.1600     0.4538     3.5261      128.1    30.0
20230625.1700     0.4514     3.5182      128.4    30.0
20230625.1800     0.4463     3.5182      128.5    30.0
20230625.1900     0.4349     3.5539      128.6    30.0
20230625.2000     0.4235     3.5856      128.6    30.0
20230625.2100     0.4136     3.6081      128.5    30.0
20230625.2200     0.3983     3.6728      128.3    30.0
20230625.2300     0.3902     3.6808      128.0    30.0
20230626.0000     0.3881     3.6199      126.9    30.0
20230626.0100     0.3834     3.6047      126.4    30.0
20230626.0200     0.3773     3.6016      126.4    30.0
20230626.0300     0.3713     3.5986      126.4    30.0
20230626.0400     0.3654     3.5953      126.7    30.0
20230626.0500     0.3606     3.5862      127.5    30.0
20230626.0600     0.3571     3.5679      128.8    30.0
20230626.0700     0.3574     3.5233      130.6    30.0
20230626.0800     0.3667     3.4333      133.2    30.0
20230626.0900     0.3719     3.3784      134.4    30.0
20230626.1000     0.3677     3.3851      134.8    30.0
20230626.1100     0.3603     3.3991      134.5    30.0
20230626.1200     0.3596     3.3658      134.4    30.0
20230626.1300     0.3610     3.3319      134.4    30.0
20230626.1400     0.3632     3.3007      134.5    30.0
20230626.1500     0.3664     3.2694      134.8    30.0
20230626.1600     0.3694     3.2390      134.8    30.0
20230626.1700     0.3669     3.2420      134.8    30.0
20230626.1800     0.3601     3.2619      134.8    30.0
20230626.1900     0.3519     3.2819      134.7    30.0
20230626.2000     0.3443     3.2924      134.6    30.0
20230626.2100     0.3398     3.2781      134.5    30.0
20230626.2200     0.3278     3.3117      133.9    30.0
20230626.2300     0.3242     3.2913      133.6    30.0
20230627.0000     0.3245     3.2407      133.3    30.0
20230627.0100     0.3278     3.1904      132.9    30.0
20230627.0200     0.3365     3.1244      133.1    30.0
20230627.0300     0.3505     3.0655      133.6    30.0
20230627.0400     0.3710     3.0241      134.0    30.0
20230627.0500     0.3919     3.0157      134.2    30.0
20230627.0600     0.4098     3.0292      134.3    30.0
20230627.0700     0.4244     3.0516      134.4    30.0
20230627.0800     0.4350     3.0780      134.9    30.0
20230627.0900     0.4425     3.1037      135.5    30.0
20230627.1000     0.4390     3.1431      135.7    30.0
20230627.1100     0.4400     3.1629      135.8    30.0
20230627.1200     0.4416     3.1792      135.7    30.0
20230627.1300     0.4452     3.1927      135.5    30.0
20230627.1400     0.4584     3.1954      134.7    30.0
20230627.1500     0.4775     3.2142      133.5    30.0
20230627.1600     0.4965     3.2551      132.6    30.0
20230627.1700     0.5130     3.3070      131.8    30.0
20230627.1800     0.5330     3.3539      130.5    30.0
20230627.1900     0.5542     3.4029      129.0    30.0
20230627.2000     0.5741     3.4543      127.8    30.0
20230627.2100     0.5875     3.5085      127.0    30.0
20230627.2200     0.5947     3.5625      126.4    30.0
20230627.2300     0.6019     3.6177      126.0    30.0
20230628.0000     0.6080     3.6347      125.4    30.0
20230628.0100     0.6302     3.6287      124.8    30.0
20230628.0200     0.6615     3.6350      124.4    30.0
20230628.0300     0.6780     3.6724      124.3    30.0
20230628.0400     0.6831     3.7140      124.2    30.0
20230628.0500     0.6812     3.7506      124.3    30.0
20230628.0600     0.6803     3.7729      124.7    30.0
20230628.0700     0.6827     3.7841      125.5    30.0
20230628.0800     0.6853     3.7919      126.3    30.0
20230628.0900     0.6860     3.8015      127.3    30.0
20230628.1000     0.6779     3.8187      128.5    30.0
20230628.1100     0.6827     3.8107      129.7    30.0
20230628.1200     0.6958     3.8028      130.6    30.0
20230628.1300     0.7100     3.8083      131.5    30.0
20230628.1400     0.7199     3.8266      132.1    30.0
20230628.1500     0.7205     3.8536      132.3    30.0
20230628.1600     0.7153     3.8763      132.4    30.0
20230628.1700     0.7094     3.8903      132.2    30.0
20230628.1800     0.6995     3.9031      131.9    30.0
20230628.1900     0.6886     3.9104      131.7    30.0
20230628.2000     0.6757     3.9134      131.2    30.0
20230628.2100     0.6602     3.9143      130.8    30.0
20230628.2200     0.6453     3.9080      130.5    30.0
20230628.2300     0.6369     3.8784      130.4    30.0
20230629.0000     0.6350     3.8373      130.5    30.0
20230629.0100     0.6516     3.7742      130.6    30.0
20230629.0200     0.6780     3.7338      131.2    30.0
20230629.0300     0.6988     3.7271      131.5    30.0
20230629.0400     0.7109     3.7437      131.7    30.0
20230629.0500     0.7100     3.7718      132.0    30.0
20230629.0600     0.7036     3.7930      132.3    30.0
20230629.0700     0.6927     3.8084      132.9    30.0
20230629.0800     0.6896     3.8012      134.1    30.0
20230629.0900     0.7007     3.7842      135.4    30.0
20230629.1000     0.6888     3.8115      135.8    30.0
20230629.1100     0.7208     3.9294      136.1    30.0
20230629.1200     0.7050     3.9504      135.9    30.0
20230629.1300     0.6884     3.9634      135.5    30.0
20230629.1400     0.6748     3.9653      135.1    30.0
20230629.1500     0.6673     3.9486      134.4    30.0
20230629.1600     0.6592     3.9362      133.6    30.0
20230629.1700     0.6478     3.9307      132.8    30.0
20230629.1800     0.6312     3.9406      132.3    30.0
20230629.1900     0.6149     3.9437      131.9    30.0
20230629.2000     0.5982     3.9459      131.3    30.0
20230629.2100     0.5898     3.9157      130.5    30.0
20230629.2200     0.5966     3.8484      128.4    30.0
20230629.2300     0.5912     3.8322      127.6    30.0
20230630.0000     0.5800     3.8287      127.2    30.0
20230630.0100     0.5769     3.7903      126.2    30.0
20230630.0200     0.5818     3.7405      125.2    30.0
20230630.0300     0.5901     3.7042      124.3    30.0
20230630.0400     0.5937     3.6895      124.0    30.0
20230630.0500     0.5891     3.6948      123.9    30.0
20230630.0600     0.5804     3.7059      124.6    30.0
20230630.0700     0.5649     3.7164      125.0    30.0
20230630.0800     0.5498     3.7190      125.9    30.0
20230630.0900     0.5386     3.7031      126.8    30.0
20230630.1000     0.5365     3.6671      127.6    30.0
20230630.1100     0.5333     3.6466      128.5    30.0
20230630.1200     0.5276     3.6337      129.1    30.0
20230630.1300     0.5275     3.6088      129.6    30.0
20230630.1400     0.5344     3.5827      130.0    30.0
20230630.1500     0.5433     3.5711      130.3    30.0
20230630.1600     0.5500     3.5744      130.7    30.0
20230630.1700     0.5568     3.5793      130.7    30.0
20230630.1800     0.5561     3.6001      130.8    30.0
20230630.1900     0.5501     3.6232      130.7    30.0
20230630.2000     0.5463     3.6301      130.3    30.0
20230630.2100     0.5470     3.6192      129.3    30.0
20230630.2200     0.5540     3.6016      127.4    30.0
20230630.2300     0.5880     3.6852      127.1    30.0
