TPAR
20230501.0000     0.1834     3.0523       90.6    30.0
20230501.0100     0.1842     3.0666       91.4    30.0
20230501.0200     0.1852     3.0805       91.7    30.0
20230501.0300     0.1857     3.0933       92.3    30.0
20230501.0400     0.1994     2.9298       91.1    30.0
20230501.0500     0.2084     2.8611       92.2    30.0
20230501.0600     0.2079     2.8831       93.4    30.0
20230501.0700     0.2087     2.8920       96.4    30.0
20230501.0800     0.2151     2.8588      115.0    30.0
20230501.0900     0.2138     2.8749      117.2    30.0
20230501.1000     0.2228     2.8628      186.5    30.0
20230501.1100     0.2220     2.8741      185.1    30.0
20230501.1200     0.2204     2.8763      181.2    30.0
20230501.1300     0.2248     2.8354      173.4    30.0
20230501.1400     0.2223     2.8394      170.0    30.0
20230501.1500     0.2164     2.8858      168.0    30.0
20230501.1600     0.2115     2.9230      166.2    30.0
20230501.1700     0.2077     2.9500      164.6    30.0
20230501.1800     0.2051     2.9584      163.5    30.0
20230501.1900     0.2026     2.9691      162.6    30.0
20230501.2000     0.2003     2.9761      161.4    30.0
20230501.2100     0.1986     2.9749      160.1    30.0
20230501.2200     0.1945     2.9655      131.4    30.0
20230501.2300     0.1915     2.9709      132.4    30.0
20230502.0000     0.1872     2.9960      133.7    30.0
20230502.0100     0.1835     3.0174      134.9    30.0
20230502.0200     0.1837     2.9799      134.3    30.0
20230502.0300     0.1806     2.9939      135.2    30.0
20230502.0400     0.1777     3.0097      136.2    30.0
20230502.0500     0.1792     2.9711      135.3    30.0
20230502.0600     0.2009     2.7620      135.9    30.0
20230502.0700     0.2277     2.6800      134.4    30.0
20230502.0800     0.2488     2.6511      124.9    30.0
20230502.0900     0.2539     2.6773      121.4    30.0
20230502.1000     0.2417     2.7444      120.7    30.0
20230502.1100     0.2432     2.7643      119.5    30.0
20230502.1200     0.2519     2.7464      116.2    30.0
20230502.1300     0.2627     2.7299      113.6    30.0
20230502.1400     0.2696     2.7302      112.2    30.0
20230502.1500     0.2792     2.7249      109.7    30.0
20230502.1600     0.2890     2.7213      107.5    30.0
20230502.1700     0.2863     2.7606      106.8    30.0
20230502.1800     0.2809     2.7930      106.9    30.0
20230502.1900     0.2785     2.8015      106.9    30.0
20230502.2000     0.2772     2.8014      106.9    30.0
20230502.2100     0.2732     2.8152      107.1    30.0
20230502.2200     0.2606     2.8468      107.4    30.0
20230502.2300     0.2648     2.8146      106.5    30.0
20230503.0000     0.2732     2.7837      104.7    30.0
20230503.0100     0.2764     2.7826      103.8    30.0
20230503.0200     0.2814     2.7765      103.4    30.0
20230503.0300     0.2885     2.7736      102.7    30.0
20230503.0400     0.2896     2.8001      103.0    30.0
20230503.0500     0.2881     2.8378      104.1    30.0
20230503.0600     0.2883     2.8654      105.8    30.0
20230503.0700     0.2948     2.8708      108.5    30.0
20230503.0800     0.3091     2.8630      114.1    30.0
20230503.0900     0.3214     2.8702      118.6    30.0
20230503.1000     0.3195     2.9171      121.5    30.0
20230503.1100     0.3217     2.9618      122.6    30.0
20230503.1200     0.3186     3.0321      122.5    30.0
20230503.1300     0.3163     3.0969      122.3    30.0
20230503.1400     0.3140     3.1644      122.1    30.0
20230503.1500     0.3133     3.2253      121.6    30.0
20230503.1600     0.3114     3.2980      121.3    30.0
20230503.1700     0.3102     3.3658      121.2    30.0
20230503.1800     0.3085     3.4420      121.2    30.0
20230503.1900     0.3078     3.5131      121.2    30.0
20230503.2000     0.3075     3.5805      121.1    30.0
20230503.2100     0.3078     3.6441      121.1    30.0
20230503.2200     0.3067     3.6986      121.0    30.0
20230503.2300     0.3124     3.7052      121.0    30.0
20230504.0000     0.3174     3.7232      120.7    30.0
20230504.0100     0.3201     3.7625      121.0    30.0
20230504.0200     0.3233     3.7998      121.3    30.0
20230504.0300     0.3284     3.8164      121.6    30.0
20230504.0400     0.3325     3.8406      122.0    30.0
20230504.0500     0.3366     3.8673      122.5    30.0
20230504.0600     0.3409     3.8843      123.2    30.0
20230504.0700     0.3431     3.9212      123.5    30.0
20230504.0800     0.3507     3.8967      125.3    30.0
20230504.0900     0.3519     3.9360      125.5    30.0
20230504.1000     0.3433     4.0806      125.0    30.0
20230504.1100     0.3438     4.1254      124.7    30.0
20230504.1200     0.3444     4.1658      124.4    30.0
20230504.1300     0.3479     4.1611      124.2    30.0
20230504.1400     0.3510     4.1602      124.0    30.0
20230504.1500     0.3552     4.1463      123.9    30.0
20230504.1600     0.3581     4.1429      124.0    30.0
20230504.1700     0.3641     4.1007      125.1    30.0
20230504.1800     0.3727     4.0386      127.0    30.0
20230504.1900     0.3799     3.9914      128.7    30.0
20230504.2000     0.3876     3.9450      130.5    30.0
20230504.2100     0.3942     3.9116      132.2    30.0
20230504.2200     0.3936     3.9321      132.3    30.0
20230504.2300     0.3984     3.9054      132.2    30.0
20230505.0000     0.4067     3.8529      131.8    30.0
20230505.0100     0.4116     3.8252      131.2    30.0
20230505.0200     0.4122     3.8289      130.2    30.0
20230505.0300     0.4108     3.8400      129.2    30.0
20230505.0400     0.4090     3.8513      128.2    30.0
20230505.0500     0.4043     3.8837      127.7    30.0
20230505.0600     0.3990     3.9202      127.4    30.0
20230505.0700     0.3946     3.9500      127.1    30.0
20230505.0800     0.3917     3.9646      127.1    30.0
20230505.0900     0.3921     3.9441      127.6    30.0
20230505.1000     0.3851     3.9886      127.7    30.0
20230505.1100     0.3841     3.9869      127.7    30.0
20230505.1200     0.3826     3.9916      127.6    30.0
20230505.1300     0.3817     3.9889      127.5    30.0
20230505.1400     0.3798     4.0026      127.3    30.0
20230505.1500     0.3779     4.0142      126.9    30.0
20230505.1600     0.3757     4.0308      126.8    30.0
20230505.1700     0.3742     4.0420      126.6    30.0
20230505.1800     0.3733     4.0426      126.6    30.0
20230505.1900     0.3714     4.0559      126.3    30.0
20230505.2000     0.3691     4.0733      126.0    30.0
20230505.2100     0.3662     4.0987      125.6    30.0
20230505.2200     0.3658     4.0809      126.7    30.0
20230505.2300     0.3652     4.0771      126.5    30.0
20230506.0000     0.3632     4.0926      126.2    30.0
20230506.0100     0.3619     4.0970      125.9    30.0
20230506.0200     0.3607     4.1001      125.7    30.0
20230506.0300     0.3684     4.0094      127.6    30.0
20230506.0400     0.3797     3.9054      130.2    30.0
20230506.0500     0.3802     3.9018      130.7    30.0
20230506.0600     0.3798     3.9019      131.1    30.0
20230506.0700     0.3828     3.8687      132.7    30.0
20230506.0800     0.3812     3.8727      133.0    30.0
20230506.0900     0.3837     3.8394      133.9    30.0
20230506.1000     0.3802     3.8517      133.9    30.0
20230506.1100     0.3898     3.7626      135.1    30.0
20230506.1200     0.3967     3.7087      135.6    30.0
20230506.1300     0.3993     3.6875      135.4    30.0
20230506.1400     0.4028     3.6581      134.5    30.0
20230506.1500     0.4048     3.6364      133.1    30.0
20230506.1600     0.4039     3.6327      131.9    30.0
20230506.1700     0.4021     3.6348      130.7    30.0
20230506.1800     0.3993     3.6447      129.6    30.0
20230506.1900     0.3945     3.6690      128.8    30.0
20230506.2000     0.3894     3.6979      128.1    30.0
20230506.2100     0.3857     3.7127      127.7    30.0
20230506.2200     0.3787     3.7439      126.7    30.0
20230506.2300     0.3791     3.7257      125.8    30.0
20230507.0000     0.3796     3.7093      125.1    30.0
20230507.0100     0.3797     3.6980      124.5    30.0
20230507.0200     0.3835     3.6623      124.1    30.0
20230507.0300     0.3882     3.6269      123.8    30.0
20230507.0400     0.3914     3.6077      123.6    30.0
20230507.0500     0.3929     3.6035      123.3    30.0
20230507.0600     0.3906     3.6244      122.9    30.0
20230507.0700     0.3868     3.6553      122.5    30.0
20230507.0800     0.3860     3.6591      122.8    30.0
20230507.0900     0.3846     3.6637      122.9    30.0
20230507.1000     0.3773     3.7003      122.6    30.0
20230507.1100     0.3792     3.6686      123.2    30.0
20230507.1200     0.3797     3.6575      124.3    30.0
20230507.1300     0.3780     3.6646      124.2    30.0
20230507.1400     0.3785     3.6550      124.3    30.0
20230507.1500     0.3841     3.6097      125.0    30.0
20230507.1600     0.3869     3.5891      125.2    30.0
20230507.1700     0.3839     3.6121      124.8    30.0
20230507.1800     0.3800     3.6360      124.3    30.0
20230507.1900     0.3775     3.6438      123.6    30.0
20230507.2000     0.3758     3.6402      123.0    30.0
20230507.2100     0.3759     3.6257      122.4    30.0
20230507.2200     0.3870     3.5429      121.5    30.0
20230507.2300     0.3911     3.5161      121.2    30.0
20230508.0000     0.3867     3.5360      121.0    30.0
20230508.0100     0.3838     3.5377      121.3    30.0
20230508.0200     0.3823     3.5279      121.7    30.0
20230508.0300     0.3783     3.5396      121.9    30.0
20230508.0400     0.3713     3.5763      122.1    30.0
20230508.0500     0.3649     3.6085      122.3    30.0
20230508.0600     0.3598     3.6403      122.5    30.0
20230508.0700     0.3560     3.6696      122.9    30.0
20230508.0800     0.3535     3.7030      123.5    30.0
20230508.0900     0.3529     3.7322      124.5    30.0
20230508.1000     0.3501     3.7706      125.6    30.0
20230508.1100     0.3553     3.7779      127.4    30.0
20230508.1200     0.3657     3.7526      129.1    30.0
20230508.1300     0.3804     3.7118      131.0    30.0
20230508.1400     0.3998     3.6569      133.2    30.0
20230508.1500     0.4169     3.6340      135.7    30.0
20230508.1600     0.4279     3.6541      137.9    30.0
20230508.1700     0.4337     3.6943      139.9    30.0
20230508.1800     0.4363     3.7437      142.0    30.0
20230508.1900     0.4372     3.7919      144.1    30.0
20230508.2000     0.4379     3.8312      146.3    30.0
20230508.2100     0.4376     3.8677      148.1    30.0
20230508.2200     0.4352     3.8977      148.9    30.0
20230508.2300     0.4326     3.9326      149.6    30.0
20230509.0000     0.4310     3.9501      150.0    30.0
20230509.0100     0.4287     3.9614      150.3    30.0
20230509.0200     0.4257     3.9728      150.5    30.0
20230509.0300     0.4226     3.9752      150.9    30.0
20230509.0400     0.4185     3.9778      151.0    30.0
20230509.0500     0.4143     3.9714      151.3    30.0
20230509.0600     0.4118     3.9527      152.6    30.0
20230509.0700     0.4080     3.9387      152.7    30.0
20230509.0800     0.4059     3.9048      153.3    30.0
20230509.0900     0.4008     3.8965      152.6    30.0
20230509.1000     0.3914     3.9145      152.2    30.0
20230509.1100     0.4010     3.7848      149.8    30.0
20230509.1200     0.4237     3.6123      142.6    30.0
20230509.1300     0.4624     3.4405      135.0    30.0
20230509.1400     0.5134     3.3402      128.0    30.0
20230509.1500     0.5830     3.3079      120.9    30.0
20230509.1600     0.6691     3.3417      114.4    30.0
20230509.1700     0.7623     3.4374      110.4    30.0
20230509.1800     0.8418     3.5737      108.6    30.0
20230509.1900     0.8769     3.7103      107.6    30.0
20230509.2000     0.8663     3.8289      107.0    30.0
20230509.2100     0.8533     3.9073      106.5    30.0
20230509.2200     0.8521     3.9593      106.4    30.0
20230509.2300     0.8502     4.0117      106.2    30.0
20230510.0000     0.8485     4.0482      106.0    30.0
20230510.0100     0.8691     4.0426      105.9    30.0
20230510.0200     0.9018     4.0399      106.0    30.0
20230510.0300     0.9282     4.0569      106.4    30.0
20230510.0400     0.9491     4.0854      107.3    30.0
20230510.0500     0.9478     4.1260      108.0    30.0
20230510.0600     0.9342     4.1629      108.5    30.0
20230510.0700     0.9092     4.1963      109.1    30.0
20230510.0800     0.8820     4.2154      109.6    30.0
20230510.0900     0.8483     4.2388      110.2    30.0
20230510.1000     0.8130     4.2583      111.1    30.0
20230510.1100     0.7802     4.2737      112.2    30.0
20230510.1200     0.7494     4.2886      113.5    30.0
20230510.1300     0.7190     4.3122      114.9    30.0
20230510.1400     0.6934     4.3200      116.3    30.0
20230510.1500     0.6745     4.3025      117.5    30.0
20230510.1600     0.6608     4.2685      118.3    30.0
20230510.1700     0.6443     4.2603      119.2    30.0
20230510.1800     0.6299     4.2509      119.8    30.0
20230510.1900     0.6335     4.1612      119.0    30.0
20230510.2000     0.6491     4.0519      117.1    30.0
20230510.2100     0.6495     4.0270      116.4    30.0
20230510.2200     0.6505     3.9963      116.1    30.0
20230510.2300     0.7005     3.9980      115.8    30.0
20230511.0000     0.7138     3.9839      115.8    30.0
20230511.0100     0.7105     4.0138      116.1    30.0
20230511.0200     0.7061     4.0403      116.5    30.0
20230511.0300     0.7046     4.0568      116.6    30.0
20230511.0400     0.7037     4.0720      116.6    30.0
20230511.0500     0.7044     4.0809      116.5    30.0
20230511.0600     0.7062     4.0877      116.3    30.0
20230511.0700     0.7029     4.1108      116.5    30.0
20230511.0800     0.6939     4.1495      117.3    30.0
20230511.0900     0.6846     4.1813      118.1    30.0
20230511.1000     0.6939     4.1397      118.9    30.0
20230511.1100     0.7183     4.0749      119.7    30.0
20230511.1200     0.7646     4.0054      120.3    30.0
20230511.1300     0.8240     3.9794      120.6    30.0
20230511.1400     0.8739     4.0113      120.7    30.0
20230511.1500     0.9019     4.0713      120.8    30.0
20230511.1600     0.9273     4.1255      121.0    30.0
20230511.1700     0.9557     4.1746      121.2    30.0
20230511.1800     0.9785     4.2258      121.1    30.0
20230511.1900     0.9975     4.2717      120.7    30.0
20230511.2000     1.0076     4.3132      119.9    30.0
20230511.2100     1.0090     4.3475      119.2    30.0
20230511.2200     0.9930     4.3844      118.6    30.0
20230511.2300     0.9861     4.3931      117.9    30.0
20230512.0000     0.9870     4.3846      116.9    30.0
20230512.0100     0.9875     4.3782      115.7    30.0
20230512.0200     0.9882     4.3741      114.7    30.0
20230512.0300     0.9893     4.3707      113.9    30.0
20230512.0400     0.9911     4.3685      113.5    30.0
20230512.0500     0.9855     4.3762      113.6    30.0
20230512.0600     0.9732     4.3894      114.3    30.0
20230512.0700     0.9619     4.3965      115.2    30.0
20230512.0800     0.9544     4.3961      116.3    30.0
20230512.0900     0.9564     4.3857      117.4    30.0
20230512.1000     0.9679     4.3730      118.3    30.0
20230512.1100     1.0258     4.4440      119.5    30.0
20230512.1200     1.0384     4.4672      120.3    30.0
20230512.1300     1.0367     4.5093      120.7    30.0
20230512.1400     1.0391     4.5377      120.8    30.0
20230512.1500     1.0440     4.5618      120.9    30.0
20230512.1600     1.0394     4.6022      121.1    30.0
20230512.1700     1.0296     4.6474      121.3    30.0
20230512.1800     1.0180     4.6886      121.7    30.0
20230512.1900     0.9995     4.7407      121.9    30.0
20230512.2000     0.9743     4.8064      122.1    30.0
20230512.2100     0.9532     4.8485      122.2    30.0
20230512.2200     0.9428     4.8406      122.2    30.0
20230512.2300     0.9379     4.8102      122.3    30.0
20230513.0000     0.9260     4.8071      122.5    30.0
20230513.0100     0.9096     4.8186      122.6    30.0
20230513.0200     0.8897     4.8425      122.6    30.0
20230513.0300     0.8742     4.8424      122.6    30.0
20230513.0400     0.8617     4.8255      122.6    30.0
20230513.0500     0.8477     4.8150      122.7    30.0
20230513.0600     0.8339     4.8005      122.7    30.0
20230513.0700     0.8285     4.7464      122.7    30.0
20230513.0800     0.8308     4.6667      122.6    30.0
20230513.0900     0.8350     4.5922      122.4    30.0
20230513.1000     0.8339     4.5447      122.2    30.0
20230513.1100     0.8245     4.5283      122.1    30.0
20230513.1200     0.8261     4.4793      121.9    30.0
20230513.1300     0.8331     4.4268      121.7    30.0
20230513.1400     0.8365     4.3988      121.9    30.0
20230513.1500     0.8402     4.3792      122.1    30.0
20230513.1600     0.8351     4.3894      121.9    30.0
20230513.1700     0.8217     4.4239      121.4    30.0
20230513.1800     0.8040     4.4740      121.2    30.0
20230513.1900     0.7857     4.5306      121.0    30.0
20230513.2000     0.7686     4.5897      120.8    30.0
20230513.2100     0.7559     4.6328      120.9    30.0
20230513.2200     0.7469     4.6583      121.0    30.0
20230513.2300     0.8259     4.8461      121.3    30.0
20230514.0000     0.8323     4.8547      121.6    30.0
20230514.0100     0.8353     4.8796      121.9    30.0
20230514.0200     0.8346     4.9168      122.0    30.0
20230514.0300     0.8325     4.9484      122.0    30.0
20230514.0400     0.8339     4.9480      121.9    30.0
20230514.0500     0.8335     4.9444      121.6    30.0
20230514.0600     0.8329     4.9299      121.4    30.0
20230514.0700     0.8301     4.9128      121.0    30.0
20230514.0800     0.8267     4.8886      120.6    30.0
20230514.0900     0.8219     4.8614      120.3    30.0
20230514.1000     0.8113     4.8527      120.3    30.0
20230514.1100     0.8049     4.8176      120.3    30.0
20230514.1200     0.8020     4.7619      120.5    30.0
20230514.1300     0.8040     4.6843      120.9    30.0
20230514.1400     0.8133     4.5850      121.8    30.0
20230514.1500     0.8268     4.4867      123.1    30.0
20230514.1600     0.8402     4.4077      124.4    30.0
20230514.1700     0.8471     4.3589      125.4    30.0
20230514.1800     0.8561     4.3123      126.2    30.0
20230514.1900     0.8673     4.2705      126.6    30.0
20230514.2000     0.8780     4.2397      126.5    30.0
20230514.2100     0.8835     4.2222      126.1    30.0
20230514.2200     0.8856     4.2070      125.0    30.0
20230514.2300     0.8839     4.1949      124.1    30.0
20230515.0000     0.8761     4.1873      123.4    30.0
20230515.0100     0.8593     4.1874      123.0    30.0
20230515.0200     0.8421     4.1795      122.4    30.0
20230515.0300     0.8216     4.1741      122.0    30.0
20230515.0400     0.7994     4.1695      121.6    30.0
20230515.0500     0.7792     4.1556      121.0    30.0
20230515.0600     0.7642     4.1282      120.2    30.0
20230515.0700     0.7560     4.0875      119.2    30.0
20230515.0800     0.7489     4.0519      118.5    30.0
20230515.0900     0.7392     4.0284      118.2    30.0
20230515.1000     0.7276     4.0093      117.5    30.0
20230515.1100     0.7846     4.1872      117.6    30.0
20230515.1200     0.7621     4.1770      118.5    30.0
20230515.1300     0.7434     4.1527      119.3    30.0
20230515.1400     0.7305     4.1143      119.8    30.0
20230515.1500     0.7178     4.0824      120.1    30.0
20230515.1600     0.7052     4.0533      120.6    30.0
20230515.1700     0.6901     4.0365      121.2    30.0
20230515.1800     0.6716     4.0323      122.1    30.0
20230515.1900     0.6543     4.0248      122.9    30.0
20230515.2000     0.6399     4.0075      123.7    30.0
20230515.2100     0.6321     3.9692      124.5    30.0
20230515.2200     0.6185     3.9574      124.4    30.0
20230515.2300     0.6129     3.9204      123.9    30.0
20230516.0000     0.6066     3.8936      123.2    30.0
20230516.0100     0.5976     3.8820      122.4    30.0
20230516.0200     0.5858     3.8814      121.7    30.0
20230516.0300     0.5743     3.8807      121.2    30.0
20230516.0400     0.5612     3.8881      120.9    30.0
20230516.0500     0.5484     3.8950      120.9    30.0
20230516.0600     0.5384     3.8881      120.8    30.0
20230516.0700     0.5338     3.8561      120.7    30.0
20230516.0800     0.5346     3.8080      120.6    30.0
20230516.0900     0.5340     3.7762      120.8    30.0
20230516.1000     0.5200     3.8058      120.8    30.0
20230516.1100     0.5116     3.8043      121.1    30.0
20230516.1200     0.5084     3.7776      121.7    30.0
20230516.1300     0.5065     3.7490      122.2    30.0
20230516.1400     0.5055     3.7215      122.5    30.0
20230516.1500     0.5033     3.7064      122.6    30.0
20230516.1600     0.5009     3.6926      122.6    30.0
20230516.1700     0.5006     3.6729      122.5    30.0
20230516.1800     0.4981     3.6651      122.2    30.0
20230516.1900     0.4922     3.6731      121.7    30.0
20230516.2000     0.4864     3.6752      121.1    30.0
20230516.2100     0.4874     3.6443      120.4    30.0
20230516.2200     0.4860     3.6260      119.7    30.0
20230516.2300     0.5347     3.7375      119.3    30.0
20230517.0000     0.5509     3.6755      118.6    30.0
20230517.0100     0.5703     3.6247      117.7    30.0
20230517.0200     0.5910     3.5911      116.4    30.0
20230517.0300     0.6108     3.5747      115.2    30.0
20230517.0400     0.6292     3.5743      114.4    30.0
20230517.0500     0.6359     3.5958      114.3    30.0
20230517.0600     0.6298     3.6280      114.5    30.0
20230517.0700     0.6237     3.6440      115.2    30.0
20230517.0800     0.6218     3.6443      116.0    30.0
20230517.0900     0.6212     3.6399      116.8    30.0
20230517.1000     0.6104     3.6514      117.2    30.0
20230517.1100     0.6042     3.6465      118.0    30.0
20230517.1200     0.5944     3.6507      118.5    30.0
20230517.1300     0.5825     3.6544      118.4    30.0
20230517.1400     0.5833     3.6238      118.1    30.0
20230517.1500     0.5880     3.5960      117.8    30.0
20230517.1600     0.5889     3.5864      117.8    30.0
20230517.1700     0.5821     3.5945      118.1    30.0
20230517.1800     0.5722     3.6042      118.6    30.0
20230517.1900     0.5613     3.6117      119.1    30.0
20230517.2000     0.5516     3.6132      119.6    30.0
20230517.2100     0.5467     3.5997      119.9    30.0
20230517.2200     0.5394     3.5943      120.2    30.0
20230517.2300     0.5405     3.5694      120.1    30.0
20230518.0000     0.5440     3.5483      119.5    30.0
20230518.0100     0.5500     3.5293      119.0    30.0
20230518.0200     0.5621     3.5091      118.4    30.0
20230518.0300     0.5616     3.5262      118.2    30.0
20230518.0400     0.5484     3.5702      118.4    30.0
20230518.0500     0.5320     3.6170      118.6    30.0
20230518.0600     0.5138     3.6713      119.0    30.0
20230518.0700     0.4992     3.7052      119.4    30.0
20230518.0800     0.4907     3.7087      120.0    30.0
20230518.0900     0.4859     3.6923      120.5    30.0
20230518.1000     0.4725     3.7251      120.9    30.0
20230518.1100     0.4965     3.7833      122.2    30.0
20230518.1200     0.5004     3.7015      124.0    30.0
20230518.1300     0.5091     3.6195      125.8    30.0
20230518.1400     0.5174     3.5637      127.2    30.0
20230518.1500     0.5278     3.5206      128.1    30.0
20230518.1600     0.5354     3.5042      128.5    30.0
20230518.1700     0.5335     3.5180      128.3    30.0
20230518.1800     0.5257     3.5464      127.8    30.0
20230518.1900     0.5117     3.5922      127.3    30.0
20230518.2000     0.4974     3.6374      126.9    30.0
20230518.2100     0.4839     3.6770      126.3    30.0
20230518.2200     0.4701     3.7112      125.8    30.0
20230518.2300     0.4611     3.7228      125.1    30.0
20230519.0000     0.4529     3.7326      124.6    30.0
20230519.0100     0.4450     3.7401      124.0    30.0
20230519.0200     0.4404     3.7276      123.2    30.0
20230519.0300     0.4377     3.7052      122.4    30.0
20230519.0400     0.4375     3.6697      121.7    30.0
20230519.0500     0.4403     3.6232      121.3    30.0
20230519.0600     0.4427     3.5891      121.6    30.0
20230519.0700     0.4479     3.5463      122.8    30.0
20230519.0800     0.4616     3.4832      123.5    30.0
20230519.0900     0.4869     3.4153      124.4    30.0
20230519.1000     0.4697     3.5097      124.0    30.0
20230519.1100     0.4722     3.4939      123.6    30.0
20230519.1200     0.4861     3.4488      123.0    30.0
20230519.1300     0.4953     3.4359      122.5    30.0
20230519.1400     0.5025     3.4321      121.9    30.0
20230519.1500     0.5102     3.4270      120.7    30.0
20230519.1600     0.5184     3.4224      119.6    30.0
20230519.1700     0.5328     3.4096      118.2    30.0
20230519.1800     0.5467     3.4087      116.9    30.0
20230519.1900     0.5481     3.4318      116.1    30.0
20230519.2000     0.5367     3.4758      115.9    30.0
20230519.2100     0.5211     3.5213      115.8    30.0
20230519.2200     0.5160     3.5155      114.8    30.0
20230519.2300     0.5933     3.7865      114.1    30.0
20230520.0000     0.5806     3.7750      114.2    30.0
20230520.0100     0.5855     3.7105      113.6    30.0
20230520.0200     0.6006     3.6484      112.8    30.0
20230520.0300     0.6062     3.6295      112.4    30.0
20230520.0400     0.6010     3.6376      112.6    30.0
20230520.0500     0.5897     3.6564      113.3    30.0
20230520.0600     0.5805     3.6659      114.1    30.0
20230520.0700     0.5820     3.6485      115.1    30.0
20230520.0800     0.5943     3.6225      116.1    30.0
20230520.0900     0.6109     3.6104      117.0    30.0
20230520.1000     0.6110     3.6390      117.6    30.0
20230520.1100     0.6171     3.6511      118.5    30.0
20230520.1200     0.6241     3.6612      119.3    30.0
20230520.1300     0.6337     3.6670      119.6    30.0
20230520.1400     0.6487     3.6681      119.3    30.0
20230520.1500     0.6599     3.6812      118.5    30.0
20230520.1600     0.6699     3.6970      117.5    30.0
20230520.1700     0.6683     3.7312      117.0    30.0
20230520.1800     0.6554     3.7770      117.0    30.0
20230520.1900     0.6376     3.8221      117.1    30.0
20230520.2000     0.6222     3.8486      117.1    30.0
20230520.2100     0.6092     3.8600      117.0    30.0
20230520.2200     0.6068     3.8266      116.4    30.0
20230520.2300     0.6170     3.7699      115.6    30.0
20230521.0000     0.6347     3.7171      114.4    30.0
20230521.0100     0.6699     3.6719      113.1    30.0
20230521.0200     0.7037     3.6737      112.7    30.0
20230521.0300     0.7189     3.7111      112.8    30.0
20230521.0400     0.7230     3.7532      113.0    30.0
20230521.0500     0.7194     3.7927      113.5    30.0
20230521.0600     0.7172     3.8175      114.3    30.0
20230521.0700     0.7162     3.8360      115.0    30.0
20230521.0800     0.7164     3.8499      115.7    30.0
20230521.0900     0.7164     3.8641      116.6    30.0
20230521.1000     0.7107     3.8879      116.9    30.0
20230521.1100     0.7236     3.9776      117.7    30.0
20230521.1200     0.7115     3.9896      118.6    30.0
20230521.1300     0.7043     3.9865      119.4    30.0
20230521.1400     0.7024     3.9738      120.2    30.0
20230521.1500     0.7093     3.9465      121.1    30.0
20230521.1600     0.7239     3.9192      121.9    30.0
20230521.1700     0.7350     3.9144      122.3    30.0
20230521.1800     0.7375     3.9307      122.3    30.0
20230521.1900     0.7370     3.9490      122.2    30.0
20230521.2000     0.7388     3.9583      122.0    30.0
20230521.2100     0.7446     3.9590      121.9    30.0
20230521.2200     0.7384     3.9775      121.3    30.0
20230521.2300     0.7373     3.9790      120.7    30.0
20230522.0000     0.7441     3.9663      120.0    30.0
20230522.0100     0.7506     3.9613      119.5    30.0
20230522.0200     0.7613     3.9549      118.8    30.0
20230522.0300     0.7823     3.9458      117.9    30.0
20230522.0400     0.8122     3.9468      117.2    30.0
20230522.0500     0.8484     3.9653      116.9    30.0
20230522.0600     0.8841     4.0016      116.9    30.0
20230522.0700     0.9165     4.0475      117.2    30.0
20230522.0800     0.9349     4.0987      117.6    30.0
20230522.0900     0.9400     4.1450      117.9    30.0
20230522.1000     0.9021     4.2170      118.4    30.0
20230522.1100     0.8860     4.2411      118.9    30.0
20230522.1200     0.8787     4.2307      119.6    30.0
20230522.1300     0.8666     4.2297      120.1    30.0
20230522.1400     0.8470     4.2415      120.3    30.0
20230522.1500     0.8245     4.2551      120.4    30.0
20230522.1600     0.8064     4.2536      120.4    30.0
20230522.1700     0.7923     4.2403      120.3    30.0
20230522.1800     0.7824     4.2184      120.1    30.0
20230522.1900     0.7729     4.1989      119.7    30.0
20230522.2000     0.7617     4.1878      119.3    30.0
20230522.2100     0.7514     4.1747      119.0    30.0
20230522.2200     0.7395     4.1637      118.6    30.0
20230522.2300     0.7854     4.3025      118.3    30.0
20230523.0000     0.7670     4.2928      117.9    30.0
20230523.0100     0.7477     4.2880      117.5    30.0
20230523.0200     0.7272     4.2889      117.1    30.0
20230523.0300     0.7094     4.2802      116.9    30.0
20230523.0400     0.6950     4.2615      116.7    30.0
20230523.0500     0.6849     4.2289      116.6    30.0
20230523.0600     0.6734     4.2100      116.7    30.0
20230523.0700     0.6657     4.1793      116.8    30.0
20230523.0800     0.6604     4.1451      117.1    30.0
20230523.0900     0.6579     4.1074      117.8    30.0
20230523.1000     0.6471     4.1053      118.4    30.0
20230523.1100     0.6404     4.0905      119.4    30.0
20230523.1200     0.6495     4.0189      121.5    30.0
20230523.1300     0.6724     3.9316      123.8    30.0
20230523.1400     0.6935     3.8886      125.1    30.0
20230523.1500     0.6951     3.9044      125.3    30.0
20230523.1600     0.6893     3.9295      125.0    30.0
20230523.1700     0.6854     3.9402      124.6    30.0
20230523.1800     0.6845     3.9371      124.2    30.0
20230523.1900     0.6797     3.9429      123.8    30.0
20230523.2000     0.6707     3.9567      123.2    30.0
20230523.2100     0.6619     3.9638      122.6    30.0
20230523.2200     0.6487     3.9779      122.0    30.0
20230523.2300     0.6399     3.9746      121.3    30.0
20230524.0000     0.6344     3.9578      120.4    30.0
20230524.0100     0.6346     3.9243      119.4    30.0
20230524.0200     0.6412     3.8792      118.0    30.0
20230524.0300     0.6500     3.8413      116.6    30.0
20230524.0400     0.6561     3.8215      115.6    30.0
20230524.0500     0.6575     3.8191      115.1    30.0
20230524.0600     0.6563     3.8231      115.1    30.0
20230524.0700     0.6548     3.8256      115.6    30.0
20230524.0800     0.6527     3.8274      116.5    30.0
20230524.0900     0.6523     3.8203      117.8    30.0
20230524.1000     0.6615     3.7914      119.0    30.0
20230524.1100     0.6919     3.7499      119.9    30.0
20230524.1200     0.7194     3.7482      120.6    30.0
20230524.1300     0.7312     3.7776      121.2    30.0
20230524.1400     0.7340     3.8144      121.4    30.0
20230524.1500     0.7296     3.8503      121.1    30.0
20230524.1600     0.7302     3.8660      120.5    30.0
20230524.1700     0.7332     3.8731      119.6    30.0
20230524.1800     0.7270     3.8914      118.7    30.0
20230524.1900     0.7155     3.9093      117.9    30.0
20230524.2000     0.7098     3.9059      117.2    30.0
20230524.2100     0.7084     3.8938      116.9    30.0
20230524.2200     0.7069     3.8823      117.0    30.0
20230524.2300     0.7048     3.8760      117.3    30.0
20230525.0000     0.7016     3.8738      117.7    30.0
20230525.0100     0.7025     3.8666      118.0    30.0
20230525.0200     0.7129     3.8514      118.7    30.0
20230525.0300     0.7250     3.8499      119.3    30.0
20230525.0400     0.7364     3.8621      119.6    30.0
20230525.0500     0.7550     3.8736      119.5    30.0
20230525.0600     0.7859     3.8879      119.1    30.0
20230525.0700     0.8180     3.9200      119.3    30.0
20230525.0800     0.8618     3.9605      120.1    30.0
20230525.0900     0.9144     4.0175      120.7    30.0
20230525.1000     0.9379     4.0927      120.7    30.0
20230525.1100     0.9867     4.1974      121.1    30.0
20230525.1200     0.9950     4.2564      121.2    30.0
20230525.1300     0.9838     4.3103      120.8    30.0
20230525.1400     0.9838     4.3273      119.8    30.0
20230525.1500     0.9868     4.3330      118.8    30.0
20230525.1600     0.9714     4.3537      118.2    30.0
20230525.1700     0.9509     4.3665      117.8    30.0
20230525.1800     0.9334     4.3649      117.7    30.0
20230525.1900     0.9111     4.3697      117.7    30.0
20230525.2000     0.8911     4.3690      117.8    30.0
20230525.2100     0.8805     4.3492      117.9    30.0
20230525.2200     0.8764     4.3212      117.2    30.0
20230525.2300     0.9018     4.3329      116.8    30.0
20230526.0000     0.9072     4.3036      116.5    30.0
20230526.0100     0.9167     4.2805      116.2    30.0
20230526.0200     0.9344     4.2598      115.8    30.0
20230526.0300     0.9540     4.2534      115.5    30.0
20230526.0400     0.9725     4.2602      115.5    30.0
20230526.0500     0.9840     4.2797      115.5    30.0
20230526.0600     0.9880     4.3044      115.6    30.0
20230526.0700     0.9818     4.3318      116.0    30.0
20230526.0800     0.9702     4.3541      116.4    30.0
20230526.0900     0.9630     4.3598      117.2    30.0
20230526.1000     0.9584     4.3575      116.9    30.0
20230526.1100     0.9575     4.3500      116.8    30.0
20230526.1200     0.9553     4.3477      116.8    30.0
20230526.1300     0.9466     4.3536      116.9    30.0
20230526.1400     0.9382     4.3524      117.1    30.0
20230526.1500     0.9341     4.3394      117.2    30.0
20230526.1600     0.9280     4.3270      117.1    30.0
20230526.1700     0.9170     4.3176      116.9    30.0
20230526.1800     0.9048     4.3042      116.7    30.0
20230526.1900     0.8903     4.2918      116.6    30.0
20230526.2000     0.8753     4.2791      116.8    30.0
20230526.2100     0.8627     4.2621      117.0    30.0
20230526.2200     0.8510     4.2398      116.6    30.0
20230526.2300     0.9831     4.4725      116.5    30.0
20230527.0000     0.9795     4.4697      117.1    30.0
20230527.0100     0.9764     4.4729      117.5    30.0
20230527.0200     0.9663     4.4956      117.4    30.0
20230527.0300     0.9525     4.5298      117.3    30.0
20230527.0400     0.9434     4.5557      117.3    30.0
20230527.0500     0.9366     4.5811      117.5    30.0
20230527.0600     0.9290     4.6141      117.9    30.0
20230527.0700     0.9224     4.6478      118.4    30.0
20230527.0800     0.9215     4.6658      119.1    30.0
20230527.0900     0.9313     4.6549      120.0    30.0
20230527.1000     0.9350     4.6658      120.5    30.0
20230527.1100     0.9437     4.6632      120.9    30.0
20230527.1200     0.9601     4.6430      121.1    30.0
20230527.1300     0.9782     4.6242      121.2    30.0
20230527.1400     0.9839     4.6350      121.1    30.0
20230527.1500     0.9708     4.6790      120.8    30.0
20230527.1600     0.9469     4.7392      120.5    30.0
20230527.1700     0.9262     4.7700      120.2    30.0
20230527.1800     0.9150     4.7557      120.2    30.0
20230527.1900     0.9169     4.6956      120.2    30.0
20230527.2000     0.9247     4.6251      120.1    30.0
20230527.2100     0.9204     4.5931      119.7    30.0
20230527.2200     0.8992     4.6029      119.1    30.0
20230527.2300     0.8813     4.5937      118.5    30.0
20230528.0000     0.8732     4.5483      117.9    30.0
20230528.0100     0.8751     4.4816      117.2    30.0
20230528.0200     0.8811     4.4205      116.6    30.0
20230528.0300     0.8858     4.3797      116.2    30.0
20230528.0400     0.8895     4.3551      116.5    30.0
20230528.0500     0.8829     4.3604      117.0    30.0
20230528.0600     0.8688     4.3821      117.6    30.0
20230528.0700     0.8536     4.4023      118.0    30.0
20230528.0800     0.8463     4.4005      118.2    30.0
20230528.0900     0.8499     4.3761      118.5    30.0
20230528.1000     0.8657     4.3346      119.2    30.0
20230528.1100     0.9379     4.3988      120.2    30.0
20230528.1200     0.9580     4.4050      121.1    30.0
20230528.1300     0.9625     4.4426      121.6    30.0
20230528.1400     0.9620     4.4806      122.1    30.0
20230528.1500     0.9557     4.5191      122.4    30.0
20230528.1600     0.9448     4.5531      122.4    30.0
20230528.1700     0.9288     4.5873      122.3    30.0
20230528.1800     0.9139     4.6056      122.2    30.0
20230528.1900     0.9010     4.6083      122.2    30.0
20230528.2000     0.8881     4.6036      122.2    30.0
20230528.2100     0.8750     4.5940      122.1    30.0
20230528.2200     0.8567     4.5953      121.5    30.0
20230528.2300     0.8430     4.5745      120.9    30.0
20230529.0000     0.8360     4.5275      120.2    30.0
20230529.0100     0.8307     4.4789      119.7    30.0
20230529.0200     0.8210     4.4510      119.4    30.0
20230529.0300     0.8101     4.4290      119.2    30.0
20230529.0400     0.8077     4.3844      119.2    30.0
20230529.0500     0.8112     4.3330      119.3    30.0
20230529.0600     0.8147     4.2951      119.4    30.0
20230529.0700     0.8183     4.2678      119.5    30.0
20230529.0800     0.8197     4.2538      119.7    30.0
20230529.0900     0.8213     4.2436      120.1    30.0
20230529.1000     0.8175     4.2465      120.0    30.0
20230529.1100     0.8187     4.2380      120.2    30.0
20230529.1200     0.8189     4.2341      120.6    30.0
20230529.1300     0.8185     4.2344      120.7    30.0
20230529.1400     0.8129     4.2507      120.8    30.0
20230529.1500     0.8040     4.2748      120.8    30.0
20230529.1600     0.7964     4.2927      120.7    30.0
20230529.1700     0.7962     4.2866      120.3    30.0
20230529.1800     0.8077     4.2539      119.7    30.0
20230529.1900     0.8216     4.2282      119.1    30.0
20230529.2000     0.8312     4.2190      118.5    30.0
20230529.2100     0.8355     4.2201      117.8    30.0
20230529.2200     0.8370     4.2196      117.3    30.0
20230529.2300     0.8551     4.2344      117.0    30.0
20230530.0000     0.8525     4.2387      116.5    30.0
20230530.0100     0.8422     4.2509      115.7    30.0
20230530.0200     0.8309     4.2538      114.7    30.0
20230530.0300     0.8241     4.2415      113.6    30.0
20230530.0400     0.8161     4.2348      113.1    30.0
20230530.0500     0.8069     4.2350      113.1    30.0
20230530.0600     0.7972     4.2380      113.6    30.0
20230530.0700     0.7924     4.2269      114.6    30.0
20230530.0800     0.7958     4.1990      116.0    30.0
20230530.0900     0.8101     4.1594      117.9    30.0
20230530.1000     0.8091     4.1642      119.2    30.0
20230530.1100     0.8147     4.1578      121.0    30.0
20230530.1200     0.8182     4.1623      122.4    30.0
20230530.1300     0.8166     4.1800      123.3    30.0
20230530.1400     0.8163     4.1910      124.1    30.0
20230530.1500     0.8166     4.1982      124.5    30.0
20230530.1600     0.8078     4.2240      124.5    30.0
20230530.1700     0.7906     4.2650      124.2    30.0
20230530.1800     0.7702     4.3081      123.9    30.0
20230530.1900     0.7567     4.3176      123.8    30.0
20230530.2000     0.7586     4.2704      123.8    30.0
20230530.2100     0.7700     4.2061      124.0    30.0
20230530.2200     0.7685     4.1848      123.5    30.0
20230530.2300     0.7743     4.1522      123.3    30.0
20230531.0000     0.7812     4.1276      123.3    30.0
20230531.0100     0.7892     4.1111      123.2    30.0
20230531.0200     0.7971     4.1026      123.1    30.0
20230531.0300     0.8017     4.1074      122.9    30.0
20230531.0400     0.8011     4.1248      122.8    30.0
20230531.0500     0.8031     4.1343      122.9    30.0
20230531.0600     0.8142     4.1277      123.2    30.0
20230531.0700     0.8315     4.1197      123.8    30.0
20230531.0800     0.8496     4.1202      124.6    30.0
20230531.0900     0.8686     4.1262      125.5    30.0
20230531.1000     0.8691     4.1568      125.7    30.0
20230531.1100     0.8842     4.2256      126.0    30.0
20230531.1200     0.8857     4.2578      126.1    30.0
20230531.1300     0.8950     4.2659      126.4    30.0
20230531.1400     0.9036     4.2728      126.4    30.0
20230531.1500     0.9051     4.2864      126.2    30.0
20230531.1600     0.9063     4.2915      125.9    30.0
20230531.1700     0.9161     4.2802      125.5    30.0
20230531.1800     0.9242     4.2776      125.0    30.0
20230531.1900     0.9293     4.2833      124.4    30.0
20230531.2000     0.9288     4.2953      123.5    30.0
20230531.2100     0.9258     4.3044      122.6    30.0
20230531.2200     0.9135     4.3187      121.6    30.0
20230531.2300     0.9141     4.3072      120.6    30.0
20230601.0000     0.9261     4.2850      119.6    30.0
20230601.0100     0.9414     4.2714      118.5    30.0
20230601.0200     0.9630     4.2655      117.7    30.0
20230601.0300     0.9806     4.2763      117.1    30.0
20230601.0400     0.9858     4.3028      116.9    30.0
20230601.0500     0.9825     4.3307      117.0    30.0
20230601.0600     0.9821     4.3457      117.2    30.0
20230601.0700     0.9862     4.3504      117.5    30.0
20230601.0800     0.9871     4.3580      117.9    30.0
20230601.0900     0.9825     4.3697      118.4    30.0
20230601.1000     0.9651     4.3929      118.8    30.0
20230601.1100     0.9511     4.4013      119.5    30.0
20230601.1200     0.9334     4.4108      120.0    30.0
20230601.1300     0.9098     4.4290      120.3    30.0
20230601.1400     0.8880     4.4378      120.3    30.0
20230601.1500     0.8718     4.4289      120.2    30.0
20230601.1600     0.8621     4.4022      119.9    30.0
20230601.1700     0.8553     4.3738      119.6    30.0
20230601.1800     0.8503     4.3453      119.4    30.0
20230601.1900     0.8537     4.3043      119.4    30.0
20230601.2000     0.8683     4.2542      119.3    30.0
20230601.2100     0.8924     4.2127      119.4    30.0
20230601.2200     0.8827     4.2321      119.3    30.0
20230601.2300     0.9202     4.3164      119.3    30.0
20230602.0000     0.9331     4.2990      119.6    30.0
20230602.0100     0.9648     4.2760      119.9    30.0
20230602.0200     1.0149     4.2697      120.2    30.0
20230602.0300     1.0621     4.2964      120.2    30.0
20230602.0400     1.0954     4.3421      120.1    30.0
20230602.0500     1.1137     4.3917      119.7    30.0
20230602.0600     1.1088     4.4387      119.2    30.0
20230602.0700     1.0880     4.4741      118.7    30.0
20230602.0800     1.0655     4.4890      118.5    30.0
20230602.0900     1.0475     4.4853      118.3    30.0
20230602.1000     1.0227     4.4834      118.2    30.0
20230602.1100     1.0191     4.4525      118.4    30.0
20230602.1200     1.0269     4.4243      118.6    30.0
20230602.1300     1.0355     4.4164      118.1    30.0
20230602.1400     1.0559     4.4124      116.9    30.0
20230602.1500     1.0807     4.4220      115.5    30.0
20230602.1600     1.0770     4.4600      114.7    30.0
20230602.1700     1.0631     4.4917      114.5    30.0
20230602.1800     1.0554     4.4989      114.4    30.0
20230602.1900     1.0476     4.4978      114.6    30.0
20230602.2000     1.0400     4.4917      114.9    30.0
20230602.2100     1.0349     4.4799      115.4    30.0
20230602.2200     1.0265     4.4708      115.8    30.0
20230602.2300     1.0182     4.4612      115.7    30.0
20230603.0000     1.0119     4.4515      115.2    30.0
20230603.0100     1.0027     4.4468      114.8    30.0
20230603.0200     0.9965     4.4352      114.7    30.0
20230603.0300     0.9982     4.4172      114.6    30.0
20230603.0400     0.9996     4.4060      114.6    30.0
20230603.0500     0.9986     4.4026      114.7    30.0
20230603.0600     0.9916     4.4084      114.7    30.0
20230603.0700     0.9778     4.4202      114.8    30.0
20230603.0800     0.9622     4.4292      115.2    30.0
20230603.0900     0.9472     4.4319      116.0    30.0
20230603.1000     0.9234     4.4513      116.6    30.0
20230603.1100     1.0441     4.7893      117.1    30.0
20230603.1200     1.0077     4.7725      117.4    30.0
20230603.1300     0.9813     4.7318      117.8    30.0
20230603.1400     0.9602     4.6831      118.3    30.0
20230603.1500     0.9487     4.6177      118.7    30.0
20230603.1600     0.9378     4.5638      118.9    30.0
20230603.1700     0.9188     4.5401      118.9    30.0
20230603.1800     0.8932     4.5367      118.9    30.0
20230603.1900     0.8679     4.5308      119.0    30.0
20230603.2000     0.8469     4.5111      119.0    30.0
20230603.2100     0.8363     4.4597      118.6    30.0
20230603.2200     0.8124     4.4602      118.2    30.0
20230603.2300     0.7943     4.4425      117.8    30.0
20230604.0000     0.7800     4.4123      117.5    30.0
20230604.0100     0.7841     4.3253      116.8    30.0
20230604.0200     0.8020     4.2276      115.9    30.0
20230604.0300     0.8233     4.1594      115.1    30.0
20230604.0400     0.8376     4.1334      114.3    30.0
20230604.0500     0.8291     4.1602      113.9    30.0
20230604.0600     0.8098     4.1995      114.2    30.0
20230604.0700     0.7945     4.2178      114.3    30.0
20230604.0800     0.7750     4.2475      114.9    30.0
20230604.0900     0.7548     4.2769      115.7    30.0
20230604.1000     0.7558     4.2275      116.6    30.0
20230604.1100     0.7506     4.2093      117.1    30.0
20230604.1200     0.7406     4.2065      117.7    30.0
20230604.1300     0.7286     4.2082      118.0    30.0
20230604.1400     0.7160     4.2090      118.1    30.0
20230604.1500     0.6996     4.2222      118.0    30.0
20230604.1600     0.6852     4.2223      117.8    30.0
20230604.1700     0.6749     4.2026      117.6    30.0
20230604.1800     0.6654     4.1797      117.3    30.0
20230604.1900     0.6521     4.1744      117.2    30.0
20230604.2000     0.6385     4.1686      117.1    30.0
20230604.2100     0.6256     4.1585      117.0    30.0
20230604.2200     0.6096     4.1599      116.9    30.0
20230604.2300     0.6840     4.4237      116.9    30.0
20230605.0000     0.6682     4.3634      117.0    30.0
20230605.0100     0.6655     4.2517      117.3    30.0
20230605.0200     0.6791     4.1097      117.6    30.0
20230605.0300     0.7051     3.9836      117.9    30.0
20230605.0400     0.7379     3.9036      117.9    30.0
20230605.0500     0.7764     3.8698      117.7    30.0
20230605.0600     0.8059     3.8814      117.7    30.0
20230605.0700     0.8197     3.9147      118.4    30.0
20230605.0800     0.8177     3.9499      119.0    30.0
20230605.0900     0.8104     3.9740      119.3    30.0
20230605.1000     0.7809     4.0174      119.0    30.0
20230605.1100     0.7687     4.0081      118.4    30.0
20230605.1200     0.7748     3.9690      117.6    30.0
20230605.1300     0.7825     3.9445      117.0    30.0
20230605.1400     0.7932     3.9287      115.9    30.0
20230605.1500     0.8111     3.9201      114.3    30.0
20230605.1600     0.8229     3.9310      113.0    30.0
20230605.1700     0.8216     3.9574      112.3    30.0
20230605.1800     0.8107     3.9839      111.9    30.0
20230605.1900     0.7962     4.0015      111.4    30.0
20230605.2000     0.7800     4.0118      110.8    30.0
20230605.2100     0.7656     4.0137      110.3    30.0
20230605.2200     0.7506     4.0117      109.7    30.0
20230605.2300     0.7462     3.9874      109.0    30.0
20230606.0000     0.7417     3.9709      108.7    30.0
20230606.0100     0.7313     3.9704      108.9    30.0
20230606.0200     0.7219     3.9679      109.3    30.0
20230606.0300     0.7147     3.9621      109.5    30.0
20230606.0400     0.7075     3.9602      109.8    30.0
20230606.0500     0.7023     3.9566      110.0    30.0
20230606.0600     0.7012     3.9503      110.4    30.0
20230606.0700     0.7026     3.9493      112.4    30.0
20230606.0800     0.7113     3.9345      115.6    30.0
20230606.0900     0.7086     3.9493      118.1    30.0
20230606.1000     0.6935     3.9862      119.3    30.0
20230606.1100     0.7204     4.1296      119.8    30.0
20230606.1200     0.7057     4.1234      119.8    30.0
20230606.1300     0.7009     4.0863      119.4    30.0
20230606.1400     0.6946     4.0583      118.7    30.0
20230606.1500     0.6796     4.0631      118.2    30.0
20230606.1600     0.6629     4.0731      117.6    30.0
20230606.1700     0.6568     4.0401      116.6    30.0
20230606.1800     0.6600     3.9853      115.5    30.0
20230606.1900     0.6632     3.9467      114.4    30.0
20230606.2000     0.6595     3.9396      113.8    30.0
20230606.2100     0.6501     3.9540      113.8    30.0
20230606.2200     0.6529     3.9263      114.0    30.0
20230606.2300     0.6657     3.8841      113.8    30.0
20230607.0000     0.6885     3.8449      113.6    30.0
20230607.0100     0.7267     3.8228      113.7    30.0
20230607.0200     0.7925     3.8307      113.7    30.0
20230607.0300     0.8576     3.8946      113.2    30.0
20230607.0400     0.8979     3.9849      113.5    30.0
20230607.0500     0.9283     4.0622      114.0    30.0
20230607.0600     0.9553     4.1247      114.3    30.0
20230607.0700     0.9675     4.1817      114.9    30.0
20230607.0800     0.9886     4.2188      115.2    30.0
20230607.0900     1.0052     4.2556      115.4    30.0
20230607.1000     1.0285     4.2836      115.9    30.0
20230607.1100     1.0700     4.3380      116.4    30.0
20230607.1200     1.0864     4.3818      116.1    30.0
20230607.1300     1.1033     4.4199      115.6    30.0
20230607.1400     1.1252     4.4517      115.1    30.0
20230607.1500     1.1434     4.4820      114.3    30.0
20230607.1600     1.1526     4.5108      113.7    30.0
20230607.1700     1.1604     4.5310      113.5    30.0
20230607.1800     1.1633     4.5483      113.4    30.0
20230607.1900     1.1713     4.5599      113.4    30.0
20230607.2000     1.1960     4.5742      113.3    30.0
20230607.2100     1.2247     4.6041      113.1    30.0
20230607.2200     1.2343     4.6486      112.7    30.0
20230607.2300     1.3852     4.8676      111.9    30.0
20230608.0000     1.3935     4.9012      111.4    30.0
20230608.0100     1.3847     4.9376      111.2    30.0
20230608.0200     1.3549     4.9754      111.5    30.0
20230608.0300     1.3202     5.0013      111.9    30.0
20230608.0400     1.2809     5.0209      112.3    30.0
20230608.0500     1.2401     5.0335      112.8    30.0
20230608.0600     1.1973     5.0440      113.3    30.0
20230608.0700     1.1612     5.0319      114.1    30.0
20230608.0800     1.1284     5.0072      114.5    30.0
20230608.0900     1.0965     4.9790      115.0    30.0
20230608.1000     1.0642     4.9520      115.5    30.0
20230608.1100     1.0379     4.9096      116.1    30.0
20230608.1200     1.0212     4.8433      116.7    30.0
20230608.1300     1.0054     4.7825      117.0    30.0
20230608.1400     0.9896     4.7271      117.0    30.0
20230608.1500     0.9721     4.6820      116.9    30.0
20230608.1600     0.9580     4.6303      116.6    30.0
20230608.1700     0.9396     4.5932      116.4    30.0
20230608.1800     0.9152     4.5727      116.2    30.0
20230608.1900     0.8925     4.5472      116.0    30.0
20230608.2000     0.8759     4.5043      116.1    30.0
20230608.2100     0.8654     4.4498      116.4    30.0
20230608.2200     0.8476     4.4224      116.2    30.0
20230608.2300     0.8451     4.3588      116.0    30.0
20230609.0000     0.8538     4.2897      115.5    30.0
20230609.0100     0.8637     4.2428      114.9    30.0
20230609.0200     0.8715     4.2156      114.0    30.0
20230609.0300     0.8738     4.2055      113.1    30.0
20230609.0400     0.8752     4.1989      112.2    30.0
20230609.0500     0.8766     4.1935      111.5    30.0
20230609.0600     0.8788     4.1888      111.0    30.0
20230609.0700     0.8806     4.1867      110.7    30.0
20230609.0800     0.8832     4.1846      110.7    30.0
20230609.0900     0.8849     4.1850      110.6    30.0
20230609.1000     0.8902     4.1816      111.1    30.0
20230609.1100     0.9039     4.1990      111.5    30.0
20230609.1200     0.9153     4.1925      112.1    30.0
20230609.1300     0.9245     4.1922      113.0    30.0
20230609.1400     0.9262     4.1995      113.9    30.0
20230609.1500     0.9138     4.2150      114.7    30.0
20230609.1600     0.8895     4.2320      115.5    30.0
20230609.1700     0.8663     4.2296      116.5    30.0
20230609.1800     0.8517     4.2026      117.6    30.0
20230609.1900     0.8449     4.1632      118.7    30.0
20230609.2000     0.8418     4.1261      119.3    30.0
20230609.2100     0.8423     4.0963      119.6    30.0
20230609.2200     0.8247     4.0982      119.0    30.0
20230609.2300     0.8154     4.0816      118.4    30.0
20230610.0000     0.8121     4.0585      118.0    30.0
20230610.0100     0.8123     4.0369      117.6    30.0
20230610.0200     0.8112     4.0227      117.2    30.0
20230610.0300     0.8115     4.0107      117.1    30.0
20230610.0400     0.8047     4.0091      117.3    30.0
20230610.0500     0.7877     4.0204      117.6    30.0
20230610.0600     0.7705     4.0245      117.7    30.0
20230610.0700     0.7588     4.0173      117.8    30.0
20230610.0800     0.7559     3.9965      117.5    30.0
20230610.0900     0.7623     3.9702      117.3    30.0
20230610.1000     0.7485     3.9899      117.2    30.0
20230610.1100     0.7490     3.9645      117.5    30.0
20230610.1200     0.7757     3.9264      118.0    30.0
20230610.1300     0.8221     3.9095      118.4    30.0
20230610.1400     0.8712     3.9348      118.2    30.0
20230610.1500     0.9034     3.9866      117.6    30.0
20230610.1600     0.9198     4.0384      117.1    30.0
20230610.1700     0.9266     4.0793      116.8    30.0
20230610.1800     0.9245     4.1093      116.7    30.0
20230610.1900     0.9123     4.1310      116.6    30.0
20230610.2000     0.8972     4.1402      116.7    30.0
20230610.2100     0.8865     4.1331      116.9    30.0
20230610.2200     0.8813     4.1163      117.0    30.0
20230610.2300     0.9265     4.2039      117.0    30.0
20230611.0000     0.9037     4.1964      116.9    30.0
20230611.0100     0.8765     4.1910      116.7    30.0
20230611.0200     0.8564     4.1730      117.0    30.0
20230611.0300     0.8456     4.1435      117.9    30.0
20230611.0400     0.8422     4.1135      119.1    30.0
20230611.0500     0.8440     4.0889      120.4    30.0
20230611.0600     0.8470     4.0755      121.4    30.0
20230611.0700     0.8544     4.0672      122.5    30.0
20230611.0800     0.8620     4.0688      123.6    30.0
20230611.0900     0.8828     4.0655      125.3    30.0
20230611.1000     0.9019     4.0819      126.6    30.0
20230611.1100     0.9395     4.0999      128.4    30.0
20230611.1200     0.9951     4.1390      129.5    30.0
20230611.1300     1.0611     4.2075      129.2    30.0
20230611.1400     1.1253     4.2974      128.4    30.0
20230611.1500     1.1703     4.3964      127.4    30.0
20230611.1600     1.1849     4.4896      126.4    30.0
20230611.1700     1.1826     4.5627      125.4    30.0
20230611.1800     1.1827     4.6119      124.1    30.0
20230611.1900     1.1815     4.6463      122.9    30.0
20230611.2000     1.1609     4.6792      122.6    30.0
20230611.2100     1.1389     4.6932      122.7    30.0
20230611.2200     1.1538     4.6607      122.3    30.0
20230611.2300     1.2300     4.6808      122.2    30.0
20230612.0000     1.2747     4.7020      122.0    30.0
20230612.0100     1.2892     4.7468      121.2    30.0
20230612.0200     1.2806     4.7916      120.2    30.0
20230612.0300     1.2485     4.8420      119.3    30.0
20230612.0400     1.1981     4.9031      119.0    30.0
20230612.0500     1.1443     4.9696      119.4    30.0
20230612.0600     1.1067     4.9861      119.6    30.0
20230612.0700     1.0818     4.9679      119.7    30.0
20230612.0800     1.0576     4.9521      119.9    30.0
20230612.0900     1.0330     4.9450      120.3    30.0
20230612.1000     1.0191     4.9086      120.2    30.0
20230612.1100     1.0308     4.8198      119.7    30.0
20230612.1200     1.0594     4.7329      119.1    30.0
20230612.1300     1.1033     4.6691      118.5    30.0
20230612.1400     1.1415     4.6555      118.2    30.0
20230612.1500     1.1613     4.6770      117.9    30.0
20230612.1600     1.1708     4.7042      117.6    30.0
20230612.1700     1.1797     4.7241      117.3    30.0
20230612.1800     1.1825     4.7450      117.2    30.0
20230612.1900     1.1846     4.7596      117.1    30.0
20230612.2000     1.1901     4.7647      116.8    30.0
20230612.2100     1.1972     4.7643      116.4    30.0
20230612.2200     1.1839     4.7802      116.1    30.0
20230612.2300     1.1854     4.7665      115.2    30.0
20230613.0000     1.2054     4.7358      113.8    30.0
20230613.0100     1.2299     4.7171      112.6    30.0
20230613.0200     1.2549     4.7155      112.0    30.0
20230613.0300     1.2778     4.7277      111.7    30.0
20230613.0400     1.2880     4.7525      111.7    30.0
20230613.0500     1.2879     4.7826      112.0    30.0
20230613.0600     1.2813     4.8106      112.4    30.0
20230613.0700     1.2806     4.8289      113.0    30.0
20230613.0800     1.2820     4.8466      113.8    30.0
20230613.0900     1.2845     4.8641      114.9    30.0
20230613.1000     1.2594     4.9024      115.8    30.0
20230613.1100     1.2636     4.9544      116.3    30.0
20230613.1200     1.2583     4.9470      116.6    30.0
20230613.1300     1.2542     4.9350      117.0    30.0
20230613.1400     1.2564     4.9143      117.7    30.0
20230613.1500     1.2567     4.8994      118.5    30.0
20230613.1600     1.2377     4.9089      118.7    30.0
20230613.1700     1.2011     4.9346      118.4    30.0
20230613.1800     1.1608     4.9545      117.9    30.0
20230613.1900     1.1276     4.9558      117.6    30.0
20230613.2000     1.1036     4.9350      117.4    30.0
20230613.2100     1.0884     4.8991      117.2    30.0
20230613.2200     1.0684     4.8793      116.9    30.0
20230613.2300     1.0511     4.8581      116.9    30.0
20230614.0000     1.0487     4.8057      116.7    30.0
20230614.0100     1.0601     4.7440      116.2    30.0
20230614.0200     1.0729     4.6973      115.6    30.0
20230614.0300     1.0955     4.6517      115.1    30.0
20230614.0400     1.1054     4.6379      114.8    30.0
20230614.0500     1.0839     4.6576      114.6    30.0
20230614.0600     1.0620     4.6657      114.3    30.0
20230614.0700     1.0303     4.6890      114.4    30.0
20230614.0800     0.9853     4.7420      115.2    30.0
20230614.0900     0.9452     4.7831      116.0    30.0
20230614.1000     0.8995     4.8657      116.5    30.0
20230614.1100     0.8652     4.9127      117.0    30.0
20230614.1200     0.8413     4.9137      117.3    30.0
20230614.1300     0.8286     4.8661      117.5    30.0
20230614.1400     0.8257     4.7821      117.7    30.0
20230614.1500     0.8336     4.6707      118.2    30.0
20230614.1600     0.8447     4.5709      118.6    30.0
20230614.1700     0.8501     4.5093      118.7    30.0
20230614.1800     0.8452     4.4944      118.7    30.0
20230614.1900     0.8241     4.5295      118.7    30.0
20230614.2000     0.7950     4.5918      118.8    30.0
20230614.2100     0.7696     4.6318      119.0    30.0
20230614.2200     0.7472     4.6473      118.8    30.0
20230614.2300     0.7677     4.7221      118.5    30.0
20230615.0000     0.7602     4.6717      118.1    30.0
20230615.0100     0.7666     4.5641      117.0    30.0
20230615.0200     0.7857     4.4372      115.6    30.0
20230615.0300     0.8081     4.3381      114.2    30.0
20230615.0400     0.8193     4.2993      113.4    30.0
20230615.0500     0.8193     4.2972      113.0    30.0
20230615.0600     0.8116     4.3104      112.7    30.0
20230615.0700     0.7965     4.3378      112.8    30.0
20230615.0800     0.7747     4.3782      113.4    30.0
20230615.0900     0.7564     4.3955      113.8    30.0
20230615.1000     0.7392     4.4030      114.3    30.0
20230615.1100     0.7385     4.3474      114.4    30.0
20230615.1200     0.7422     4.2877      114.2    30.0
20230615.1300     0.7363     4.2666      114.2    30.0
20230615.1400     0.7254     4.2611      114.4    30.0
20230615.1500     0.7145     4.2508      114.5    30.0
20230615.1600     0.7009     4.2474      114.3    30.0
20230615.1700     0.6838     4.2559      114.0    30.0
20230615.1800     0.6662     4.2640      113.7    30.0
20230615.1900     0.6499     4.2664      113.4    30.0
20230615.2000     0.6343     4.2678      113.1    30.0
20230615.2100     0.6200     4.2666      112.6    30.0
20230615.2200     0.6074     4.2539      112.2    30.0
20230615.2300     0.6004     4.2253      111.6    30.0
20230616.0000     0.5935     4.2036      111.0    30.0
20230616.0100     0.5866     4.1857      110.5    30.0
20230616.0200     0.5801     4.1725      109.8    30.0
20230616.0300     0.5711     4.1783      109.5    30.0
20230616.0400     0.5589     4.2092      109.9    30.0
20230616.0500     0.5450     4.2553      110.8    30.0
20230616.0600     0.5328     4.2942      111.5    30.0
20230616.0700     0.5224     4.3156      112.3    30.0
20230616.0800     0.5149     4.3123      113.5    30.0
20230616.0900     0.5081     4.3016      114.4    30.0
20230616.1000     0.4933     4.3602      115.0    30.0
20230616.1100     0.5619     4.6579      116.0    30.0
20230616.1200     0.5596     4.6979      116.6    30.0
20230616.1300     0.5581     4.6991      117.3    30.0
20230616.1400     0.5571     4.6709      118.2    30.0
20230616.1500     0.5557     4.6153      118.9    30.0
20230616.1600     0.5584     4.5156      119.5    30.0
20230616.1700     0.5646     4.3910      120.1    30.0
20230616.1800     0.5698     4.2815      120.4    30.0
20230616.1900     0.5770     4.1749      120.5    30.0
20230616.2000     0.5932     4.0443      120.1    30.0
20230616.2100     0.6297     3.8870      118.7    30.0
20230616.2200     0.6974     3.7559      116.0    30.0
20230616.2300     0.7404     3.7501      114.5    30.0
20230617.0000     0.7913     3.7694      112.5    30.0
20230617.0100     0.8301     3.8200      110.6    30.0
20230617.0200     0.8596     3.8757      108.8    30.0
20230617.0300     0.8870     3.9258      107.1    30.0
20230617.0400     0.9033     3.9760      105.9    30.0
20230617.0500     0.9027     4.0255      105.4    30.0
20230617.0600     0.8911     4.0689      105.7    30.0
20230617.0700     0.8707     4.1063      106.6    30.0
20230617.0800     0.8517     4.1306      107.6    30.0
20230617.0900     0.8299     4.1573      108.7    30.0
20230617.1000     0.7976     4.2154      110.3    30.0
20230617.1100     0.7788     4.2310      111.9    30.0
20230617.1200     0.7715     4.2157      113.4    30.0
20230617.1300     0.7685     4.1995      114.7    30.0
20230617.1400     0.7691     4.1827      115.6    30.0
20230617.1500     0.7691     4.1739      115.9    30.0
20230617.1600     0.7679     4.1669      115.7    30.0
20230617.1700     0.7658     4.1599      115.5    30.0
20230617.1800     0.7597     4.1596      115.4    30.0
20230617.1900     0.7478     4.1690      115.3    30.0
20230617.2000     0.7339     4.1783      115.3    30.0
20230617.2100     0.7211     4.1765      115.2    30.0
20230617.2200     0.7018     4.1951      115.1    30.0
20230617.2300     0.7270     4.3049      114.8    30.0
20230618.0000     0.7142     4.3052      114.5    30.0
20230618.0100     0.7043     4.2914      114.1    30.0
20230618.0200     0.7010     4.2516      113.5    30.0
20230618.0300     0.7012     4.2043      112.7    30.0
20230618.0400     0.6969     4.1803      112.4    30.0
20230618.0500     0.6861     4.1811      112.4    30.0
20230618.0600     0.6748     4.1791      112.5    30.0
20230618.0700     0.6644     4.1714      112.8    30.0
20230618.0800     0.6545     4.1611      113.2    30.0
20230618.0900     0.6491     4.1307      113.6    30.0
20230618.1000     0.6298     4.1643      114.3    30.0
20230618.1100     0.6200     4.1475      114.9    30.0
20230618.1200     0.6138     4.1131      115.3    30.0
20230618.1300     0.6063     4.0894      115.9    30.0
20230618.1400     0.5923     4.0994      116.5    30.0
20230618.1500     0.5736     4.1361      116.9    30.0
20230618.1600     0.5563     4.1642      117.1    30.0
20230618.1700     0.5400     4.1875      117.3    30.0
20230618.1800     0.5248     4.2065      117.4    30.0
20230618.1900     0.5106     4.2187      117.6    30.0
20230618.2000     0.4993     4.2093      117.7    30.0
20230618.2100     0.4917     4.1739      117.7    30.0
20230618.2200     0.4862     4.1173      117.5    30.0
20230618.2300     0.4873     4.0299      116.9    30.0
20230619.0000     0.4906     3.9402      116.2    30.0
20230619.0100     0.4919     3.8802      115.8    30.0
20230619.0200     0.4881     3.8555      115.6    30.0
20230619.0300     0.4806     3.8511      115.4    30.0
20230619.0400     0.4701     3.8660      115.3    30.0
20230619.0500     0.4566     3.9021      115.3    30.0
20230619.0600     0.4437     3.9349      115.3    30.0
20230619.0700     0.4318     3.9584      115.4    30.0
20230619.0800     0.4214     3.9732      115.5    30.0
20230619.0900     0.4131     3.9684      116.0    30.0
20230619.1000     0.4000     4.0019      116.4    30.0
20230619.1100     0.4098     4.0795      116.5    30.0
20230619.1200     0.3992     4.0683      116.6    30.0
20230619.1300     0.3902     4.0494      116.7    30.0
20230619.1400     0.3830     4.0196      117.3    30.0
20230619.1500     0.3802     3.9470      118.3    30.0
20230619.1600     0.3738     3.9210      118.7    30.0
20230619.1700     0.3677     3.9040      119.0    30.0
20230619.1800     0.3626     3.8821      119.6    30.0
20230619.1900     0.3605     3.8387      120.7    30.0
20230619.2000     0.3584     3.8021      121.8    30.0
20230619.2100     0.3560     3.7676      122.4    30.0
20230619.2200     0.3571     3.6913      119.1    30.0
20230619.2300     0.3563     3.6511      117.4    30.0
20230620.0000     0.3507     3.6527      117.1    30.0
20230620.0100     0.3464     3.6443      116.6    30.0
20230620.0200     0.3414     3.6436      116.6    30.0
20230620.0300     0.3361     3.6460      116.7    30.0
20230620.0400     0.3335     3.6255      116.0    30.0
20230620.0500     0.3330     3.5896      114.6    30.0
20230620.0600     0.3316     3.5576      114.1    30.0
20230620.0700     0.3310     3.5229      113.9    30.0
20230620.0800     0.3305     3.4924      113.8    30.0
20230620.0900     0.3375     3.4164      114.2    30.0
20230620.1000     0.3438     3.3560      115.4    30.0
20230620.1100     0.3600     3.2665      116.6    30.0
20230620.1200     0.3821     3.1924      116.7    30.0
20230620.1300     0.3938     3.1797      116.4    30.0
20230620.1400     0.4177     3.1357      114.9    30.0
20230620.1500     0.4430     3.1244      113.6    30.0
20230620.1600     0.4623     3.1381      112.8    30.0
20230620.1700     0.4925     3.1484      112.0    30.0
20230620.1800     0.5169     3.1815      111.4    30.0
20230620.1900     0.5382     3.2223      111.2    30.0
20230620.2000     0.5550     3.2694      111.3    30.0
20230620.2100     0.5738     3.3117      111.5    30.0
20230620.2200     0.5641     3.3778      111.3    30.0
20230620.2300     0.6453     3.6129      111.2    30.0
20230621.0000     0.6531     3.6166      111.7    30.0
20230621.0100     0.6591     3.6281      112.5    30.0
20230621.0200     0.6636     3.6399      113.4    30.0
20230621.0300     0.6727     3.6456      114.1    30.0
20230621.0400     0.6878     3.6510      114.7    30.0
20230621.0500     0.7060     3.6641      115.5    30.0
20230621.0600     0.7197     3.6908      116.2    30.0
20230621.0700     0.7233     3.7269      116.6    30.0
20230621.0800     0.7185     3.7648      117.1    30.0
20230621.0900     0.7142     3.7907      117.7    30.0
20230621.1000     0.7026     3.8207      118.5    30.0
20230621.1100     0.7080     3.8158      118.8    30.0
20230621.1200     0.7323     3.7992      118.5    30.0
20230621.1300     0.7637     3.8041      118.1    30.0
20230621.1400     0.8003     3.8281      117.3    30.0
20230621.1500     0.8290     3.8704      116.3    30.0
20230621.1600     0.8557     3.9129      114.8    30.0
20230621.1700     0.8763     3.9557      113.5    30.0
20230621.1800     0.8915     3.9925      112.1    30.0
20230621.1900     0.9111     4.0174      110.4    30.0
20230621.2000     0.9372     4.0392      108.6    30.0
20230621.2100     0.9580     4.0688      107.0    30.0
20230621.2200     0.9526     4.1132      106.7    30.0
20230621.2300     0.9485     4.1403      106.3    30.0
20230622.0000     0.9447     4.1599      106.3    30.0
20230622.0100     0.9409     4.1739      106.6    30.0
20230622.0200     0.9344     4.1871      107.2    30.0
20230622.0300     0.9246     4.2001      107.9    30.0
20230622.0400     0.9133     4.2105      108.8    30.0
20230622.0500     0.8981     4.2221      109.5    30.0
20230622.0600     0.8908     4.2165      110.0    30.0
20230622.0700     0.8901     4.2043      110.2    30.0
20230622.0800     0.8831     4.2056      110.6    30.0
20230622.0900     0.8738     4.2083      111.1    30.0
20230622.1000     0.8528     4.2275      112.0    30.0
20230622.1100     0.8928     4.3279      112.9    30.0
20230622.1200     0.8861     4.2898      113.8    30.0
20230622.1300     0.8881     4.2455      114.7    30.0
20230622.1400     0.8880     4.2186      115.5    30.0
20230622.1500     0.8861     4.2019      116.0    30.0
20230622.1600     0.8828     4.1911      116.1    30.0
20230622.1700     0.8798     4.1813      116.3    30.0
20230622.1800     0.8776     4.1717      116.5    30.0
20230622.1900     0.8753     4.1630      116.7    30.0
20230622.2000     0.8700     4.1576      116.7    30.0
20230622.2100     0.8620     4.1534      116.6    30.0
20230622.2200     0.8441     4.1566      116.1    30.0
20230622.2300     0.8234     4.1585      115.5    30.0
20230623.0000     0.8071     4.1438      114.9    30.0
20230623.0100     0.7926     4.1236      114.3    30.0
20230623.0200     0.7809     4.0979      113.7    30.0
20230623.0300     0.7713     4.0712      113.4    30.0
20230623.0400     0.7575     4.0574      113.3    30.0
20230623.0500     0.7380     4.0585      113.4    30.0
20230623.0600     0.7155     4.0651      113.8    30.0
20230623.0700     0.6947     4.0641      114.4    30.0
20230623.0800     0.6783     4.0483      115.3    30.0
20230623.0900     0.6685     4.0134      116.5    30.0
20230623.1000     0.6537     4.0017      117.4    30.0
20230623.1100     0.6440     3.9780      118.2    30.0
20230623.1200     0.6383     3.9442      119.1    30.0
20230623.1300     0.6347     3.9121      119.6    30.0
20230623.1400     0.6290     3.8929      120.0    30.0
20230623.1500     0.6166     3.9016      120.3    30.0
20230623.1600     0.6001     3.9232      120.6    30.0
20230623.1700     0.5896     3.9154      120.7    30.0
20230623.1800     0.5843     3.8867      120.7    30.0
20230623.1900     0.5822     3.8508      120.8    30.0
20230623.2000     0.5839     3.8084      121.0    30.0
20230623.2100     0.5862     3.7727      121.1    30.0
20230623.2200     0.5905     3.7357      120.6    30.0
20230623.2300     0.6349     3.8513      120.2    30.0
20230624.0000     0.6208     3.8443      119.9    30.0
20230624.0100     0.6009     3.8540      119.8    30.0
20230624.0200     0.5816     3.8571      120.0    30.0
20230624.0300     0.5655     3.8491      120.2    30.0
20230624.0400     0.5524     3.8329      120.3    30.0
20230624.0500     0.5444     3.8004      120.5    30.0
20230624.0600     0.5424     3.7530      120.5    30.0
20230624.0700     0.5446     3.7047      120.4    30.0
20230624.0800     0.5473     3.6687      120.1    30.0
20230624.0900     0.5496     3.6437      120.0    30.0
20230624.1000     0.5402     3.6579      119.5    30.0
20230624.1100     0.5333     3.6631      119.1    30.0
20230624.1200     0.5282     3.6613      119.1    30.0
20230624.1300     0.5231     3.6611      119.1    30.0
20230624.1400     0.5192     3.6583      119.2    30.0
20230624.1500     0.5119     3.6726      119.4    30.0
20230624.1600     0.5027     3.6945      119.6    30.0
20230624.1700     0.4951     3.7067      119.8    30.0
20230624.1800     0.4896     3.7064      120.0    30.0
20230624.1900     0.4828     3.7150      119.9    30.0
20230624.2000     0.4757     3.7242      119.5    30.0
20230624.2100     0.4701     3.7239      118.8    30.0
20230624.2200     0.4623     3.7292      117.8    30.0
20230624.2300     0.4568     3.7297      117.3    30.0
20230625.0000     0.4530     3.7181      116.9    30.0
20230625.0100     0.4535     3.6834      116.5    30.0
20230625.0200     0.4596     3.6284      116.3    30.0
20230625.0300     0.4681     3.5799      116.4    30.0
20230625.0400     0.4767     3.5461      116.7    30.0
20230625.0500     0.4894     3.5105      117.1    30.0
20230625.0600     0.5048     3.4823      117.4    30.0
20230625.0700     0.5165     3.4784      117.3    30.0
20230625.0800     0.5213     3.4973      117.1    30.0
20230625.0900     0.5196     3.5287      117.1    30.0
20230625.1000     0.5073     3.5853      117.2    30.0
20230625.1100     0.4997     3.6166      117.2    30.0
20230625.1200     0.5003     3.6058      117.3    30.0
20230625.1300     0.5067     3.5797      117.2    30.0
20230625.1400     0.5112     3.5697      117.2    30.0
20230625.1500     0.5140     3.5693      117.2    30.0
20230625.1600     0.5173     3.5666      117.4    30.0
20230625.1700     0.5160     3.5811      117.5    30.0
20230625.1800     0.5066     3.6220      117.5    30.0
20230625.1900     0.4945     3.6678      117.5    30.0
20230625.2000     0.4841     3.6993      117.4    30.0
20230625.2100     0.4746     3.7236      117.3    30.0
20230625.2200     0.4602     3.7704      117.1    30.0
20230625.2300     0.4508     3.7910      117.0    30.0
20230626.0000     0.4419     3.8096      116.8    30.0
20230626.0100     0.4333     3.8241      116.8    30.0
20230626.0200     0.4259     3.8303      116.7    30.0
20230626.0300     0.4188     3.8354      116.8    30.0
20230626.0400     0.4114     3.8423      117.0    30.0
20230626.0500     0.4048     3.8418      117.3    30.0
20230626.0600     0.3994     3.8342      117.9    30.0
20230626.0700     0.3948     3.8191      118.5    30.0
20230626.0800     0.3909     3.8002      119.1    30.0
20230626.0900     0.3906     3.7554      120.5    30.0
20230626.1000     0.3816     3.7709      120.9    30.0
20230626.1100     0.3789     3.7459      121.0    30.0
20230626.1200     0.3797     3.6983      121.6    30.0
20230626.1300     0.3811     3.6504      122.2    30.0
20230626.1400     0.3823     3.6126      122.8    30.0
20230626.1500     0.3851     3.5695      123.4    30.0
20230626.1600     0.3883     3.5299      124.1    30.0
20230626.1700     0.3929     3.4862      124.7    30.0
20230626.1800     0.3961     3.4585      124.9    30.0
20230626.1900     0.3964     3.4479      124.7    30.0
20230626.2000     0.3985     3.4273      124.1    30.0
20230626.2100     0.4025     3.3966      123.5    30.0
20230626.2200     0.4049     3.3685      122.1    30.0
20230626.2300     0.4090     3.3436      121.5    30.0
20230627.0000     0.4089     3.3369      121.4    30.0
20230627.0100     0.4075     3.3314      121.4    30.0
20230627.0200     0.4127     3.2994      121.7    30.0
20230627.0300     0.4284     3.2487      122.2    30.0
20230627.0400     0.4507     3.2137      122.6    30.0
20230627.0500     0.4791     3.2001      122.7    30.0
20230627.0600     0.5103     3.2102      122.9    30.0
20230627.0700     0.5405     3.2413      123.1    30.0
20230627.0800     0.5698     3.2840      123.5    30.0
20230627.0900     0.5981     3.3327      123.8    30.0
20230627.1000     0.6142     3.3858      123.4    30.0
20230627.1100     0.6306     3.4306      123.1    30.0
20230627.1200     0.6410     3.4714      123.0    30.0
20230627.1300     0.6408     3.5099      123.0    30.0
20230627.1400     0.6304     3.5452      122.7    30.0
20230627.1500     0.6169     3.5689      122.1    30.0
20230627.1600     0.6110     3.5658      121.0    30.0
20230627.1700     0.6146     3.5481      119.7    30.0
20230627.1800     0.6206     3.5371      118.6    30.0
20230627.1900     0.6228     3.5384      117.7    30.0
20230627.2000     0.6274     3.5391      116.9    30.0
20230627.2100     0.6444     3.5348      116.0    30.0
20230627.2200     0.6722     3.5410      115.1    30.0
20230627.2300     0.7095     3.5703      114.4    30.0
20230628.0000     0.7580     3.6224      113.7    30.0
20230628.0100     0.8020     3.6969      113.3    30.0
20230628.0200     0.8354     3.7775      113.0    30.0
20230628.0300     0.8590     3.8529      112.9    30.0
20230628.0400     0.8693     3.9200      113.0    30.0
20230628.0500     0.8710     3.9723      113.3    30.0
20230628.0600     0.8723     4.0066      113.9    30.0
20230628.0700     0.8733     4.0285      114.7    30.0
20230628.0800     0.8743     4.0401      115.6    30.0
20230628.0900     0.8770     4.0444      116.3    30.0
20230628.1000     0.8606     4.0602      116.9    30.0
20230628.1100     0.8564     4.0516      117.7    30.0
20230628.1200     0.8673     4.0299      118.6    30.0
20230628.1300     0.8837     4.0199      119.3    30.0
20230628.1400     0.8944     4.0266      119.7    30.0
20230628.1500     0.8967     4.0418      119.8    30.0
20230628.1600     0.8958     4.0545      119.6    30.0
20230628.1700     0.8899     4.0664      119.3    30.0
20230628.1800     0.8720     4.0833      118.7    30.0
20230628.1900     0.8475     4.0973      118.0    30.0
20230628.2000     0.8260     4.0970      117.2    30.0
20230628.2100     0.8129     4.0783      116.6    30.0
20230628.2200     0.7987     4.0613      116.6    30.0
20230628.2300     0.7948     4.0291      117.2    30.0
20230629.0000     0.8006     3.9926      118.4    30.0
20230629.0100     0.8205     3.9589      120.1    30.0
20230629.0200     0.8560     3.9426      122.3    30.0
20230629.0300     0.8892     3.9613      123.8    30.0
20230629.0400     0.9118     3.9989      125.0    30.0
20230629.0500     0.9239     4.0405      125.9    30.0
20230629.0600     0.9283     4.0784      126.4    30.0
20230629.0700     0.9258     4.1108      126.3    30.0
20230629.0800     0.9151     4.1362      126.2    30.0
20230629.0900     0.8982     4.1522      126.4    30.0
20230629.1000     0.8657     4.1748      125.9    30.0
20230629.1100     0.8591     4.2148      125.5    30.0
20230629.1200     0.8268     4.2245      124.7    30.0
20230629.1300     0.7984     4.2178      123.8    30.0
20230629.1400     0.7801     4.1815      122.9    30.0
20230629.1500     0.7683     4.1332      122.1    30.0
20230629.1600     0.7504     4.1088      121.6    30.0
20230629.1700     0.7279     4.0995      121.0    30.0
20230629.1800     0.7078     4.0837      120.4    30.0
20230629.1900     0.6912     4.0580      119.9    30.0
20230629.2000     0.6773     4.0296      119.4    30.0
20230629.2100     0.6662     3.9977      118.9    30.0
20230629.2200     0.6685     3.9311      117.6    30.0
20230629.2300     0.6872     3.8511      116.0    30.0
20230630.0000     0.7158     3.7954      114.5    30.0
20230630.0100     0.7418     3.7826      113.8    30.0
20230630.0200     0.7693     3.7893      113.9    30.0
20230630.0300     0.8048     3.8126      114.3    30.0
20230630.0400     0.8348     3.8548      114.9    30.0
20230630.0500     0.8492     3.9035      115.5    30.0
20230630.0600     0.8536     3.9447      116.2    30.0
20230630.0700     0.8470     3.9782      117.0    30.0
20230630.0800     0.8394     3.9943      117.7    30.0
20230630.0900     0.8299     4.0008      118.5    30.0
20230630.1000     0.8083     4.0105      119.1    30.0
20230630.1100     0.7984     3.9925      120.1    30.0
20230630.1200     0.7902     3.9717      120.9    30.0
20230630.1300     0.7678     3.9740      121.0    30.0
20230630.1400     0.7412     3.9780      120.9    30.0
20230630.1500     0.7219     3.9591      121.0    30.0
20230630.1600     0.7103     3.9252      121.3    30.0
20230630.1700     0.7035     3.8874      121.6    30.0
20230630.1800     0.6962     3.8607      121.3    30.0
20230630.1900     0.6918     3.8347      120.5    30.0
20230630.2000     0.6852     3.8171      119.7    30.0
20230630.2100     0.6776     3.8035      119.2    30.0
20230630.2200     0.6818     3.7681      118.4    30.0
20230630.2300     0.7085     3.7729      117.4    30.0
