TPAR
20230501.0000     0.1854     2.8410       60.5    30.0
20230501.0100     0.1833     2.8878       63.2    30.0
20230501.0200     0.1828     2.9163       65.6    30.0
20230501.0300     0.2008     2.7586       56.8    30.0
20230501.0400     0.2123     2.7099       35.5    30.0
20230501.0500     0.2136     2.7292       15.1    30.0
20230501.0600     0.2134     2.7609      357.7    30.0
20230501.0700     0.2139     2.7785      340.2    30.0
20230501.0800     0.2171     2.7701      301.0    30.0
20230501.0900     0.2170     2.7944      253.0    30.0
20230501.1000     0.2136     2.8191      211.0    30.0
20230501.1100     0.2206     2.7972      204.2    30.0
20230501.1200     0.2237     2.7832      197.2    30.0
20230501.1300     0.2245     2.7939      191.3    30.0
20230501.1400     0.2240     2.8038      188.4    30.0
20230501.1500     0.2227     2.8200      186.7    30.0
20230501.1600     0.2191     2.8580      185.4    30.0
20230501.1700     0.2164     2.8883      184.2    30.0
20230501.1800     0.2136     2.9154      183.0    30.0
20230501.1900     0.2110     2.9375      181.8    30.0
20230501.2000     0.2092     2.9500      180.4    30.0
20230501.2100     0.2068     2.9645      179.1    30.0
20230501.2200     0.1880     3.0878      167.8    30.0
20230501.2300     0.1885     3.0651      165.1    30.0
20230502.0000     0.1876     3.0610      162.1    30.0
20230502.0100     0.1869     3.0567      159.2    30.0
20230502.0200     0.1871     3.0384      155.6    30.0
20230502.0300     0.1861     3.0335      152.6    30.0
20230502.0400     0.1849     3.0290      149.9    30.0
20230502.0500     0.1836     3.0264      147.3    30.0
20230502.0600     0.1825     3.0182      145.0    30.0
20230502.0700     0.1840     2.9771      143.6    30.0
20230502.0800     0.1997     2.7938      137.2    30.0
20230502.0900     0.2090     2.7374      125.6    30.0
20230502.1000     0.1945     2.7692      121.7    30.0
20230502.1100     0.1951     2.7674      121.6    30.0
20230502.1200     0.2103     2.7152      117.3    30.0
20230502.1300     0.2201     2.6903      115.9    30.0
20230502.1400     0.2253     2.6870      115.2    30.0
20230502.1500     0.2314     2.6846      113.6    30.0
20230502.1600     0.2352     2.7034      111.5    30.0
20230502.1700     0.2344     2.7414      110.0    30.0
20230502.1800     0.2354     2.7628      109.3    30.0
20230502.1900     0.2387     2.7648      108.5    30.0
20230502.2000     0.2410     2.7741      107.4    30.0
20230502.2100     0.2444     2.7745      106.1    30.0
20230502.2200     0.2389     2.7805      105.0    30.0
20230502.2300     0.2502     2.7471      103.5    30.0
20230503.0000     0.2642     2.7184      102.1    30.0
20230503.0100     0.2760     2.7127      101.5    30.0
20230503.0200     0.2913     2.7109      101.3    30.0
20230503.0300     0.2965     2.7456      101.5    30.0
20230503.0400     0.2907     2.8037      102.0    30.0
20230503.0500     0.2846     2.8489      102.4    30.0
20230503.0600     0.2814     2.8729      102.7    30.0
20230503.0700     0.2822     2.8792      102.8    30.0
20230503.0800     0.2845     2.8744      104.4    30.0
20230503.0900     0.2886     2.8665      107.3    30.0
20230503.1000     0.2817     2.9007      109.2    30.0
20230503.1100     0.2829     2.9146      110.4    30.0
20230503.1200     0.2811     2.9522      111.1    30.0
20230503.1300     0.2828     2.9709      111.7    30.0
20230503.1400     0.2866     2.9780      112.4    30.0
20230503.1500     0.2869     3.0144      113.0    30.0
20230503.1600     0.2838     3.0783      113.6    30.0
20230503.1700     0.2813     3.1421      114.2    30.0
20230503.1800     0.2796     3.2018      114.7    30.0
20230503.1900     0.2785     3.2591      115.1    30.0
20230503.2000     0.2778     3.3152      115.5    30.0
20230503.2100     0.2779     3.3669      115.8    30.0
20230503.2200     0.2804     3.3665      116.3    30.0
20230503.2300     0.2878     3.4112      116.6    30.0
20230504.0000     0.2925     3.4367      117.4    30.0
20230504.0100     0.2968     3.4667      118.1    30.0
20230504.0200     0.3004     3.5027      118.8    30.0
20230504.0300     0.3053     3.5261      119.6    30.0
20230504.0400     0.3084     3.5647      120.1    30.0
20230504.0500     0.3101     3.6176      120.5    30.0
20230504.0600     0.3117     3.6710      120.7    30.0
20230504.0700     0.3134     3.7176      121.0    30.0
20230504.0800     0.3154     3.7575      121.2    30.0
20230504.0900     0.3168     3.8002      121.4    30.0
20230504.1000     0.3082     3.9438      121.3    30.0
20230504.1100     0.3106     3.9735      121.1    30.0
20230504.1200     0.3121     4.0102      121.0    30.0
20230504.1300     0.3186     3.9750      120.7    30.0
20230504.1400     0.3223     3.9775      120.6    30.0
20230504.1500     0.3257     3.9856      120.8    30.0
20230504.1600     0.3300     3.9882      121.4    30.0
20230504.1700     0.3357     3.9657      122.3    30.0
20230504.1800     0.3451     3.9087      124.4    30.0
20230504.1900     0.3526     3.8751      126.2    30.0
20230504.2000     0.3591     3.8504      127.5    30.0
20230504.2100     0.3663     3.8227      129.0    30.0
20230504.2200     0.3644     3.8592      129.2    30.0
20230504.2300     0.3667     3.8706      128.8    30.0
20230505.0000     0.3705     3.8619      128.3    30.0
20230505.0100     0.3746     3.8493      127.6    30.0
20230505.0200     0.3790     3.8327      126.6    30.0
20230505.0300     0.3788     3.8509      125.9    30.0
20230505.0400     0.3763     3.8844      125.2    30.0
20230505.0500     0.3734     3.9200      124.7    30.0
20230505.0600     0.3697     3.9602      124.2    30.0
20230505.0700     0.3667     3.9925      123.8    30.0
20230505.0800     0.3639     4.0162      123.4    30.0
20230505.0900     0.3659     3.9832      123.7    30.0
20230505.1000     0.3617     3.9958      124.2    30.0
20230505.1100     0.3639     3.9621      124.4    30.0
20230505.1200     0.3635     3.9570      124.3    30.0
20230505.1300     0.3633     3.9482      124.3    30.0
20230505.1400     0.3617     3.9562      124.0    30.0
20230505.1500     0.3585     3.9849      123.6    30.0
20230505.1600     0.3546     4.0162      123.1    30.0
20230505.1700     0.3535     4.0172      123.0    30.0
20230505.1800     0.3523     4.0211      123.1    30.0
20230505.1900     0.3513     4.0255      122.9    30.0
20230505.2000     0.3504     4.0279      122.9    30.0
20230505.2100     0.3511     4.0110      123.2    30.0
20230505.2200     0.3502     4.0020      124.3    30.0
20230505.2300     0.3481     4.0138      124.0    30.0
20230506.0000     0.3473     4.0162      124.0    30.0
20230506.0100     0.3476     4.0067      124.1    30.0
20230506.0200     0.3520     3.9563      124.7    30.0
20230506.0300     0.3707     3.8008      128.2    30.0
20230506.0400     0.3913     3.6630      131.7    30.0
20230506.0500     0.3977     3.6478      133.1    30.0
20230506.0600     0.3954     3.6849      133.1    30.0
20230506.0700     0.3913     3.7235      132.6    30.0
20230506.0800     0.3882     3.7456      132.3    30.0
20230506.0900     0.3879     3.7413      132.4    30.0
20230506.1000     0.3819     3.7673      131.9    30.0
20230506.1100     0.3842     3.7395      132.3    30.0
20230506.1200     0.3880     3.7091      132.4    30.0
20230506.1300     0.3948     3.6596      132.2    30.0
20230506.1400     0.4044     3.5990      132.2    30.0
20230506.1500     0.4043     3.6115      131.7    30.0
20230506.1600     0.3977     3.6615      131.0    30.0
20230506.1700     0.3908     3.7047      130.5    30.0
20230506.1800     0.3848     3.7377      130.0    30.0
20230506.1900     0.3806     3.7521      129.7    30.0
20230506.2000     0.3784     3.7482      129.5    30.0
20230506.2100     0.3761     3.7428      129.3    30.0
20230506.2200     0.3680     3.7760      128.9    30.0
20230506.2300     0.3657     3.7710      128.7    30.0
20230507.0000     0.3656     3.7468      128.8    30.0
20230507.0100     0.3682     3.7038      129.4    30.0
20230507.0200     0.3699     3.6731      129.8    30.0
20230507.0300     0.3693     3.6645      130.1    30.0
20230507.0400     0.3695     3.6509      130.4    30.0
20230507.0500     0.3692     3.6417      130.6    30.0
20230507.0600     0.3660     3.6563      130.1    30.0
20230507.0700     0.3611     3.6855      129.4    30.0
20230507.0800     0.3580     3.6981      128.9    30.0
20230507.0900     0.3562     3.6983      128.8    30.0
20230507.1000     0.3478     3.7440      128.0    30.0
20230507.1100     0.3511     3.6854      129.0    30.0
20230507.1200     0.3518     3.6643      129.5    30.0
20230507.1300     0.3507     3.6542      129.4    30.0
20230507.1400     0.3497     3.6480      129.3    30.0
20230507.1500     0.3481     3.6455      129.1    30.0
20230507.1600     0.3505     3.6156      130.3    30.0
20230507.1700     0.3533     3.5868      131.3    30.0
20230507.1800     0.3564     3.5623      131.5    30.0
20230507.1900     0.3609     3.5279      130.2    30.0
20230507.2000     0.3709     3.4663      127.1    30.0
20230507.2100     0.3863     3.3899      124.0    30.0
20230507.2200     0.3841     3.4121      123.4    30.0
20230507.2300     0.3900     3.3918      124.0    30.0
20230508.0000     0.3954     3.3850      124.8    30.0
20230508.0100     0.3956     3.4026      125.9    30.0
20230508.0200     0.3944     3.4342      126.6    30.0
20230508.0300     0.3908     3.4893      127.5    30.0
20230508.0400     0.3893     3.5388      129.1    30.0
20230508.0500     0.3910     3.5778      131.3    30.0
20230508.0600     0.3923     3.6332      134.6    30.0
20230508.0700     0.3933     3.7076      139.1    30.0
20230508.0800     0.3961     3.7781      144.2    30.0
20230508.0900     0.3998     3.8446      149.7    30.0
20230508.1000     0.3966     3.9588      154.8    30.0
20230508.1100     0.4040     3.9860      160.2    30.0
20230508.1200     0.4144     3.9766      163.9    30.0
20230508.1300     0.4240     3.9686      166.6    30.0
20230508.1400     0.4324     3.9589      168.9    30.0
20230508.1500     0.4375     3.9621      170.7    30.0
20230508.1600     0.4406     3.9688      171.7    30.0
20230508.1700     0.4421     3.9725      172.0    30.0
20230508.1800     0.4414     3.9798      172.2    30.0
20230508.1900     0.4391     3.9870      172.0    30.0
20230508.2000     0.4361     3.9876      171.6    30.0
20230508.2100     0.4328     3.9823      170.9    30.0
20230508.2200     0.4245     3.9985      169.7    30.0
20230508.2300     0.4193     3.9960      168.2    30.0
20230509.0000     0.4145     3.9888      166.4    30.0
20230509.0100     0.4104     3.9722      164.5    30.0
20230509.0200     0.4076     3.9426      162.9    30.0
20230509.0300     0.4057     3.9062      161.9    30.0
20230509.0400     0.4027     3.8767      161.2    30.0
20230509.0500     0.3994     3.8530      160.5    30.0
20230509.0600     0.3931     3.8621      159.1    30.0
20230509.0700     0.3876     3.8614      157.1    30.0
20230509.0800     0.3869     3.8207      154.4    30.0
20230509.0900     0.3903     3.7546      149.9    30.0
20230509.1000     0.3825     3.7704      146.6    30.0
20230509.1100     0.4005     3.6235      141.8    30.0
20230509.1200     0.4422     3.4224      134.6    30.0
20230509.1300     0.5183     3.2835      126.0    30.0
20230509.1400     0.6210     3.2761      119.6    30.0
20230509.1500     0.7212     3.3831      115.3    30.0
20230509.1600     0.7693     3.5285      112.4    30.0
20230509.1700     0.7647     3.6630      110.8    30.0
20230509.1800     0.7501     3.7663      109.7    30.0
20230509.1900     0.7380     3.8420      108.7    30.0
20230509.2000     0.7246     3.9086      107.9    30.0
20230509.2100     0.7106     3.9699      107.3    30.0
20230509.2200     0.6934     4.0363      106.9    30.0
20230509.2300     0.6878     4.0572      106.3    30.0
20230510.0000     0.6929     4.0395      105.7    30.0
20230510.0100     0.7053     4.0141      105.3    30.0
20230510.0200     0.7291     3.9822      104.9    30.0
20230510.0300     0.7622     3.9613      104.1    30.0
20230510.0400     0.7951     3.9690      103.3    30.0
20230510.0500     0.8131     4.0071      102.7    30.0
20230510.0600     0.8125     4.0655      102.7    30.0
20230510.0700     0.7995     4.1338      103.2    30.0
20230510.0800     0.7841     4.1963      104.1    30.0
20230510.0900     0.7691     4.2487      105.0    30.0
20230510.1000     0.7529     4.2966      106.0    30.0
20230510.1100     0.7416     4.3158      106.9    30.0
20230510.1200     0.7322     4.3182      107.9    30.0
20230510.1300     0.7244     4.3086      109.0    30.0
20230510.1400     0.7190     4.2840      110.1    30.0
20230510.1500     0.7148     4.2522      111.0    30.0
20230510.1600     0.7103     4.2232      111.8    30.0
20230510.1700     0.7039     4.2031      112.8    30.0
20230510.1800     0.6922     4.2041      113.8    30.0
20230510.1900     0.6765     4.2200      114.6    30.0
20230510.2000     0.6659     4.2102      115.0    30.0
20230510.2100     0.6724     4.1345      114.6    30.0
20230510.2200     0.6786     4.0795      114.4    30.0
20230510.2300     0.6975     4.0649      114.2    30.0
20230511.0000     0.7192     4.0290      113.8    30.0
20230511.0100     0.7368     4.0241      113.2    30.0
20230511.0200     0.7414     4.0579      113.1    30.0
20230511.0300     0.7427     4.0941      113.2    30.0
20230511.0400     0.7433     4.1263      113.6    30.0
20230511.0500     0.7449     4.1503      113.9    30.0
20230511.0600     0.7472     4.1656      114.3    30.0
20230511.0700     0.7484     4.1775      114.5    30.0
20230511.0800     0.7513     4.1781      114.7    30.0
20230511.0900     0.7544     4.1743      115.0    30.0
20230511.1000     0.7567     4.1668      115.9    30.0
20230511.1100     0.7638     4.1476      116.7    30.0
20230511.1200     0.7870     4.1039      117.2    30.0
20230511.1300     0.8187     4.0755      117.7    30.0
20230511.1400     0.8588     4.0717      118.2    30.0
20230511.1500     0.8943     4.1009      118.5    30.0
20230511.1600     0.9178     4.1520      118.9    30.0
20230511.1700     0.9351     4.2065      119.2    30.0
20230511.1800     0.9493     4.2565      119.2    30.0
20230511.1900     0.9675     4.2960      119.0    30.0
20230511.2000     0.9806     4.3379      118.6    30.0
20230511.2100     0.9866     4.3798      118.2    30.0
20230511.2200     0.9725     4.4359      118.0    30.0
20230511.2300     0.9739     4.4473      117.5    30.0
20230512.0000     0.9802     4.4445      116.8    30.0
20230512.0100     0.9845     4.4423      115.9    30.0
20230512.0200     0.9904     4.4360      115.0    30.0
20230512.0300     0.9933     4.4330      114.2    30.0
20230512.0400     0.9984     4.4279      113.6    30.0
20230512.0500     1.0023     4.4271      113.1    30.0
20230512.0600     0.9967     4.4399      113.0    30.0
20230512.0700     0.9831     4.4588      113.2    30.0
20230512.0800     0.9712     4.4652      113.6    30.0
20230512.0900     0.9641     4.4578      114.2    30.0
20230512.1000     0.9413     4.4824      115.0    30.0
20230512.1100     0.9538     4.5321      115.9    30.0
20230512.1200     0.9459     4.5305      116.8    30.0
20230512.1300     0.9384     4.5350      117.5    30.0
20230512.1400     0.9334     4.5400      117.9    30.0
20230512.1500     0.9276     4.5551      118.2    30.0
20230512.1600     0.9172     4.5904      118.4    30.0
20230512.1700     0.9068     4.6287      118.6    30.0
20230512.1800     0.8988     4.6606      118.8    30.0
20230512.1900     0.8918     4.6916      119.0    30.0
20230512.2000     0.8851     4.7197      119.2    30.0
20230512.2100     0.8784     4.7457      119.5    30.0
20230512.2200     0.8702     4.7688      119.9    30.0
20230512.2300     0.8697     4.7558      120.2    30.0
20230513.0000     0.8680     4.7451      120.2    30.0
20230513.0100     0.8641     4.7384      120.2    30.0
20230513.0200     0.8599     4.7288      120.3    30.0
20230513.0300     0.8555     4.7142      120.1    30.0
20230513.0400     0.8560     4.6775      119.8    30.0
20230513.0500     0.8564     4.6423      119.7    30.0
20230513.0600     0.8474     4.6385      119.5    30.0
20230513.0700     0.8332     4.6486      119.4    30.0
20230513.0800     0.8164     4.6646      119.4    30.0
20230513.0900     0.8013     4.6723      119.3    30.0
20230513.1000     0.7770     4.7264      119.1    30.0
20230513.1100     0.7643     4.7175      119.0    30.0
20230513.1200     0.7605     4.6649      118.9    30.0
20230513.1300     0.7665     4.5766      118.8    30.0
20230513.1400     0.7818     4.4728      118.8    30.0
20230513.1500     0.7953     4.4040      118.8    30.0
20230513.1600     0.7967     4.3875      118.5    30.0
20230513.1700     0.7867     4.4092      118.2    30.0
20230513.1800     0.7730     4.4388      118.0    30.0
20230513.1900     0.7637     4.4456      118.0    30.0
20230513.2000     0.7661     4.4068      118.6    30.0
20230513.2100     0.7697     4.3720      119.0    30.0
20230513.2200     0.7593     4.3896      118.7    30.0
20230513.2300     0.7989     4.5122      118.8    30.0
20230514.0000     0.7955     4.5259      118.9    30.0
20230514.0100     0.7935     4.5422      118.9    30.0
20230514.0200     0.7882     4.5790      118.7    30.0
20230514.0300     0.7815     4.6246      118.4    30.0
20230514.0400     0.7791     4.6541      118.2    30.0
20230514.0500     0.7749     4.6951      118.0    30.0
20230514.0600     0.7722     4.7276      117.9    30.0
20230514.0700     0.7692     4.7589      117.9    30.0
20230514.0800     0.7673     4.7805      118.0    30.0
20230514.0900     0.7665     4.7898      117.9    30.0
20230514.1000     0.7577     4.8366      118.0    30.0
20230514.1100     0.7517     4.8610      118.2    30.0
20230514.1200     0.7473     4.8657      118.6    30.0
20230514.1300     0.7463     4.8400      119.1    30.0
20230514.1400     0.7525     4.7697      119.9    30.0
20230514.1500     0.7649     4.6727      121.0    30.0
20230514.1600     0.7791     4.5792      122.3    30.0
20230514.1700     0.7906     4.5078      123.2    30.0
20230514.1800     0.8046     4.4371      124.2    30.0
20230514.1900     0.8202     4.3735      124.9    30.0
20230514.2000     0.8358     4.3235      125.2    30.0
20230514.2100     0.8476     4.2939      124.9    30.0
20230514.2200     0.8508     4.2828      123.8    30.0
20230514.2300     0.8542     4.2724      122.7    30.0
20230515.0000     0.8557     4.2644      121.9    30.0
20230515.0100     0.8540     4.2600      121.5    30.0
20230515.0200     0.8501     4.2564      121.1    30.0
20230515.0300     0.8401     4.2602      120.5    30.0
20230515.0400     0.8263     4.2646      119.8    30.0
20230515.0500     0.8137     4.2564      118.8    30.0
20230515.0600     0.8018     4.2406      117.6    30.0
20230515.0700     0.7890     4.2254      116.6    30.0
20230515.0800     0.7718     4.2239      116.2    30.0
20230515.0900     0.7542     4.2203      116.1    30.0
20230515.1000     0.7430     4.1915      115.9    30.0
20230515.1100     0.8163     4.3805      115.9    30.0
20230515.1200     0.8000     4.3686      116.4    30.0
20230515.1300     0.7846     4.3502      116.8    30.0
20230515.1400     0.7722     4.3204      117.1    30.0
20230515.1500     0.7591     4.2926      117.5    30.0
20230515.1600     0.7442     4.2706      118.1    30.0
20230515.1700     0.7291     4.2462      119.0    30.0
20230515.1800     0.7174     4.2063      120.4    30.0
20230515.1900     0.7091     4.1571      121.5    30.0
20230515.2000     0.7021     4.1102      122.1    30.0
20230515.2100     0.6918     4.0744      122.1    30.0
20230515.2200     0.6613     4.1123      121.6    30.0
20230515.2300     0.6405     4.1049      121.0    30.0
20230516.0000     0.6242     4.0825      120.3    30.0
20230516.0100     0.6090     4.0619      119.7    30.0
20230516.0200     0.5950     4.0400      119.2    30.0
20230516.0300     0.5838     4.0108      118.8    30.0
20230516.0400     0.5749     3.9764      118.3    30.0
20230516.0500     0.5685     3.9368      117.8    30.0
20230516.0600     0.5635     3.8976      117.2    30.0
20230516.0700     0.5568     3.8720      116.9    30.0
20230516.0800     0.5482     3.8593      116.9    30.0
20230516.0900     0.5384     3.8528      117.1    30.0
20230516.1000     0.5207     3.8891      117.0    30.0
20230516.1100     0.5082     3.9020      117.1    30.0
20230516.1200     0.4998     3.8908      117.5    30.0
20230516.1300     0.4939     3.8682      117.8    30.0
20230516.1400     0.4882     3.8486      118.2    30.0
20230516.1500     0.4824     3.8361      118.5    30.0
20230516.1600     0.4784     3.8132      118.8    30.0
20230516.1700     0.4777     3.7769      118.9    30.0
20230516.1800     0.4771     3.7448      118.7    30.0
20230516.1900     0.4774     3.7148      118.2    30.0
20230516.2000     0.4808     3.6717      117.3    30.0
20230516.2100     0.4914     3.6093      116.2    30.0
20230516.2200     0.4902     3.6014      115.6    30.0
20230516.2300     0.5143     3.6403      115.2    30.0
20230517.0000     0.5313     3.5949      114.8    30.0
20230517.0100     0.5506     3.5666      114.3    30.0
20230517.0200     0.5726     3.5504      113.9    30.0
20230517.0300     0.5928     3.5525      113.6    30.0
20230517.0400     0.6077     3.5702      113.3    30.0
20230517.0500     0.6140     3.6014      112.9    30.0
20230517.0600     0.6119     3.6389      112.7    30.0
20230517.0700     0.6096     3.6634      112.9    30.0
20230517.0800     0.6093     3.6746      113.3    30.0
20230517.0900     0.6094     3.6804      113.7    30.0
20230517.1000     0.5994     3.7039      113.8    30.0
20230517.1100     0.5921     3.7154      114.2    30.0
20230517.1200     0.5829     3.7278      114.5    30.0
20230517.1300     0.5795     3.7162      114.5    30.0
20230517.1400     0.5863     3.6772      114.4    30.0
20230517.1500     0.5904     3.6599      114.4    30.0
20230517.1600     0.5862     3.6698      114.5    30.0
20230517.1700     0.5807     3.6778      114.6    30.0
20230517.1800     0.5718     3.6937      114.8    30.0
20230517.1900     0.5599     3.7151      115.2    30.0
20230517.2000     0.5521     3.7121      115.5    30.0
20230517.2100     0.5471     3.6987      115.4    30.0
20230517.2200     0.5383     3.6962      115.4    30.0
20230517.2300     0.5334     3.6823      115.5    30.0
20230518.0000     0.5269     3.6757      115.8    30.0
20230518.0100     0.5262     3.6461      116.3    30.0
20230518.0200     0.5263     3.6248      116.5    30.0
20230518.0300     0.5187     3.6412      116.3    30.0
20230518.0400     0.5060     3.6815      116.1    30.0
20230518.0500     0.4920     3.7290      115.8    30.0
20230518.0600     0.4793     3.7690      115.6    30.0
20230518.0700     0.4685     3.7977      115.4    30.0
20230518.0800     0.4608     3.8048      115.6    30.0
20230518.0900     0.4565     3.7874      116.2    30.0
20230518.1000     0.4454     3.8165      116.4    30.0
20230518.1100     0.5057     4.0496      117.4    30.0
20230518.1200     0.4993     3.9750      118.7    30.0
20230518.1300     0.5001     3.8695      120.5    30.0
20230518.1400     0.5068     3.7615      122.2    30.0
20230518.1500     0.5144     3.6809      123.5    30.0
20230518.1600     0.5119     3.6654      123.9    30.0
20230518.1700     0.5028     3.6779      123.8    30.0
20230518.1800     0.4946     3.6831      123.6    30.0
20230518.1900     0.4845     3.6996      123.1    30.0
20230518.2000     0.4756     3.7079      122.1    30.0
20230518.2100     0.4684     3.7063      120.7    30.0
20230518.2200     0.4595     3.7057      119.4    30.0
20230518.2300     0.4555     3.6840      118.3    30.0
20230519.0000     0.4459     3.7031      118.0    30.0
20230519.0100     0.4388     3.7058      117.8    30.0
20230519.0200     0.4333     3.6993      117.5    30.0
20230519.0300     0.4283     3.6929      117.2    30.0
20230519.0400     0.4252     3.6766      116.9    30.0
20230519.0500     0.4254     3.6437      116.7    30.0
20230519.0600     0.4271     3.6085      116.8    30.0
20230519.0700     0.4259     3.5984      117.4    30.0
20230519.0800     0.4250     3.5865      118.1    30.0
20230519.0900     0.4306     3.5426      118.7    30.0
20230519.1000     0.4209     3.5884      118.7    30.0
20230519.1100     0.4179     3.5982      118.8    30.0
20230519.1200     0.4164     3.6006      118.9    30.0
20230519.1300     0.4179     3.5853      118.8    30.0
20230519.1400     0.4264     3.5345      118.4    30.0
20230519.1500     0.4359     3.4960      117.9    30.0
20230519.1600     0.4460     3.4664      117.1    30.0
20230519.1700     0.4615     3.4277      115.8    30.0
20230519.1800     0.4745     3.4186      114.9    30.0
20230519.1900     0.4796     3.4428      114.1    30.0
20230519.2000     0.4806     3.4715      113.3    30.0
20230519.2100     0.4762     3.5182      113.1    30.0
20230519.2200     0.4690     3.5583      112.8    30.0
20230519.2300     0.6197     4.1199      112.4    30.0
20230520.0000     0.6059     4.0751      112.3    30.0
20230520.0100     0.5998     4.0093      112.2    30.0
20230520.0200     0.6085     3.9044      111.9    30.0
20230520.0300     0.6241     3.8147      111.3    30.0
20230520.0400     0.6329     3.7728      110.7    30.0
20230520.0500     0.6299     3.7688      110.5    30.0
20230520.0600     0.6194     3.7804      110.7    30.0
20230520.0700     0.6086     3.7846      111.3    30.0
20230520.0800     0.6013     3.7744      112.1    30.0
20230520.0900     0.5975     3.7560      112.9    30.0
20230520.1000     0.5855     3.7677      113.6    30.0
20230520.1100     0.5863     3.7403      114.4    30.0
20230520.1200     0.5935     3.7087      115.1    30.0
20230520.1300     0.6009     3.6930      115.4    30.0
20230520.1400     0.6092     3.6871      115.7    30.0
20230520.1500     0.6150     3.6945      115.5    30.0
20230520.1600     0.6155     3.7177      115.2    30.0
20230520.1700     0.6120     3.7470      115.2    30.0
20230520.1800     0.6067     3.7757      115.2    30.0
20230520.1900     0.5955     3.8210      115.2    30.0
20230520.2000     0.5848     3.8555      115.2    30.0
20230520.2100     0.5847     3.8405      115.3    30.0
20230520.2200     0.5921     3.7970      114.5    30.0
20230520.2300     0.6097     3.7438      113.7    30.0
20230521.0000     0.6275     3.7104      112.6    30.0
20230521.0100     0.6478     3.6912      111.7    30.0
20230521.0200     0.6702     3.6885      111.4    30.0
20230521.0300     0.6933     3.7030      111.3    30.0
20230521.0400     0.7063     3.7358      111.2    30.0
20230521.0500     0.7128     3.7707      111.4    30.0
20230521.0600     0.7168     3.8000      111.9    30.0
20230521.0700     0.7143     3.8299      112.5    30.0
20230521.0800     0.7091     3.8523      113.0    30.0
20230521.0900     0.7016     3.8727      113.4    30.0
20230521.1000     0.6867     3.9067      113.3    30.0
20230521.1100     0.7086     4.0536      113.6    30.0
20230521.1200     0.6907     4.0715      114.0    30.0
20230521.1300     0.6798     4.0638      114.6    30.0
20230521.1400     0.6796     4.0234      115.5    30.0
20230521.1500     0.6878     3.9736      116.5    30.0
20230521.1600     0.6920     3.9516      117.4    30.0
20230521.1700     0.6919     3.9495      117.9    30.0
20230521.1800     0.6917     3.9503      118.1    30.0
20230521.1900     0.6920     3.9515      118.1    30.0
20230521.2000     0.6952     3.9472      118.1    30.0
20230521.2100     0.6994     3.9467      118.1    30.0
20230521.2200     0.6951     3.9636      117.6    30.0
20230521.2300     0.6922     3.9763      117.1    30.0
20230522.0000     0.6946     3.9722      116.5    30.0
20230522.0100     0.7014     3.9593      116.1    30.0
20230522.0200     0.7157     3.9374      115.6    30.0
20230522.0300     0.7410     3.9140      115.2    30.0
20230522.0400     0.7734     3.9093      115.1    30.0
20230522.0500     0.8099     3.9265      115.4    30.0
20230522.0600     0.8473     3.9634      115.8    30.0
20230522.0700     0.8849     4.0134      116.3    30.0
20230522.0800     0.9089     4.0762      116.7    30.0
20230522.0900     0.9175     4.1369      116.9    30.0
20230522.1000     0.8820     4.2390      116.8    30.0
20230522.1100     0.8592     4.2877      116.9    30.0
20230522.1200     0.8454     4.2955      117.2    30.0
20230522.1300     0.8323     4.2972      117.2    30.0
20230522.1400     0.8168     4.3028      116.9    30.0
20230522.1500     0.7976     4.3187      116.6    30.0
20230522.1600     0.7790     4.3293      116.3    30.0
20230522.1700     0.7648     4.3218      116.1    30.0
20230522.1800     0.7533     4.3064      116.0    30.0
20230522.1900     0.7400     4.3018      115.8    30.0
20230522.2000     0.7259     4.3017      115.6    30.0
20230522.2100     0.7144     4.2898      115.6    30.0
20230522.2200     0.7056     4.2643      115.4    30.0
20230522.2300     0.7837     4.4951      115.0    30.0
20230523.0000     0.7628     4.4818      114.8    30.0
20230523.0100     0.7432     4.4693      114.5    30.0
20230523.0200     0.7260     4.4495      114.2    30.0
20230523.0300     0.7137     4.4102      113.9    30.0
20230523.0400     0.7001     4.3814      113.8    30.0
20230523.0500     0.6853     4.3652      113.9    30.0
20230523.0600     0.6683     4.3617      114.1    30.0
20230523.0700     0.6555     4.3379      114.5    30.0
20230523.0800     0.6452     4.3067      114.9    30.0
20230523.0900     0.6369     4.2696      115.6    30.0
20230523.1000     0.6236     4.2598      115.9    30.0
20230523.1100     0.6222     4.1954      116.9    30.0
20230523.1200     0.6356     4.0801      118.9    30.0
20230523.1300     0.6551     3.9823      121.0    30.0
20230523.1400     0.6706     3.9335      122.1    30.0
20230523.1500     0.6740     3.9334      122.2    30.0
20230523.1600     0.6732     3.9401      122.0    30.0
20230523.1700     0.6753     3.9348      121.7    30.0
20230523.1800     0.6763     3.9325      121.2    30.0
20230523.1900     0.6720     3.9422      120.4    30.0
20230523.2000     0.6650     3.9549      119.5    30.0
20230523.2100     0.6590     3.9597      118.8    30.0
20230523.2200     0.6513     3.9623      117.9    30.0
20230523.2300     0.6451     3.9638      117.2    30.0
20230524.0000     0.6365     3.9717      116.9    30.0
20230524.0100     0.6340     3.9540      116.4    30.0
20230524.0200     0.6379     3.9188      115.6    30.0
20230524.0300     0.6393     3.8997      114.9    30.0
20230524.0400     0.6394     3.8878      114.3    30.0
20230524.0500     0.6438     3.8660      113.8    30.0
20230524.0600     0.6534     3.8387      113.6    30.0
20230524.0700     0.6618     3.8235      113.6    30.0
20230524.0800     0.6674     3.8198      114.0    30.0
20230524.0900     0.6725     3.8172      114.9    30.0
20230524.1000     0.6763     3.8116      116.4    30.0
20230524.1100     0.6863     3.8045      117.8    30.0
20230524.1200     0.6928     3.8082      118.5    30.0
20230524.1300     0.6980     3.8180      118.9    30.0
20230524.1400     0.7037     3.8294      118.9    30.0
20230524.1500     0.7067     3.8458      118.6    30.0
20230524.1600     0.7072     3.8641      118.4    30.0
20230524.1700     0.7056     3.8833      118.0    30.0
20230524.1800     0.7020     3.9035      117.3    30.0
20230524.1900     0.6997     3.9138      116.5    30.0
20230524.2000     0.7072     3.9012      115.7    30.0
20230524.2100     0.7206     3.8859      115.2    30.0
20230524.2200     0.7386     3.8714      115.1    30.0
20230524.2300     0.7423     3.8857      115.2    30.0
20230525.0000     0.7325     3.9135      115.4    30.0
20230525.0100     0.7215     3.9301      115.5    30.0
20230525.0200     0.7222     3.9163      116.0    30.0
20230525.0300     0.7332     3.8918      116.8    30.0
20230525.0400     0.7529     3.8738      117.4    30.0
20230525.0500     0.7783     3.8715      117.8    30.0
20230525.0600     0.8100     3.8877      117.6    30.0
20230525.0700     0.8352     3.9274      117.3    30.0
20230525.0800     0.8580     3.9743      117.6    30.0
20230525.0900     0.8853     4.0216      118.4    30.0
20230525.1000     0.8974     4.0801      118.7    30.0
20230525.1100     0.9258     4.1601      119.3    30.0
20230525.1200     0.9344     4.2086      119.9    30.0
20230525.1300     0.9396     4.2501      119.6    30.0
20230525.1400     0.9571     4.2676      118.9    30.0
20230525.1500     0.9780     4.2808      117.8    30.0
20230525.1600     0.9885     4.3033      116.6    30.0
20230525.1700     0.9828     4.3334      115.8    30.0
20230525.1800     0.9588     4.3722      115.4    30.0
20230525.1900     0.9296     4.4042      115.0    30.0
20230525.2000     0.9063     4.4117      114.8    30.0
20230525.2100     0.8853     4.4096      114.7    30.0
20230525.2200     0.8729     4.3810      113.9    30.0
20230525.2300     0.9035     4.4061      113.4    30.0
20230526.0000     0.9023     4.3654      113.2    30.0
20230526.0100     0.9083     4.3269      113.0    30.0
20230526.0200     0.9202     4.2960      112.8    30.0
20230526.0300     0.9281     4.2896      112.5    30.0
20230526.0400     0.9313     4.2981      112.5    30.0
20230526.0500     0.9328     4.3115      112.6    30.0
20230526.0600     0.9338     4.3258      112.7    30.0
20230526.0700     0.9354     4.3384      113.0    30.0
20230526.0800     0.9400     4.3445      113.2    30.0
20230526.0900     0.9446     4.3502      113.8    30.0
20230526.1000     0.9305     4.3847      113.8    30.0
20230526.1100     0.9199     4.4007      113.8    30.0
20230526.1200     0.9144     4.4001      114.0    30.0
20230526.1300     0.9088     4.3986      114.1    30.0
20230526.1400     0.9070     4.3860      114.3    30.0
20230526.1500     0.9175     4.3532      114.3    30.0
20230526.1600     0.9263     4.3344      114.1    30.0
20230526.1700     0.9324     4.3255      113.6    30.0
20230526.1800     0.9361     4.3206      113.0    30.0
20230526.1900     0.9321     4.3242      112.7    30.0
20230526.2000     0.9207     4.3299      112.6    30.0
20230526.2100     0.9033     4.3359      112.7    30.0
20230526.2200     0.8787     4.3448      112.4    30.0
20230526.2300     0.9264     4.5121      112.5    30.0
20230527.0000     0.9139     4.5175      113.0    30.0
20230527.0100     0.9106     4.4966      113.4    30.0
20230527.0200     0.8978     4.5069      113.2    30.0
20230527.0300     0.8789     4.5372      113.1    30.0
20230527.0400     0.8604     4.5668      113.4    30.0
20230527.0500     0.8445     4.5902      113.9    30.0
20230527.0600     0.8351     4.5938      114.5    30.0
20230527.0700     0.8333     4.5770      115.2    30.0
20230527.0800     0.8389     4.5463      115.9    30.0
20230527.0900     0.8518     4.5094      116.5    30.0
20230527.1000     0.8607     4.5019      116.8    30.0
20230527.1100     0.8737     4.4928      117.2    30.0
20230527.1200     0.8934     4.4760      117.7    30.0
20230527.1300     0.9142     4.4700      117.8    30.0
20230527.1400     0.9261     4.4903      117.5    30.0
20230527.1500     0.9177     4.5543      117.1    30.0
20230527.1600     0.9007     4.6298      116.8    30.0
20230527.1700     0.8912     4.6662      116.5    30.0
20230527.1800     0.8933     4.6550      116.6    30.0
20230527.1900     0.8977     4.6333      117.0    30.0
20230527.2000     0.8972     4.6255      117.2    30.0
20230527.2100     0.8904     4.6316      116.9    30.0
20230527.2200     0.8726     4.6611      116.0    30.0
20230527.2300     0.8658     4.6416      115.1    30.0
20230528.0000     0.8661     4.5966      114.2    30.0
20230528.0100     0.8621     4.5689      113.6    30.0
20230528.0200     0.8527     4.5588      113.4    30.0
20230528.0300     0.8462     4.5353      113.5    30.0
20230528.0400     0.8412     4.5090      114.0    30.0
20230528.0500     0.8353     4.4870      114.4    30.0
20230528.0600     0.8257     4.4791      114.7    30.0
20230528.0700     0.8143     4.4773      114.9    30.0
20230528.0800     0.8042     4.4693      115.1    30.0
20230528.0900     0.8033     4.4304      115.5    30.0
20230528.1000     0.8178     4.3535      116.6    30.0
20230528.1100     0.8629     4.3835      117.7    30.0
20230528.1200     0.8613     4.3964      118.2    30.0
20230528.1300     0.8567     4.4167      118.5    30.0
20230528.1400     0.8572     4.4244      118.8    30.0
20230528.1500     0.8522     4.4526      118.8    30.0
20230528.1600     0.8414     4.5002      118.6    30.0
20230528.1700     0.8295     4.5474      118.2    30.0
20230528.1800     0.8233     4.5680      118.0    30.0
20230528.1900     0.8176     4.5833      117.9    30.0
20230528.2000     0.8140     4.5843      117.9    30.0
20230528.2100     0.8127     4.5725      117.9    30.0
20230528.2200     0.8083     4.5665      117.4    30.0
20230528.2300     0.8070     4.5448      117.2    30.0
20230529.0000     0.8040     4.5271      117.0    30.0
20230529.0100     0.7936     4.5329      116.6    30.0
20230529.0200     0.7835     4.5291      116.1    30.0
20230529.0300     0.7806     4.4918      115.8    30.0
20230529.0400     0.7823     4.4395      115.6    30.0
20230529.0500     0.7860     4.3893      115.5    30.0
20230529.0600     0.7893     4.3494      115.4    30.0
20230529.0700     0.7934     4.3139      115.5    30.0
20230529.0800     0.7958     4.2902      115.7    30.0
20230529.0900     0.7987     4.2683      116.3    30.0
20230529.1000     0.8041     4.2436      116.4    30.0
20230529.1100     0.8076     4.2300      116.8    30.0
20230529.1200     0.8027     4.2396      117.3    30.0
20230529.1300     0.7958     4.2518      117.5    30.0
20230529.1400     0.7837     4.2761      117.5    30.0
20230529.1500     0.7706     4.2993      117.3    30.0
20230529.1600     0.7614     4.3071      117.0    30.0
20230529.1700     0.7550     4.3049      116.7    30.0
20230529.1800     0.7503     4.2994      116.4    30.0
20230529.1900     0.7473     4.2946      116.0    30.0
20230529.2000     0.7508     4.2719      115.6    30.0
20230529.2100     0.7598     4.2401      115.0    30.0
20230529.2200     0.7739     4.2046      114.4    30.0
20230529.2300     0.7988     4.1927      114.0    30.0
20230530.0000     0.8118     4.1908      113.6    30.0
20230530.0100     0.8175     4.2025      112.9    30.0
20230530.0200     0.8111     4.2324      112.1    30.0
20230530.0300     0.7981     4.2673      111.6    30.0
20230530.0400     0.7791     4.3134      111.5    30.0
20230530.0500     0.7631     4.3384      111.6    30.0
20230530.0600     0.7557     4.3265      111.8    30.0
20230530.0700     0.7575     4.2846      112.5    30.0
20230530.0800     0.7664     4.2321      113.8    30.0
20230530.0900     0.7783     4.1902      115.2    30.0
20230530.1000     0.7690     4.2168      115.9    30.0
20230530.1100     0.7677     4.2135      117.1    30.0
20230530.1200     0.7692     4.2049      118.4    30.0
20230530.1300     0.7694     4.2066      119.2    30.0
20230530.1400     0.7684     4.2145      119.8    30.0
20230530.1500     0.7633     4.2377      120.1    30.0
20230530.1600     0.7532     4.2734      120.2    30.0
20230530.1700     0.7392     4.3194      120.0    30.0
20230530.1800     0.7240     4.3675      119.7    30.0
20230530.1900     0.7150     4.3784      119.7    30.0
20230530.2000     0.7114     4.3640      119.9    30.0
20230530.2100     0.7110     4.3358      119.9    30.0
20230530.2200     0.7110     4.3050      119.6    30.0
20230530.2300     0.7252     4.2288      119.8    30.0
20230531.0000     0.7452     4.1579      120.1    30.0
20230531.0100     0.7686     4.1038      120.6    30.0
20230531.0200     0.7872     4.0816      120.9    30.0
20230531.0300     0.7938     4.0918      120.9    30.0
20230531.0400     0.7944     4.1087      120.9    30.0
20230531.0500     0.7989     4.1124      121.1    30.0
20230531.0600     0.8072     4.1084      121.7    30.0
20230531.0700     0.8141     4.1099      122.3    30.0
20230531.0800     0.8212     4.1138      123.1    30.0
20230531.0900     0.8331     4.1117      124.2    30.0
20230531.1000     0.8323     4.1342      124.6    30.0
20230531.1100     0.8587     4.2193      125.0    30.0
20230531.1200     0.8645     4.2280      125.2    30.0
20230531.1300     0.8848     4.2167      125.6    30.0
20230531.1400     0.9060     4.2161      125.5    30.0
20230531.1500     0.9213     4.2284      125.0    30.0
20230531.1600     0.9260     4.2501      124.2    30.0
20230531.1700     0.9240     4.2715      123.4    30.0
20230531.1800     0.9162     4.2928      122.7    30.0
20230531.1900     0.9112     4.3016      121.9    30.0
20230531.2000     0.9087     4.3043      121.1    30.0
20230531.2100     0.9064     4.3058      120.4    30.0
20230531.2200     0.8962     4.3171      119.4    30.0
20230531.2300     0.8963     4.3065      118.6    30.0
20230601.0000     0.9026     4.2903      117.9    30.0
20230601.0100     0.9158     4.2729      117.0    30.0
20230601.0200     0.9383     4.2606      116.2    30.0
20230601.0300     0.9498     4.2778      115.7    30.0
20230601.0400     0.9499     4.3116      115.6    30.0
20230601.0500     0.9528     4.3344      115.6    30.0
20230601.0600     0.9642     4.3445      115.8    30.0
20230601.0700     0.9731     4.3607      116.0    30.0
20230601.0800     0.9756     4.3827      116.2    30.0
20230601.0900     0.9730     4.4040      116.6    30.0
20230601.1000     0.9558     4.4386      116.9    30.0
20230601.1100     0.9445     4.4498      117.4    30.0
20230601.1200     0.9303     4.4601      117.8    30.0
20230601.1300     0.9156     4.4653      118.0    30.0
20230601.1400     0.9009     4.4652      118.0    30.0
20230601.1500     0.8810     4.4752      117.8    30.0
20230601.1600     0.8602     4.4830      117.6    30.0
20230601.1700     0.8455     4.4678      117.4    30.0
20230601.1800     0.8402     4.4243      117.4    30.0
20230601.1900     0.8451     4.3602      117.5    30.0
20230601.2000     0.8575     4.2975      117.6    30.0
20230601.2100     0.8755     4.2487      117.7    30.0
20230601.2200     0.8775     4.2427      117.2    30.0
20230601.2300     0.9174     4.2942      116.9    30.0
20230602.0000     0.9338     4.2827      117.1    30.0
20230602.0100     0.9582     4.2735      117.6    30.0
20230602.0200     0.9981     4.2723      118.1    30.0
20230602.0300     1.0345     4.3005      118.1    30.0
20230602.0400     1.0552     4.3493      117.9    30.0
20230602.0500     1.0639     4.4017      117.6    30.0
20230602.0600     1.0632     4.4496      117.0    30.0
20230602.0700     1.0531     4.4929      116.5    30.0
20230602.0800     1.0399     4.5224      116.0    30.0
20230602.0900     1.0284     4.5352      115.7    30.0
20230602.1000     1.0098     4.5487      115.2    30.0
20230602.1100     0.9982     4.5392      115.1    30.0
20230602.1200     0.9920     4.5170      115.1    30.0
20230602.1300     0.9904     4.4912      114.7    30.0
20230602.1400     1.0009     4.4564      114.0    30.0
20230602.1500     1.0161     4.4349      113.1    30.0
20230602.1600     1.0286     4.4341      112.2    30.0
20230602.1700     1.0326     4.4492      111.8    30.0
20230602.1800     1.0329     4.4653      111.7    30.0
20230602.1900     1.0275     4.4820      111.7    30.0
20230602.2000     1.0172     4.4987      111.8    30.0
20230602.2100     1.0057     4.5091      112.0    30.0
20230602.2200     0.9895     4.5208      112.0    30.0
20230602.2300     0.9741     4.5262      112.0    30.0
20230603.0000     0.9681     4.5077      111.9    30.0
20230603.0100     0.9710     4.4765      112.0    30.0
20230603.0200     0.9772     4.4475      112.1    30.0
20230603.0300     0.9847     4.4265      112.0    30.0
20230603.0400     0.9840     4.4253      111.8    30.0
20230603.0500     0.9759     4.4362      111.9    30.0
20230603.0600     0.9647     4.4476      111.9    30.0
20230603.0700     0.9513     4.4597      112.0    30.0
20230603.0800     0.9402     4.4607      112.1    30.0
20230603.0900     0.9284     4.4607      112.4    30.0
20230603.1000     0.8988     4.5056      112.6    30.0
20230603.1100     1.0766     5.0210      112.9    30.0
20230603.1200     1.0300     5.0017      113.2    30.0
20230603.1300     0.9949     4.9579      113.6    30.0
20230603.1400     0.9673     4.9010      114.1    30.0
20230603.1500     0.9474     4.8306      114.7    30.0
20230603.1600     0.9327     4.7568      115.0    30.0
20230603.1700     0.9171     4.6989      115.1    30.0
20230603.1800     0.8961     4.6697      115.1    30.0
20230603.1900     0.8709     4.6605      115.0    30.0
20230603.2000     0.8439     4.6623      115.0    30.0
20230603.2100     0.8203     4.6541      115.1    30.0
20230603.2200     0.7982     4.6387      115.1    30.0
20230603.2300     0.7889     4.5728      114.9    30.0
20230604.0000     0.7831     4.5039      114.8    30.0
20230604.0100     0.7852     4.4167      114.9    30.0
20230604.0200     0.8020     4.3076      114.9    30.0
20230604.0300     0.8108     4.2516      114.8    30.0
20230604.0400     0.8108     4.2325      114.6    30.0
20230604.0500     0.8116     4.2174      114.2    30.0
20230604.0600     0.8053     4.2244      113.9    30.0
20230604.0700     0.7924     4.2471      113.7    30.0
20230604.0800     0.7775     4.2706      113.8    30.0
20230604.0900     0.7607     4.2981      114.2    30.0
20230604.1000     0.7494     4.2943      115.3    30.0
20230604.1100     0.7403     4.2877      115.9    30.0
20230604.1200     0.7321     4.2779      116.3    30.0
20230604.1300     0.7226     4.2732      116.3    30.0
20230604.1400     0.7126     4.2681      116.0    30.0
20230604.1500     0.7006     4.2700      115.6    30.0
20230604.1600     0.6905     4.2600      115.1    30.0
20230604.1700     0.6820     4.2429      114.8    30.0
20230604.1800     0.6718     4.2331      114.5    30.0
20230604.1900     0.6587     4.2352      114.3    30.0
20230604.2000     0.6447     4.2405      114.2    30.0
20230604.2100     0.6307     4.2429      114.2    30.0
20230604.2200     0.6103     4.2834      114.0    30.0
20230604.2300     0.6932     4.6318      113.9    30.0
20230605.0000     0.6771     4.6184      113.9    30.0
20230605.0100     0.6692     4.5465      114.1    30.0
20230605.0200     0.6717     4.4198      114.6    30.0
20230605.0300     0.6891     4.2551      115.6    30.0
20230605.0400     0.7173     4.1082      116.3    30.0
20230605.0500     0.7506     4.0113      116.8    30.0
20230605.0600     0.7774     3.9777      117.2    30.0
20230605.0700     0.7920     3.9874      117.8    30.0
20230605.0800     0.7939     4.0179      118.2    30.0
20230605.0900     0.7925     4.0426      118.4    30.0
20230605.1000     0.7797     4.0769      117.3    30.0
20230605.1100     0.7789     4.0696      116.2    30.0
20230605.1200     0.7924     4.0372      115.3    30.0
20230605.1300     0.8039     4.0205      114.6    30.0
20230605.1400     0.8036     4.0245      113.9    30.0
20230605.1500     0.7969     4.0335      113.1    30.0
20230605.1600     0.7872     4.0437      112.4    30.0
20230605.1700     0.7804     4.0454      111.9    30.0
20230605.1800     0.7693     4.0577      111.4    30.0
20230605.1900     0.7551     4.0736      110.8    30.0
20230605.2000     0.7453     4.0732      110.1    30.0
20230605.2100     0.7378     4.0656      109.3    30.0
20230605.2200     0.7338     4.0463      108.1    30.0
20230605.2300     0.7347     4.0204      107.2    30.0
20230606.0000     0.7386     3.9949      106.6    30.0
20230606.0100     0.7337     3.9955      106.4    30.0
20230606.0200     0.7239     4.0054      106.4    30.0
20230606.0300     0.7138     4.0102      106.6    30.0
20230606.0400     0.7042     4.0133      106.9    30.0
20230606.0500     0.6949     4.0171      107.5    30.0
20230606.0600     0.6832     4.0350      108.3    30.0
20230606.0700     0.6692     4.0657      109.4    30.0
20230606.0800     0.6635     4.0591      111.2    30.0
20230606.0900     0.6720     4.0028      113.3    30.0
20230606.1000     0.6735     3.9825      114.5    30.0
20230606.1100     0.7507     4.1625      115.5    30.0
20230606.1200     0.7303     4.1759      115.8    30.0
20230606.1300     0.7052     4.2049      115.8    30.0
20230606.1400     0.6826     4.2226      115.7    30.0
20230606.1500     0.6644     4.2212      115.3    30.0
20230606.1600     0.6513     4.1970      114.5    30.0
20230606.1700     0.6430     4.1545      113.5    30.0
20230606.1800     0.6401     4.0990      112.6    30.0
20230606.1900     0.6391     4.0492      111.8    30.0
20230606.2000     0.6381     4.0112      111.4    30.0
20230606.2100     0.6364     3.9836      111.2    30.0
20230606.2200     0.6502     3.9122      111.1    30.0
20230606.2300     0.6796     3.8391      110.7    30.0
20230607.0000     0.7068     3.8106      110.8    30.0
20230607.0100     0.7422     3.7997      111.0    30.0
20230607.0200     0.7822     3.8147      111.4    30.0
20230607.0300     0.8282     3.8553      111.6    30.0
20230607.0400     0.8977     3.9229      111.6    30.0
20230607.0500     0.9407     4.0220      111.4    30.0
20230607.0600     0.9469     4.1171      111.8    30.0
20230607.0700     0.9436     4.1887      112.3    30.0
20230607.0800     0.9454     4.2332      112.7    30.0
20230607.0900     0.9589     4.2568      112.9    30.0
20230607.1000     0.9739     4.2779      112.8    30.0
20230607.1100     0.9998     4.3189      112.7    30.0
20230607.1200     1.0103     4.3556      112.7    30.0
20230607.1300     1.0274     4.3823      112.5    30.0
20230607.1400     1.0535     4.4057      112.1    30.0
20230607.1500     1.0818     4.4348      111.5    30.0
20230607.1600     1.1051     4.4727      111.3    30.0
20230607.1700     1.1181     4.5153      111.1    30.0
20230607.1800     1.1186     4.5587      110.7    30.0
20230607.1900     1.1200     4.5880      110.4    30.0
20230607.2000     1.1318     4.6039      110.2    30.0
20230607.2100     1.1563     4.6177      109.9    30.0
20230607.2200     1.1721     4.6485      109.4    30.0
20230607.2300     1.3527     4.9252      108.9    30.0
20230608.0000     1.3612     4.9503      108.6    30.0
20230608.0100     1.3655     4.9746      108.1    30.0
20230608.0200     1.3577     4.9994      107.7    30.0
20230608.0300     1.3344     5.0271      107.8    30.0
20230608.0400     1.2980     5.0557      108.3    30.0
20230608.0500     1.2585     5.0751      108.9    30.0
20230608.0600     1.2163     5.0899      109.6    30.0
20230608.0700     1.1712     5.1060      110.4    30.0
20230608.0800     1.1278     5.1200      110.9    30.0
20230608.0900     1.0905     5.1167      111.5    30.0
20230608.1000     1.0452     5.1531      111.9    30.0
20230608.1100     1.0202     5.1079      112.3    30.0
20230608.1200     1.0113     5.0056      112.8    30.0
20230608.1300     1.0102     4.8931      113.0    30.0
20230608.1400     1.0105     4.7972      113.0    30.0
20230608.1500     1.0051     4.7333      113.0    30.0
20230608.1600     0.9923     4.6967      113.0    30.0
20230608.1700     0.9727     4.6791      112.8    30.0
20230608.1800     0.9495     4.6692      112.6    30.0
20230608.1900     0.9326     4.6365      112.5    30.0
20230608.2000     0.9285     4.5707      112.6    30.0
20230608.2100     0.9306     4.5013      112.6    30.0
20230608.2200     0.9148     4.4791      112.1    30.0
20230608.2300     0.9018     4.4478      111.6    30.0
20230609.0000     0.8979     4.3992      110.9    30.0
20230609.0100     0.8998     4.3501      110.3    30.0
20230609.0200     0.9036     4.3130      109.7    30.0
20230609.0300     0.9039     4.2932      109.0    30.0
20230609.0400     0.9046     4.2777      108.2    30.0
20230609.0500     0.9047     4.2668      107.3    30.0
20230609.0600     0.9032     4.2609      106.4    30.0
20230609.0700     0.8977     4.2636      105.8    30.0
20230609.0800     0.8898     4.2705      105.7    30.0
20230609.0900     0.8817     4.2761      105.8    30.0
20230609.1000     0.8794     4.2688      106.5    30.0
20230609.1100     0.9010     4.2846      107.2    30.0
20230609.1200     0.9118     4.2665      108.0    30.0
20230609.1300     0.9210     4.2607      109.0    30.0
20230609.1400     0.9239     4.2652      110.2    30.0
20230609.1500     0.9213     4.2733      111.5    30.0
20230609.1600     0.9148     4.2784      112.6    30.0
20230609.1700     0.9075     4.2756      113.6    30.0
20230609.1800     0.8997     4.2667      114.5    30.0
20230609.1900     0.8843     4.2654      115.2    30.0
20230609.2000     0.8625     4.2716      115.7    30.0
20230609.2100     0.8443     4.2635      116.0    30.0
20230609.2200     0.8212     4.2641      115.6    30.0
20230609.2300     0.8146     4.2220      115.1    30.0
20230610.0000     0.8207     4.1637      114.8    30.0
20230610.0100     0.8288     4.1229      114.4    30.0
20230610.0200     0.8360     4.0987      113.8    30.0
20230610.0300     0.8466     4.0817      113.4    30.0
20230610.0400     0.8498     4.0833      113.1    30.0
20230610.0500     0.8409     4.0990      113.0    30.0
20230610.0600     0.8282     4.1089      113.0    30.0
20230610.0700     0.8102     4.1177      113.1    30.0
20230610.0800     0.7928     4.1149      113.3    30.0
20230610.0900     0.7795     4.0998      113.6    30.0
20230610.1000     0.7516     4.1222      114.0    30.0
20230610.1100     0.7382     4.0880      114.9    30.0
20230610.1200     0.7476     4.0176      116.0    30.0
20230610.1300     0.7744     3.9532      116.9    30.0
20230610.1400     0.8155     3.9241      117.2    30.0
20230610.1500     0.8540     3.9418      116.9    30.0
20230610.1600     0.8813     3.9865      116.4    30.0
20230610.1700     0.8942     4.0384      116.0    30.0
20230610.1800     0.8999     4.0838      115.8    30.0
20230610.1900     0.8975     4.1231      115.5    30.0
20230610.2000     0.8868     4.1556      115.2    30.0
20230610.2100     0.8735     4.1755      114.9    30.0
20230610.2200     0.8639     4.1782      114.5    30.0
20230610.2300     0.9426     4.3373      114.2    30.0
20230611.0000     0.9330     4.3177      113.8    30.0
20230611.0100     0.9228     4.3012      113.2    30.0
20230611.0200     0.9110     4.2858      113.0    30.0
20230611.0300     0.8979     4.2707      113.2    30.0
20230611.0400     0.8895     4.2462      114.1    30.0
20230611.0500     0.8855     4.2194      115.3    30.0
20230611.0600     0.8814     4.2006      116.4    30.0
20230611.0700     0.8779     4.1860      117.7    30.0
20230611.0800     0.8768     4.1716      119.0    30.0
20230611.0900     0.8876     4.1473      120.8    30.0
20230611.1000     0.8942     4.1414      121.9    30.0
20230611.1100     0.9102     4.1355      123.4    30.0
20230611.1200     0.9343     4.1398      124.3    30.0
20230611.1300     0.9772     4.1568      124.6    30.0
20230611.1400     1.0354     4.1990      124.4    30.0
20230611.1500     1.0866     4.2679      123.8    30.0
20230611.1600     1.1185     4.3478      122.7    30.0
20230611.1700     1.1289     4.4219      121.7    30.0
20230611.1800     1.1353     4.4780      120.7    30.0
20230611.1900     1.1508     4.5166      119.6    30.0
20230611.2000     1.1747     4.5527      118.5    30.0
20230611.2100     1.2074     4.5902      118.3    30.0
20230611.2200     1.2119     4.6389      118.1    30.0
20230611.2300     1.2431     4.7021      118.4    30.0
20230612.0000     1.2596     4.7357      118.7    30.0
20230612.0100     1.2522     4.7901      118.7    30.0
20230612.0200     1.2256     4.8541      118.4    30.0
20230612.0300     1.1942     4.9093      117.8    30.0
20230612.0400     1.1763     4.9253      117.0    30.0
20230612.0500     1.1765     4.9020      115.9    30.0
20230612.0600     1.1713     4.8844      115.3    30.0
20230612.0700     1.1581     4.8758      115.2    30.0
20230612.0800     1.1340     4.8775      115.4    30.0
20230612.0900     1.1019     4.8874      115.9    30.0
20230612.1000     1.0640     4.9113      116.3    30.0
20230612.1100     1.0498     4.8978      116.6    30.0
20230612.1200     1.0469     4.8350      116.7    30.0
20230612.1300     1.0605     4.7659      116.7    30.0
20230612.1400     1.0887     4.7098      116.7    30.0
20230612.1500     1.1250     4.6828      116.5    30.0
20230612.1600     1.1646     4.6830      116.2    30.0
20230612.1700     1.1921     4.7095      115.8    30.0
20230612.1800     1.2002     4.7484      115.5    30.0
20230612.1900     1.2047     4.7792      115.3    30.0
20230612.2000     1.2161     4.7906      114.8    30.0
20230612.2100     1.2321     4.7939      114.2    30.0
20230612.2200     1.2332     4.8077      113.8    30.0
20230612.2300     1.2425     4.8069      113.2    30.0
20230613.0000     1.2745     4.7930      112.2    30.0
20230613.0100     1.3152     4.7933      111.2    30.0
20230613.0200     1.3356     4.8179      110.6    30.0
20230613.0300     1.3340     4.8529      110.4    30.0
20230613.0400     1.3133     4.8911      110.4    30.0
20230613.0500     1.2925     4.9175      110.7    30.0
20230613.0600     1.2736     4.9352      111.0    30.0
20230613.0700     1.2518     4.9538      111.3    30.0
20230613.0800     1.2273     4.9740      111.8    30.0
20230613.0900     1.2084     4.9826      112.3    30.0
20230613.1000     1.1910     4.9838      112.9    30.0
20230613.1100     1.1995     4.9976      113.4    30.0
20230613.1200     1.2032     4.9710      113.6    30.0
20230613.1300     1.2026     4.9598      114.0    30.0
20230613.1400     1.1971     4.9577      114.5    30.0
20230613.1500     1.1988     4.9419      115.0    30.0
20230613.1600     1.1966     4.9354      115.4    30.0
20230613.1700     1.1838     4.9439      115.4    30.0
20230613.1800     1.1634     4.9544      115.0    30.0
20230613.1900     1.1509     4.9431      114.5    30.0
20230613.2000     1.1317     4.9359      113.9    30.0
20230613.2100     1.1007     4.9449      113.5    30.0
20230613.2200     1.0792     4.9212      112.7    30.0
20230613.2300     1.0636     4.8858      111.9    30.0
20230614.0000     1.0500     4.8513      111.9    30.0
20230614.0100     1.0504     4.7937      111.7    30.0
20230614.0200     1.0873     4.7032      111.1    30.0
20230614.0300     1.1144     4.6686      110.7    30.0
20230614.0400     1.1385     4.6611      110.7    30.0
20230614.0500     1.1395     4.6834      110.4    30.0
20230614.0600     1.1062     4.7388      110.3    30.0
20230614.0700     1.0693     4.7864      110.6    30.0
20230614.0800     1.0312     4.8288      110.8    30.0
20230614.0900     0.9938     4.8644      111.0    30.0
20230614.1000     0.9537     4.9087      111.1    30.0
20230614.1100     0.9266     4.9028      110.9    30.0
20230614.1200     0.8972     4.9139      111.3    30.0
20230614.1300     0.8702     4.9171      112.0    30.0
20230614.1400     0.8475     4.9061      112.6    30.0
20230614.1500     0.8295     4.8810      113.1    30.0
20230614.1600     0.8182     4.8300      113.6    30.0
20230614.1700     0.8118     4.7660      113.9    30.0
20230614.1800     0.8080     4.7014      114.0    30.0
20230614.1900     0.8100     4.6223      113.6    30.0
20230614.2000     0.8076     4.5765      113.2    30.0
20230614.2100     0.7899     4.5949      113.1    30.0
20230614.2200     0.7689     4.6166      112.6    30.0
20230614.2300     0.7792     4.6488      112.3    30.0
20230615.0000     0.7753     4.6062      112.1    30.0
20230615.0100     0.7714     4.5661      111.8    30.0
20230615.0200     0.7731     4.5062      111.2    30.0
20230615.0300     0.7837     4.4233      110.3    30.0
20230615.0400     0.7992     4.3486      109.7    30.0
20230615.0500     0.8054     4.3204      109.7    30.0
20230615.0600     0.7989     4.3306      109.9    30.0
20230615.0700     0.7889     4.3462      109.8    30.0
20230615.0800     0.7748     4.3719      109.6    30.0
20230615.0900     0.7568     4.4091      109.7    30.0
20230615.1000     0.7306     4.4834      110.3    30.0
20230615.1100     0.7143     4.5081      110.9    30.0
20230615.1200     0.7047     4.4994      111.3    30.0
20230615.1300     0.6981     4.4761      111.5    30.0
20230615.1400     0.6930     4.4483      111.6    30.0
20230615.1500     0.6847     4.4430      111.7    30.0
20230615.1600     0.6723     4.4586      111.7    30.0
20230615.1700     0.6603     4.4674      111.6    30.0
20230615.1800     0.6495     4.4652      111.4    30.0
20230615.1900     0.6398     4.4536      111.1    30.0
20230615.2000     0.6331     4.4222      110.5    30.0
20230615.2100     0.6294     4.3716      109.7    30.0
20230615.2200     0.6168     4.3730      109.4    30.0
20230615.2300     0.6122     4.3283      108.6    30.0
20230616.0000     0.6185     4.2269      106.5    30.0
20230616.0100     0.6239     4.1493      104.3    30.0
20230616.0200     0.6195     4.1262      102.9    30.0
20230616.0300     0.6054     4.1490      102.7    30.0
20230616.0400     0.5880     4.1889      103.0    30.0
20230616.0500     0.5706     4.2327      103.6    30.0
20230616.0600     0.5551     4.2700      104.2    30.0
20230616.0700     0.5413     4.2997      104.7    30.0
20230616.0800     0.5296     4.3203      105.2    30.0
20230616.0900     0.5196     4.3257      105.7    30.0
20230616.1000     0.5096     4.3244      106.7    30.0
20230616.1100     0.5439     4.4297      108.7    30.0
20230616.1200     0.5435     4.4327      110.4    30.0
20230616.1300     0.5467     4.4143      112.5    30.0
20230616.1400     0.5520     4.3855      114.5    30.0
20230616.1500     0.5566     4.3650      115.8    30.0
20230616.1600     0.5657     4.3141      116.5    30.0
20230616.1700     0.5823     4.2224      116.8    30.0
20230616.1800     0.6044     4.1211      116.5    30.0
20230616.1900     0.6314     4.0267      116.2    30.0
20230616.2000     0.6616     3.9485      115.8    30.0
20230616.2100     0.6902     3.8972      115.1    30.0
20230616.2200     0.7227     3.8591      113.4    30.0
20230616.2300     0.7673     3.8429      111.9    30.0
20230617.0000     0.8062     3.8651      110.9    30.0
20230617.0100     0.8471     3.9031      109.5    30.0
20230617.0200     0.8744     3.9606      108.1    30.0
20230617.0300     0.8787     4.0268      107.0    30.0
20230617.0400     0.8676     4.0926      106.3    30.0
20230617.0500     0.8491     4.1546      106.2    30.0
20230617.0600     0.8304     4.2050      106.2    30.0
20230617.0700     0.8101     4.2511      106.2    30.0
20230617.0800     0.7891     4.2942      106.4    30.0
20230617.0900     0.7673     4.3389      106.6    30.0
20230617.1000     0.7430     4.3922      107.0    30.0
20230617.1100     0.7275     4.4016      107.5    30.0
20230617.1200     0.7215     4.3611      108.4    30.0
20230617.1300     0.7212     4.3013      109.3    30.0
20230617.1400     0.7265     4.2355      110.0    30.0
20230617.1500     0.7324     4.1854      110.1    30.0
20230617.1600     0.7319     4.1705      110.2    30.0
20230617.1700     0.7252     4.1793      110.4    30.0
20230617.1800     0.7171     4.1925      110.7    30.0
20230617.1900     0.7098     4.1997      110.9    30.0
20230617.2000     0.7039     4.1993      110.9    30.0
20230617.2100     0.6996     4.1895      110.9    30.0
20230617.2200     0.6860     4.2123      110.7    30.0
20230617.2300     0.6994     4.2723      110.3    30.0
20230618.0000     0.6941     4.2646      109.9    30.0
20230618.0100     0.6922     4.2421      109.5    30.0
20230618.0200     0.6936     4.2080      109.2    30.0
20230618.0300     0.6921     4.1886      108.9    30.0
20230618.0400     0.6874     4.1811      108.5    30.0
20230618.0500     0.6797     4.1832      108.2    30.0
20230618.0600     0.6680     4.1988      108.0    30.0
20230618.0700     0.6543     4.2211      108.1    30.0
20230618.0800     0.6431     4.2281      108.2    30.0
20230618.0900     0.6377     4.2044      108.4    30.0
20230618.1000     0.6197     4.2462      108.8    30.0
20230618.1100     0.6083     4.2548      109.2    30.0
20230618.1200     0.5989     4.2489      109.6    30.0
20230618.1300     0.5872     4.2644      110.1    30.0
20230618.1400     0.5737     4.2916      110.6    30.0
20230618.1500     0.5598     4.3216      111.0    30.0
20230618.1600     0.5473     4.3436      111.2    30.0
20230618.1700     0.5364     4.3510      111.3    30.0
20230618.1800     0.5263     4.3511      111.4    30.0
20230618.1900     0.5181     4.3380      111.4    30.0
20230618.2000     0.5099     4.3232      111.6    30.0
20230618.2100     0.5019     4.3067      111.7    30.0
20230618.2200     0.4918     4.3055      111.9    30.0
20230618.2300     0.4863     4.2692      112.2    30.0
20230619.0000     0.4837     4.2122      112.4    30.0
20230619.0100     0.4830     4.1429      112.6    30.0
20230619.0200     0.4806     4.0946      112.8    30.0
20230619.0300     0.4726     4.0921      112.9    30.0
20230619.0400     0.4618     4.1141      113.0    30.0
20230619.0500     0.4510     4.1338      113.0    30.0
20230619.0600     0.4422     4.1358      112.9    30.0
20230619.0700     0.4345     4.1284      112.8    30.0
20230619.0800     0.4254     4.1391      112.8    30.0
20230619.0900     0.4199     4.1060      112.9    30.0
20230619.1000     0.4145     4.0738      112.0    30.0
20230619.1100     0.4394     4.1807      111.9    30.0
20230619.1200     0.4342     4.1507      111.8    30.0
20230619.1300     0.4311     4.0882      112.5    30.0
20230619.1400     0.4261     4.0409      113.4    30.0
20230619.1500     0.4175     4.0265      113.4    30.0
20230619.1600     0.4100     3.9984      113.7    30.0
20230619.1700     0.4072     3.9351      116.1    30.0
20230619.1800     0.4071     3.8624      119.6    30.0
20230619.1900     0.4029     3.8215      121.7    30.0
20230619.2000     0.3957     3.8107      122.5    30.0
20230619.2100     0.3906     3.7844      123.3    30.0
20230619.2200     0.3788     3.8030      124.4    30.0
20230619.2300     0.3718     3.8017      124.3    30.0
20230620.0000     0.3719     3.7286      123.2    30.0
20230620.0100     0.3730     3.6645      120.9    30.0
20230620.0200     0.3723     3.6234      119.7    30.0
20230620.0300     0.3679     3.6087      119.0    30.0
20230620.0400     0.3652     3.5848      118.3    30.0
20230620.0500     0.3615     3.5702      117.5    30.0
20230620.0600     0.3567     3.5665      117.1    30.0
20230620.0700     0.3511     3.5696      116.9    30.0
20230620.0800     0.3520     3.5244      116.5    30.0
20230620.0900     0.3575     3.4555      116.2    30.0
20230620.1000     0.3498     3.4709      114.6    30.0
20230620.1100     0.3629     3.3717      114.4    30.0
20230620.1200     0.3758     3.3098      114.7    30.0
20230620.1300     0.3837     3.2869      114.5    30.0
20230620.1400     0.4030     3.2278      113.8    30.0
20230620.1500     0.4374     3.1699      112.6    30.0
20230620.1600     0.4778     3.1574      111.3    30.0
20230620.1700     0.5087     3.1877      110.6    30.0
20230620.1800     0.5320     3.2296      110.4    30.0
20230620.1900     0.5659     3.2659      110.7    30.0
20230620.2000     0.5998     3.3201      110.9    30.0
20230620.2100     0.6154     3.3905      111.4    30.0
20230620.2200     0.6059     3.4656      111.2    30.0
20230620.2300     0.6566     3.6373      111.6    30.0
20230621.0000     0.6689     3.6594      112.7    30.0
20230621.0100     0.6960     3.6703      113.7    30.0
20230621.0200     0.7405     3.6902      114.1    30.0
20230621.0300     0.7801     3.7361      114.2    30.0
20230621.0400     0.8000     3.7927      114.3    30.0
20230621.0500     0.8065     3.8425      114.6    30.0
20230621.0600     0.7982     3.8880      115.0    30.0
20230621.0700     0.7802     3.9263      115.1    30.0
20230621.0800     0.7656     3.9443      115.3    30.0
20230621.0900     0.7589     3.9428      115.4    30.0
20230621.1000     0.7435     3.9554      115.6    30.0
20230621.1100     0.7412     3.9398      115.7    30.0
20230621.1200     0.7529     3.9112      115.6    30.0
20230621.1300     0.7736     3.8922      115.2    30.0
20230621.1400     0.8071     3.8850      114.0    30.0
20230621.1500     0.8447     3.9012      112.1    30.0
20230621.1600     0.8847     3.9344      110.1    30.0
20230621.1700     0.9173     3.9803      108.2    30.0
20230621.1800     0.9352     4.0308      106.6    30.0
20230621.1900     0.9394     4.0784      105.5    30.0
20230621.2000     0.9421     4.1145      104.4    30.0
20230621.2100     0.9483     4.1406      103.2    30.0
20230621.2200     0.9373     4.1804      102.8    30.0
20230621.2300     0.9286     4.2060      102.6    30.0
20230622.0000     0.9242     4.2197      102.7    30.0
20230622.0100     0.9257     4.2238      103.0    30.0
20230622.0200     0.9287     4.2273      103.4    30.0
20230622.0300     0.9276     4.2366      103.8    30.0
20230622.0400     0.9187     4.2526      104.4    30.0
20230622.0500     0.9054     4.2671      105.1    30.0
20230622.0600     0.8915     4.2753      105.7    30.0
20230622.0700     0.8723     4.2910      106.2    30.0
20230622.0800     0.8517     4.3063      106.7    30.0
20230622.0900     0.8375     4.3019      107.0    30.0
20230622.1000     0.8222     4.2989      107.6    30.0
20230622.1100     0.8792     4.4197      108.2    30.0
20230622.1200     0.8694     4.3878      108.8    30.0
20230622.1300     0.8671     4.3446      109.5    30.0
20230622.1400     0.8708     4.3001      110.3    30.0
20230622.1500     0.8738     4.2683      110.9    30.0
20230622.1600     0.8732     4.2507      111.2    30.0
20230622.1700     0.8687     4.2425      111.4    30.0
20230622.1800     0.8618     4.2384      111.8    30.0
20230622.1900     0.8573     4.2283      112.0    30.0
20230622.2000     0.8546     4.2169      112.3    30.0
20230622.2100     0.8525     4.2058      112.5    30.0
20230622.2200     0.8514     4.1909      111.9    30.0
20230622.2300     0.8469     4.1826      111.2    30.0
20230623.0000     0.8416     4.1711      110.5    30.0
20230623.0100     0.8297     4.1663      109.9    30.0
20230623.0200     0.8139     4.1629      109.3    30.0
20230623.0300     0.7959     4.1605      109.1    30.0
20230623.0400     0.7767     4.1582      109.1    30.0
20230623.0500     0.7597     4.1515      109.4    30.0
20230623.0600     0.7439     4.1435      109.9    30.0
20230623.0700     0.7320     4.1263      110.6    30.0
20230623.0800     0.7271     4.0919      111.5    30.0
20230623.0900     0.7260     4.0549      112.6    30.0
20230623.1000     0.7067     4.0745      113.5    30.0
20230623.1100     0.6869     4.0935      114.1    30.0
20230623.1200     0.6689     4.1036      114.8    30.0
20230623.1300     0.6552     4.0935      115.4    30.0
20230623.1400     0.6465     4.0623      115.8    30.0
20230623.1500     0.6357     4.0445      116.1    30.0
20230623.1600     0.6237     4.0343      116.4    30.0
20230623.1700     0.6112     4.0269      116.5    30.0
20230623.1800     0.5962     4.0348      116.7    30.0
20230623.1900     0.5842     4.0271      116.9    30.0
20230623.2000     0.5782     3.9894      117.4    30.0
20230623.2100     0.5767     3.9365      117.9    30.0
20230623.2200     0.5863     3.8497      118.1    30.0
20230623.2300     0.6669     4.0279      118.1    30.0
20230624.0000     0.6550     4.0079      117.8    30.0
20230624.0100     0.6393     4.0005      117.7    30.0
20230624.0200     0.6223     3.9963      117.7    30.0
20230624.0300     0.6023     4.0062      117.6    30.0
20230624.0400     0.5842     4.0061      117.4    30.0
20230624.0500     0.5722     3.9756      117.4    30.0
20230624.0600     0.5650     3.9282      117.3    30.0
20230624.0700     0.5594     3.8815      117.1    30.0
20230624.0800     0.5535     3.8467      117.0    30.0
20230624.0900     0.5468     3.8212      116.9    30.0
20230624.1000     0.5323     3.8332      116.6    30.0
20230624.1100     0.5240     3.8177      116.4    30.0
20230624.1200     0.5198     3.7855      116.4    30.0
20230624.1300     0.5174     3.7522      116.5    30.0
20230624.1400     0.5178     3.7137      116.7    30.0
20230624.1500     0.5145     3.6999      116.9    30.0
20230624.1600     0.5095     3.6944      117.1    30.0
20230624.1700     0.5059     3.6825      117.1    30.0
20230624.1800     0.5019     3.6741      116.9    30.0
20230624.1900     0.4947     3.6822      116.5    30.0
20230624.2000     0.4877     3.6868      116.0    30.0
20230624.2100     0.4829     3.6810      115.3    30.0
20230624.2200     0.4734     3.6937      114.5    30.0
20230624.2300     0.4656     3.7056      114.1    30.0
20230625.0000     0.4583     3.7135      113.7    30.0
20230625.0100     0.4545     3.7004      113.3    30.0
20230625.0200     0.4548     3.6683      113.1    30.0
20230625.0300     0.4567     3.6355      113.1    30.0
20230625.0400     0.4620     3.5943      113.1    30.0
20230625.0500     0.4731     3.5421      113.1    30.0
20230625.0600     0.4830     3.5124      112.8    30.0
20230625.0700     0.4859     3.5155      112.5    30.0
20230625.0800     0.4834     3.5376      112.3    30.0
20230625.0900     0.4795     3.5600      112.4    30.0
20230625.1000     0.4707     3.5986      112.6    30.0
20230625.1100     0.4644     3.6309      113.0    30.0
20230625.1200     0.4621     3.6384      113.5    30.0
20230625.1300     0.4617     3.6381      114.1    30.0
20230625.1400     0.4642     3.6233      114.7    30.0
20230625.1500     0.4704     3.5954      115.1    30.0
20230625.1600     0.4781     3.5709      115.4    30.0
20230625.1700     0.4788     3.5840      115.4    30.0
20230625.1800     0.4742     3.6174      115.3    30.0
20230625.1900     0.4688     3.6477      115.1    30.0
20230625.2000     0.4630     3.6759      114.8    30.0
20230625.2100     0.4569     3.7049      114.6    30.0
20230625.2200     0.4460     3.7499      114.4    30.0
20230625.2300     0.4392     3.7799      114.3    30.0
20230626.0000     0.4332     3.8022      114.3    30.0
20230626.0100     0.4281     3.8140      114.4    30.0
20230626.0200     0.4237     3.8201      114.7    30.0
20230626.0300     0.4192     3.8267      115.1    30.0
20230626.0400     0.4142     3.8352      115.4    30.0
20230626.0500     0.4098     3.8360      115.8    30.0
20230626.0600     0.4053     3.8363      116.2    30.0
20230626.0700     0.4017     3.8290      116.7    30.0
20230626.0800     0.3983     3.8187      117.2    30.0
20230626.0900     0.3965     3.7940      118.0    30.0
20230626.1000     0.3883     3.8080      118.2    30.0
20230626.1100     0.3864     3.7843      118.6    30.0
20230626.1200     0.3867     3.7455      119.2    30.0
20230626.1300     0.3876     3.7029      120.1    30.0
20230626.1400     0.3898     3.6541      120.9    30.0
20230626.1500     0.3948     3.5931      121.9    30.0
20230626.1600     0.3996     3.5447      122.5    30.0
20230626.1700     0.4028     3.5109      122.6    30.0
20230626.1800     0.4052     3.4860      122.2    30.0
20230626.1900     0.4062     3.4682      121.5    30.0
20230626.2000     0.4075     3.4502      120.7    30.0
20230626.2100     0.4098     3.4279      120.2    30.0
20230626.2200     0.4098     3.4065      119.2    30.0
20230626.2300     0.4120     3.4054      119.1    30.0
20230627.0000     0.4076     3.4153      119.1    30.0
20230627.0100     0.4033     3.4216      119.0    30.0
20230627.0200     0.4044     3.3977      119.0    30.0
20230627.0300     0.4126     3.3499      119.2    30.0
20230627.0400     0.4325     3.2821      120.1    30.0
20230627.0500     0.4627     3.2318      121.4    30.0
20230627.0600     0.4904     3.2258      122.3    30.0
20230627.0700     0.5146     3.2428      122.8    30.0
20230627.0800     0.5383     3.2692      122.9    30.0
20230627.0900     0.5613     3.3056      122.7    30.0
20230627.1000     0.5731     3.3531      121.7    30.0
20230627.1100     0.5893     3.3952      120.9    30.0
20230627.1200     0.6077     3.4353      120.0    30.0
20230627.1300     0.6241     3.4784      118.9    30.0
20230627.1400     0.6284     3.5278      118.0    30.0
20230627.1500     0.6214     3.5768      117.4    30.0
20230627.1600     0.6137     3.6072      117.0    30.0
20230627.1700     0.6089     3.6195      116.5    30.0
20230627.1800     0.6067     3.6215      115.8    30.0
20230627.1900     0.6081     3.6151      115.0    30.0
20230627.2000     0.6175     3.5976      114.3    30.0
20230627.2100     0.6365     3.5800      113.8    30.0
20230627.2200     0.6617     3.5747      113.5    30.0
20230627.2300     0.6985     3.5896      113.8    30.0
20230628.0000     0.7433     3.6306      114.0    30.0
20230628.0100     0.7839     3.6958      113.9    30.0
20230628.0200     0.8139     3.7713      113.5    30.0
20230628.0300     0.8309     3.8446      113.2    30.0
20230628.0400     0.8383     3.9092      112.9    30.0
20230628.0500     0.8448     3.9586      112.9    30.0
20230628.0600     0.8571     3.9923      113.3    30.0
20230628.0700     0.8734     4.0186      114.0    30.0
20230628.0800     0.8903     4.0422      115.0    30.0
20230628.0900     0.9026     4.0665      115.9    30.0
20230628.1000     0.8850     4.1094      116.3    30.0
20230628.1100     0.8731     4.1448      116.8    30.0
20230628.1200     0.8630     4.1398      117.5    30.0
20230628.1300     0.8592     4.1256      117.8    30.0
20230628.1400     0.8656     4.1044      117.6    30.0
20230628.1500     0.8739     4.0948      117.0    30.0
20230628.1600     0.8746     4.1014      116.4    30.0
20230628.1700     0.8703     4.1124      116.1    30.0
20230628.1800     0.8554     4.1328      115.5    30.0
20230628.1900     0.8342     4.1528      114.8    30.0
20230628.2000     0.8147     4.1585      114.0    30.0
20230628.2100     0.8001     4.1467      113.3    30.0
20230628.2200     0.7877     4.1259      113.0    30.0
20230628.2300     0.7842     4.0891      113.5    30.0
20230629.0000     0.7961     4.0367      115.1    30.0
20230629.0100     0.8328     3.9844      117.3    30.0
20230629.0200     0.8840     3.9724      119.3    30.0
20230629.0300     0.9210     4.0083      120.3    30.0
20230629.0400     0.9386     4.0589      120.8    30.0
20230629.0500     0.9419     4.1058      121.5    30.0
20230629.0600     0.9386     4.1422      122.1    30.0
20230629.0700     0.9318     4.1692      122.4    30.0
20230629.0800     0.9228     4.1880      122.4    30.0
20230629.0900     0.9074     4.2059      122.4    30.0
20230629.1000     0.8742     4.2431      121.9    30.0
20230629.1100     0.8613     4.2743      121.7    30.0
20230629.1200     0.8366     4.2788      121.3    30.0
20230629.1300     0.8153     4.2676      120.7    30.0
20230629.1400     0.7989     4.2409      120.2    30.0
20230629.1500     0.7795     4.2251      119.8    30.0
20230629.1600     0.7528     4.2369      119.3    30.0
20230629.1700     0.7266     4.2443      118.8    30.0
20230629.1800     0.7038     4.2387      118.2    30.0
20230629.1900     0.6828     4.2281      117.6    30.0
20230629.2000     0.6635     4.2146      117.2    30.0
20230629.2100     0.6475     4.1873      116.7    30.0
20230629.2200     0.6370     4.1345      115.9    30.0
20230629.2300     0.6388     4.0373      115.0    30.0
20230630.0000     0.6568     3.9236      114.1    30.0
20230630.0100     0.6946     3.8207      113.7    30.0
20230630.0200     0.7376     3.7799      114.1    30.0
20230630.0300     0.7755     3.7920      114.7    30.0
20230630.0400     0.8068     3.8309      115.3    30.0
20230630.0500     0.8264     3.8822      115.5    30.0
20230630.0600     0.8386     3.9298      116.0    30.0
20230630.0700     0.8471     3.9697      116.4    30.0
20230630.0800     0.8432     4.0070      117.0    30.0
20230630.0900     0.8392     4.0295      117.6    30.0
20230630.1000     0.8201     4.0620      117.8    30.0
20230630.1100     0.8089     4.0637      118.5    30.0
20230630.1200     0.7994     4.0577      119.0    30.0
20230630.1300     0.7759     4.0785      118.7    30.0
20230630.1400     0.7509     4.0957      118.3    30.0
20230630.1500     0.7285     4.0980      118.0    30.0
20230630.1600     0.7107     4.0809      118.1    30.0
20230630.1700     0.6980     4.0474      118.5    30.0
20230630.1800     0.6864     4.0148      118.5    30.0
20230630.1900     0.6781     3.9761      118.1    30.0
20230630.2000     0.6740     3.9321      117.5    30.0
20230630.2100     0.6709     3.8935      117.0    30.0
20230630.2200     0.6752     3.8419      116.0    30.0
20230630.2300     0.6841     3.8044      115.2    30.0
