TPAR
20230501.0000     0.2133     3.0205    83.1531    30.0
20230501.0100     0.2106     3.0200    83.2792    30.0
20230501.0200     0.2076     3.0245    83.3505    30.0
20230501.0300     0.2044     3.0316    83.3889    30.0
20230501.0400     0.2010     3.0466    83.3725    30.0
20230501.0500     0.1979     3.0577    83.3121    30.0
20230501.0600     0.1956     3.0650    82.8952    30.0
20230501.0700     0.2042     2.9368    79.5546    30.0
20230501.0800     0.2033     2.9275    78.4136    30.0
20230501.0900     0.2006     2.9399    77.8212    30.0
20230501.1000     0.1869     3.0400    76.9929    30.0
20230501.1100     0.1870     3.0203    76.8448    30.0
20230501.1200     0.1873     3.0023    76.8229    30.0
20230501.1300     0.1904     2.9582    78.4740    30.0
20230501.1400     0.2078     2.7699    87.0367    30.0
20230501.1500     0.2321     2.7027   106.0328    30.0
20230501.1600     0.2476     2.6830   115.0289    30.0
20230501.1700     0.2491     2.6836   115.5500    30.0
20230501.1800     0.2470     2.6991   113.8934    30.0
20230501.1900     0.2471     2.7052   111.1452    30.0
20230501.2000     0.2436     2.7280   108.9401    30.0
20230501.2100     0.2388     2.7557   107.6071    30.0
20230501.2200     0.2223     2.8229   106.9543    30.0
20230501.2300     0.2210     2.8261   105.3471    30.0
20230502.0000     0.2225     2.8043   101.5676    30.0
20230502.0100     0.2226     2.8023    97.8101    30.0
20230502.0200     0.2278     2.7843    95.4185    30.0
20230502.0300     0.2462     2.7430    92.1327    30.0
20230502.0400     0.2743     2.7039    88.0954    30.0
20230502.0500     0.3068     2.7056    84.9468    30.0
20230502.0600     0.3477     2.7356    79.8069    30.0
20230502.0700     0.3635     2.7975    76.8393    30.0
20230502.0800     0.3550     2.8689    77.9035    30.0
20230502.0900     0.3483     2.9101    79.2639    30.0
20230502.1000     0.3403     2.9405    82.4893    30.0
20230502.1100     0.3394     2.9498    83.6138    30.0
20230502.1200     0.3422     2.9492    85.1607    30.0
20230502.1300     0.3493     2.9436    86.4827    30.0
20230502.1400     0.3565     2.9491    87.5579    30.0
20230502.1500     0.3617     2.9680    88.2710    30.0
20230502.1600     0.3652     2.9962    89.1980    30.0
20230502.1700     0.3682     3.0248    90.3335    30.0
20230502.1800     0.3748     3.0428    92.2260    30.0
20230502.1900     0.3802     3.0733    93.0707    30.0
20230502.2000     0.3808     3.1275    92.8239    30.0
20230502.2100     0.3833     3.1720    92.3521    30.0
20230502.2200     0.3980     3.1719    92.9391    30.0
20230502.2300     0.4216     3.1726    92.7745    30.0
20230503.0000     0.4348     3.2124    93.7728    30.0
20230503.0100     0.4440     3.2531    94.1404    30.0
20230503.0200     0.4590     3.2758    94.7547    30.0
20230503.0300     0.4703     3.3169    94.6011    30.0
20230503.0400     0.4835     3.3567    93.9484    30.0
20230503.0500     0.4882     3.4208    92.8458    30.0
20230503.0600     0.4924     3.4795    91.0850    30.0
20230503.0700     0.4963     3.5374    89.0115    30.0
20230503.0800     0.5012     3.5884    87.0971    30.0
20230503.0900     0.4945     3.6928    86.2249    30.0
20230503.1000     0.4926     3.7553    84.9632    30.0
20230503.1100     0.4957     3.8130    84.3105    30.0
20230503.1200     0.5003     3.8566    84.0362    30.0
20230503.1300     0.5148     3.8450    84.3269    30.0
20230503.1400     0.5206     3.8882    84.8151    30.0
20230503.1500     0.5215     3.9506    85.1991    30.0
20230503.1600     0.5233     3.9999    85.6489    30.0
20230503.1700     0.5268     4.0346    86.2194    30.0
20230503.1800     0.5268     4.0913    86.2633    30.0
20230503.1900     0.5261     4.1477    86.2084    30.0
20230503.2000     0.5284     4.1777    86.7405    30.0
20230503.2100     0.5358     4.1683    88.1229    30.0
20230503.2200     0.5334     4.2196    88.3642    30.0
20230503.2300     0.5318     4.2618    88.0790    30.0
20230504.0000     0.5351     4.2602    88.4959    30.0
20230504.0100     0.5360     4.2714    88.5233    30.0
20230504.0200     0.5362     4.2798    88.4904    30.0
20230504.0300     0.5343     4.2969    88.2161    30.0
20230504.0400     0.5297     4.3275    87.5853    30.0
20230504.0500     0.5232     4.3651    86.7405    30.0
20230504.0600     0.5183     4.3851    85.8738    30.0
20230504.0700     0.5135     4.3987    84.8535    30.0
20230504.0800     0.5060     4.4299    84.4037    30.0
20230504.0900     0.4995     4.4498    84.0965    30.0
20230504.1000     0.4941     4.4524    83.8113    30.0
20230504.1100     0.4919     4.4343    83.6687    30.0
20230504.1200     0.4884     4.4276    83.8113    30.0
20230504.1300     0.4841     4.4268    83.8771    30.0
20230504.1400     0.4840     4.3894    84.6012    30.0
20230504.1500     0.4845     4.3502    85.4076    30.0
20230504.1600     0.4823     4.3368    85.7202    30.0
20230504.1700     0.4798     4.3275    86.0439    30.0
20230504.1800     0.4775     4.3168    86.4388    30.0
20230504.1900     0.4787     4.2812    87.6511    30.0
20230504.2000     0.4819     4.2339    89.2419    30.0
20230504.2100     0.4857     4.1857    90.9095    30.0
20230504.2200     0.4779     4.2244    91.0960    30.0
20230504.2300     0.4744     4.2294    90.8711    30.0
20230505.0000     0.4733     4.2183    90.8491    30.0
20230505.0100     0.4734     4.1986    91.0576    30.0
20230505.0200     0.4744     4.1734    91.2989    30.0
20230505.0300     0.4769     4.1374    91.5787    30.0
20230505.0400     0.4806     4.0947    91.5677    30.0
20230505.0500     0.4815     4.0770    90.9259    30.0
20230505.0600     0.4809     4.0684    89.8837    30.0
20230505.0700     0.4800     4.0651    88.6879    30.0
20230505.0800     0.4789     4.0652    87.5140    30.0
20230505.0900     0.4814     4.0364    85.9890    30.0
20230505.1000     0.4957     3.9371    83.3176    30.0
20230505.1100     0.5052     3.8904    82.6265    30.0
20230505.1200     0.5021     3.9216    82.3632    30.0
20230505.1300     0.4944     3.9672    82.1931    30.0
20230505.1400     0.4878     3.9959    82.0450    30.0
20230505.1500     0.4814     4.0222    81.8804    30.0
20230505.1600     0.4754     4.0392    81.9627    30.0
20230505.1700     0.4736     4.0203    83.1915    30.0
20230505.1800     0.4680     4.0281    83.8113    30.0
20230505.1900     0.4571     4.0725    83.3012    30.0
20230505.2000     0.4471     4.1074    82.7416    30.0
20230505.2100     0.4376     4.1390    82.2315    30.0
20230505.2200     0.4358     4.0944    83.2299    30.0
20230505.2300     0.4438     3.9857    84.6177    30.0
20230506.0000     0.4461     3.9297    85.3253    30.0
20230506.0100     0.4381     3.9519    84.8481    30.0
20230506.0200     0.4288     3.9817    84.2117    30.0
20230506.0300     0.4199     4.0068    83.5809    30.0
20230506.0400     0.4113     4.0283    83.0433    30.0
20230506.0500     0.4034     4.0447    82.5771    30.0
20230506.0600     0.3955     4.0589    82.1712    30.0
20230506.0700     0.3918     4.0267    81.3154    30.0
20230506.0800     0.3844     4.0413    81.0302    30.0
20230506.0900     0.3787     4.0401    80.8272    30.0
20230506.1000     0.3700     4.0584    80.3335    30.0
20230506.1100     0.3735     4.0798    80.5365    30.0
20230506.1200     0.3759     4.0449    81.1618    30.0
20230506.1300     0.3790     4.0072    82.1547    30.0
20230506.1400     0.3793     3.9985    82.6100    30.0
20230506.1500     0.3783     4.0027    82.6484    30.0
20230506.1600     0.3782     3.9893    82.8788    30.0
20230506.1700     0.3769     3.9857    83.0488    30.0
20230506.1800     0.3748     3.9825    83.1969    30.0
20230506.1900     0.3738     3.9672    83.5919    30.0
20230506.2000     0.3757     3.9237    85.0346    30.0
20230506.2100     0.3762     3.8924    86.0164    30.0
20230506.2200     0.3672     3.9432    86.0274    30.0
20230506.2300     0.3647     3.9348    85.6050    30.0
20230507.0000     0.3613     3.9342    85.1607    30.0
20230507.0100     0.3584     3.9332    84.8700    30.0
20230507.0200     0.3542     3.9506    84.4860    30.0
20230507.0300     0.3507     3.9625    84.1459    30.0
20230507.0400     0.3475     3.9736    83.7729    30.0
20230507.0500     0.3447     3.9832    83.4712    30.0
20230507.0600     0.3439     3.9646    83.2079    30.0
20230507.0700     0.3454     3.9300    82.8349    30.0
20230507.0800     0.3453     3.9218    82.5881    30.0
20230507.0900     0.3477     3.8902    82.4838    30.0
20230507.1000     0.3466     3.8879    82.6210    30.0
20230507.1100     0.3488     3.8676    83.1695    30.0
20230507.1200     0.3495     3.8667    83.4712    30.0
20230507.1300     0.3508     3.8600    84.1349    30.0
20230507.1400     0.3556     3.8269    85.5282    30.0
20230507.1500     0.3583     3.8124    86.4004    30.0
20230507.1600     0.3591     3.8200    86.4388    30.0
20230507.1700     0.3610     3.8188    86.4553    30.0
20230507.1800     0.3620     3.8273    86.5760    30.0
20230507.1900     0.3633     3.8349    86.9983    30.0
20230507.2000     0.3641     3.8411    87.2616    30.0
20230507.2100     0.3646     3.8485    87.3823    30.0
20230507.2200     0.3615     3.8803    87.7279    30.0
20230507.2300     0.3609     3.8933    87.4317    30.0
20230508.0000     0.3595     3.9118    87.0313    30.0
20230508.0100     0.3582     3.9215    86.5705    30.0
20230508.0200     0.3563     3.9404    86.1481    30.0
20230508.0300     0.3525     3.9753    85.6873    30.0
20230508.0400     0.3490     4.0008    85.2704    30.0
20230508.0500     0.3457     4.0272    84.8974    30.0
20230508.0600     0.3419     4.0507    84.5518    30.0
20230508.0700     0.3383     4.0712    84.2611    30.0
20230508.0800     0.3346     4.0891    84.0088    30.0
20230508.0900     0.3310     4.1046    83.7839    30.0
20230508.1000     0.3183     4.2249    82.7800    30.0
20230508.1100     0.3160     4.2087    82.6649    30.0
20230508.1200     0.3154     4.1672    82.1712    30.0
20230508.1300     0.3121     4.1624    82.0944    30.0
20230508.1400     0.3130     4.0910    81.6171    30.0
20230508.1500     0.3092     4.0900    81.5842    30.0
20230508.1600     0.3048     4.1035    81.5897    30.0
20230508.1700     0.3007     4.1139    81.5952    30.0
20230508.1800     0.2969     4.1149    81.5623    30.0
20230508.1900     0.2947     4.0960    81.6446    30.0
20230508.2000     0.2925     4.0820    82.0121    30.0
20230508.2100     0.2924     4.0420    82.6649    30.0
20230508.2200     0.2867     4.0646    84.2392    30.0
20230508.2300     0.2896     3.9918    85.4185    30.0
20230509.0000     0.2865     4.0125    85.1498    30.0
20230509.0100     0.2855     4.0024    85.2156    30.0
20230509.0200     0.2916     3.8907    85.7586    30.0
20230509.0300     0.2901     3.8911    85.4350    30.0
20230509.0400     0.2883     3.9041    85.0620    30.0
20230509.0500     0.2870     3.9097    84.5738    30.0
20230509.0600     0.2899     3.8634    82.7087    30.0
20230509.0700     0.3100     3.6450    75.1937    30.0
20230509.0800     0.3140     3.6090    74.2886    30.0
20230509.0900     0.3145     3.6080    74.8920    30.0
20230509.1000     0.3019     3.7326    76.3840    30.0
20230509.1100     0.3095     3.6721    78.9951    30.0
20230509.1200     0.3184     3.6019    82.0450    30.0
20230509.1300     0.3284     3.5439    84.7877    30.0
20230509.1400     0.3369     3.5005    86.1865    30.0
20230509.1500     0.3434     3.4814    86.7680    30.0
20230509.1600     0.3522     3.4535    87.0093    30.0
20230509.1700     0.3650     3.4151    87.4701    30.0
20230509.1800     0.3774     3.3903    88.4684    30.0
20230509.1900     0.3923     3.3620    90.6955    30.0
20230509.2000     0.4130     3.3259    93.4218    30.0
20230509.2100     0.4400     3.2947    95.8902    30.0
20230509.2200     0.4632     3.3048    96.7240    30.0
20230509.2300     0.5081     3.3092    96.3729    30.0
20230510.0000     0.5559     3.3578    95.6489    30.0
20230510.0100     0.6166     3.4317    94.3927    30.0
20230510.0200     0.7042     3.5379    92.9720    30.0
20230510.0300     0.8039     3.6888    91.6061    30.0
20230510.0400     0.9060     3.8609    90.8546    30.0
20230510.0500     0.9905     4.0321    90.2402    30.0
20230510.0600     1.0545     4.1805    89.9166    30.0
20230510.0700     1.1153     4.2989    89.9330    30.0
20230510.0800     1.1773     4.3911    90.7943    30.0
20230510.0900     1.2210     4.4666    91.9462    30.0
20230510.1000     1.2013     4.5397    91.3263    30.0
20230510.1100     1.1747     4.5634    91.5512    30.0
20230510.1200     1.1432     4.5508    92.3686    30.0
20230510.1300     1.1216     4.5067    93.8716    30.0
20230510.1400     1.1142     4.4530    95.4624    30.0
20230510.1500     1.0983     4.4245    95.7805    30.0
20230510.1600     1.0584     4.4283    94.6505    30.0
20230510.1700     1.0235     4.4211    93.1640    30.0
20230510.1800     0.9900     4.4088    92.0395    30.0
20230510.1900     0.9722     4.3733    91.4251    30.0
20230510.2000     0.9525     4.3496    90.7065    30.0
20230510.2100     0.9228     4.3442    90.3445    30.0
20230510.2200     0.9088     4.3115    90.0044    30.0
20230510.2300     0.9438     4.3397    89.0499    30.0
20230511.0000     0.9264     4.3274    88.1448    30.0
20230511.0100     0.9037     4.3220    86.8722    30.0
20230511.0200     0.8786     4.3189    85.6160    30.0
20230511.0300     0.8498     4.3222    84.6945    30.0
20230511.0400     0.8154     4.3385    83.8387    30.0
20230511.0500     0.7840     4.3426    82.9172    30.0
20230511.0600     0.7645     4.3077    82.0395    30.0
20230511.0700     0.7506     4.2669    81.4416    30.0
20230511.0800     0.7364     4.2364    81.8420    30.0
20230511.0900     0.7268     4.1957    83.2737    30.0
20230511.1000     0.7128     4.1811    83.9868    30.0
20230511.1100     0.7206     4.1024    86.3620    30.0
20230511.1200     0.7456     4.0130    89.1431    30.0
20230511.1300     0.7720     3.9673    90.9040    30.0
20230511.1400     0.7865     3.9663    91.6939    30.0
20230511.1500     0.7879     3.9861    91.7158    30.0
20230511.1600     0.7895     3.9962    91.7487    30.0
20230511.1700     0.7976     3.9934    92.2260    30.0
20230511.1800     0.8110     3.9902    92.9994    30.0
20230511.1900     0.8192     4.0023    93.4657    30.0
20230511.2000     0.8196     4.0265    93.4327    30.0
20230511.2100     0.8126     4.0560    93.1256    30.0
20230511.2200     0.7959     4.0941    92.3357    30.0
20230511.2300     0.7904     4.1070    91.5677    30.0
20230512.0000     0.8022     4.1022    90.8820    30.0
20230512.0100     0.8246     4.1061    90.1963    30.0
20230512.0200     0.8620     4.1168    89.6697    30.0
20230512.0300     0.9028     4.1519    89.0554    30.0
20230512.0400     0.9243     4.2188    88.1338    30.0
20230512.0500     0.9299     4.2931    87.1574    30.0
20230512.0600     0.9239     4.3640    86.2633    30.0
20230512.0700     0.9231     4.4067    85.8245    30.0
20230512.0800     0.9273     4.4329    85.7861    30.0
20230512.0900     0.9333     4.4554    85.7751    30.0
20230512.1000     0.9252     4.5137    85.1278    30.0
20230512.1100     0.9326     4.5505    84.8535    30.0
20230512.1200     0.9514     4.5406    85.1223    30.0
20230512.1300     0.9745     4.5284    85.9067    30.0
20230512.1400     0.9951     4.5276    86.5430    30.0
20230512.1500     1.0024     4.5529    86.7515    30.0
20230512.1600     0.9995     4.5876    86.8886    30.0
20230512.1700     0.9961     4.6108    87.2616    30.0
20230512.1800     0.9860     4.6436    87.4427    30.0
20230512.1900     0.9668     4.6912    87.3055    30.0
20230512.2000     0.9478     4.7267    87.3604    30.0
20230512.2100     0.9297     4.7492    87.6895    30.0
20230512.2200     0.9074     4.7803    87.8596    30.0
20230512.2300     0.8833     4.8144    87.7773    30.0
20230513.0000     0.8577     4.8521    87.5249    30.0
20230513.0100     0.8328     4.8876    87.2178    30.0
20230513.0200     0.8081     4.9285    86.7186    30.0
20230513.0300     0.7836     4.9765    85.9726    30.0
20230513.0400     0.7610     5.0215    85.2156    30.0
20230513.0500     0.7410     5.0637    84.5244    30.0
20230513.0600     0.7226     5.1056    83.8607    30.0
20230513.0700     0.7066     5.1421    83.2902    30.0
20230513.0800     0.6944     5.1587    82.9282    30.0
20230513.0900     0.6841     5.1639    82.7526    30.0
20230513.1000     0.6779     5.1386    83.0324    30.0
20230513.1100     0.6804     5.0517    83.7235    30.0
20230513.1200     0.6873     4.9377    85.1388    30.0
20230513.1300     0.6904     4.8571    86.5869    30.0
20230513.1400     0.6856     4.8275    87.3439    30.0
20230513.1500     0.6794     4.8032    88.1393    30.0
20230513.1600     0.6721     4.7873    88.7811    30.0
20230513.1700     0.6684     4.7472    89.9769    30.0
20230513.1800     0.6661     4.7003    91.5183    30.0
20230513.1900     0.6648     4.6526    93.3834    30.0
20230513.2000     0.6655     4.5958    95.7421    30.0
20230513.2100     0.6685     4.5264    98.9346    30.0
20230513.2200     0.6617     4.5161   100.8161    30.0
20230513.2300     0.8135     5.0158   102.4343    30.0
20230514.0000     0.7970     5.0499   101.1672    30.0
20230514.0100     0.7757     5.0823   100.0262    30.0
20230514.0200     0.7490     5.1198    98.5452    30.0
20230514.0300     0.7190     5.1608    96.8666    30.0
20230514.0400     0.6876     5.1950    95.2649    30.0
20230514.0500     0.6567     5.2182    93.8661    30.0
20230514.0600     0.6277     5.2186    92.6867    30.0
20230514.0700     0.6013     5.1870    91.6061    30.0
20230514.0800     0.5770     5.1413    90.4761    30.0
20230514.0900     0.5548     5.0828    89.4723    30.0
20230514.1000     0.5307     5.0498    88.0625    30.0
20230514.1100     0.5140     4.9580    87.3055    30.0
20230514.1200     0.4994     4.8574    86.5814    30.0
20230514.1300     0.4857     4.7664    86.1810    30.0
20230514.1400     0.4711     4.7051    86.2249    30.0
20230514.1500     0.4581     4.6400    87.1245    30.0
20230514.1600     0.4492     4.5489    89.0718    30.0
20230514.1700     0.4412     4.4688    90.8930    30.0
20230514.1800     0.4348     4.3869    92.7800    30.0
20230514.1900     0.4305     4.3038    94.9687    30.0
20230514.2000     0.4253     4.2387    96.7185    30.0
20230514.2100     0.4219     4.1742    98.9017    30.0
20230514.2200     0.4113     4.1835   100.3115    30.0
20230514.2300     0.4047     4.1650   100.5199    30.0
20230515.0000     0.4007     4.1247   101.5128    30.0
20230515.0100     0.4006     4.0546   103.8276    30.0
20230515.0200     0.3984     4.0101   105.1003    30.0
20230515.0300     0.3919     4.0058   104.7163    30.0
20230515.0400     0.3840     4.0139   103.3669    30.0
20230515.0500     0.3755     4.0291   101.7048    30.0
20230515.0600     0.3671     4.0427    99.9714    30.0
20230515.0700     0.3607     4.0352    98.1118    30.0
20230515.0800     0.3555     4.0275    96.5375    30.0
20230515.0900     0.3529     3.9919    95.2594    30.0
20230515.1000     0.3480     3.9694    92.5331    30.0
20230515.1100     0.3498     3.8989    91.0301    30.0
20230515.1200     0.3505     3.8457    90.3280    30.0
20230515.1300     0.3506     3.8062    90.0263    30.0
20230515.1400     0.3512     3.7665    89.8837    30.0
20230515.1500     0.3506     3.7425    90.4542    30.0
20230515.1600     0.3512     3.7107    92.6374    30.0
20230515.1700     0.3561     3.6498    96.3784    30.0
20230515.1800     0.3597     3.5995    99.4558    30.0
20230515.1900     0.3609     3.5673   101.5731    30.0
20230515.2000     0.3598     3.5507   102.8293    30.0
20230515.2100     0.3582     3.5427   103.4053    30.0
20230515.2200     0.3460     3.6066   102.9280    30.0
20230515.2300     0.3437     3.5962   102.3191    30.0
20230516.0000     0.3424     3.5791   101.5402    30.0
20230516.0100     0.3399     3.5710   100.1195    30.0
20230516.0200     0.3361     3.5711    98.1886    30.0
20230516.0300     0.3328     3.5675    96.1151    30.0
20230516.0400     0.3277     3.5755    94.6944    30.0
20230516.0500     0.3219     3.5880    93.4657    30.0
20230516.0600     0.3162     3.6018    92.4947    30.0
20230516.0700     0.3112     3.6068    91.7597    30.0
20230516.0800     0.3055     3.6149    91.1124    30.0
20230516.0900     0.3005     3.6162    90.6791    30.0
20230516.1000     0.2898     3.6566    89.4997    30.0
20230516.1100     0.2870     3.6318    89.2748    30.0
20230516.1200     0.2863     3.5824    89.1870    30.0
20230516.1300     0.2885     3.5115    89.2858    30.0
20230516.1400     0.2918     3.4375    89.5216    30.0
20230516.1500     0.2939     3.3828    90.7997    30.0
20230516.1600     0.2945     3.3417    92.9336    30.0
20230516.1700     0.2942     3.3093    95.5776    30.0
20230516.1800     0.2949     3.2706    98.3587    30.0
20230516.1900     0.2946     3.2390   100.6022    30.0
20230516.2000     0.2977     3.1916   103.0103    30.0
20230516.2100     0.3013     3.1524   104.8040    30.0
20230516.2200     0.2945     3.1725   105.7091    30.0
20230516.2300     0.2931     3.1674   105.7695    30.0
20230517.0000     0.2941     3.1578   105.9999    30.0
20230517.0100     0.2929     3.1618   105.4404    30.0
20230517.0200     0.2942     3.1540   105.4294    30.0
20230517.0300     0.2922     3.1682   104.2390    30.0
20230517.0400     0.2900     3.1827   102.4343    30.0
20230517.0500     0.2879     3.1976   100.6625    30.0
20230517.0600     0.2853     3.2119    98.9237    30.0
20230517.0700     0.2822     3.2293    97.3219    30.0
20230517.0800     0.2812     3.2259    95.2100    30.0
20230517.0900     0.2870     3.1840    92.6374    30.0
20230517.1000     0.2870     3.1647    88.9950    30.0
20230517.1100     0.2981     3.1055    87.3055    30.0
20230517.1200     0.3078     3.0596    87.2232    30.0
20230517.1300     0.3205     3.0142    87.5140    30.0
20230517.1400     0.3357     2.9769    87.9034    30.0
20230517.1500     0.3456     2.9744    89.7685    30.0
20230517.1600     0.3541     2.9766    93.3560    30.0
20230517.1700     0.3681     2.9601    98.4629    30.0
20230517.1800     0.3791     2.9515   102.4289    30.0
20230517.1900     0.3862     2.9642   104.8424    30.0
20230517.2000     0.3918     2.9821   106.5539    30.0
20230517.2100     0.3938     3.0099   106.8995    30.0
20230517.2200     0.3927     3.0358   107.0421    30.0
20230517.2300     0.3960     3.0496   105.8956    30.0
20230518.0000     0.4014     3.0608   104.7053    30.0
20230518.0100     0.4049     3.0805   103.5040    30.0
20230518.0200     0.4058     3.1088   102.2588    30.0
20230518.0300     0.4038     3.1435   100.8984    30.0
20230518.0400     0.4005     3.1794    99.6587    30.0
20230518.0500     0.3937     3.2288    98.0515    30.0
20230518.0600     0.3838     3.2937    96.0274    30.0
20230518.0700     0.3750     3.3468    94.2172    30.0
20230518.0800     0.3659     3.4024    92.5496    30.0
20230518.0900     0.3583     3.4454    91.1782    30.0
20230518.1000     0.3499     3.4755    89.5984    30.0
20230518.1100     0.3463     3.4790    88.5781    30.0
20230518.1200     0.3450     3.4654    88.0899    30.0
20230518.1300     0.3478     3.4220    88.2326    30.0
20230518.1400     0.3577     3.3470    90.1744    30.0
20230518.1500     0.3738     3.2578    92.7964    30.0
20230518.1600     0.3916     3.1929    95.5392    30.0
20230518.1700     0.4086     3.1605    97.8979    30.0
20230518.1800     0.4190     3.1637    99.1047    30.0
20230518.1900     0.4209     3.1903    99.1541    30.0
20230518.2000     0.4231     3.2070    99.5764    30.0
20230518.2100     0.4224     3.2309    99.5051    30.0
20230518.2200     0.4186     3.2573    99.2802    30.0
20230518.2300     0.4148     3.2890    98.4245    30.0
20230519.0000     0.4085     3.3318    97.3274    30.0
20230519.0100     0.4016     3.3771    95.9725    30.0
20230519.0200     0.3971     3.4125    94.8754    30.0
20230519.0300     0.3936     3.4459    93.7564    30.0
20230519.0400     0.3925     3.4708    92.9171    30.0
20230519.0500     0.3884     3.5208    91.5348    30.0
20230519.0600     0.3833     3.5846    90.0976    30.0
20230519.0700     0.3798     3.6386    88.7701    30.0
20230519.0800     0.3780     3.6796    87.6347    30.0
20230519.0900     0.3779     3.7050    86.6747    30.0
20230519.1000     0.3765     3.7313    85.4021    30.0
20230519.1100     0.3813     3.7182    85.0181    30.0
20230519.1200     0.3880     3.6902    84.6012    30.0
20230519.1300     0.3948     3.6642    84.1514    30.0
20230519.1400     0.4008     3.6466    83.8497    30.0
20230519.1500     0.4096     3.6146    84.0362    30.0
20230519.1600     0.4249     3.5536    84.9248    30.0
20230519.1700     0.4447     3.4900    86.4992    30.0
20230519.1800     0.4570     3.4684    88.0735    30.0
20230519.1900     0.4678     3.4526    89.9001    30.0
20230519.2000     0.4801     3.4277    92.2863    30.0
20230519.2100     0.4885     3.4168    93.7728    30.0
20230519.2200     0.4888     3.4325    94.0142    30.0
20230519.2300     0.4945     3.4651    93.4711    30.0
20230520.0000     0.4907     3.4826    92.6044    30.0
20230520.0100     0.4830     3.5153    91.4635    30.0
20230520.0200     0.4765     3.5436    90.4706    30.0
20230520.0300     0.4688     3.5813    89.4558    30.0
20230520.0400     0.4638     3.6070    88.6165    30.0
20230520.0500     0.4630     3.6133    87.9967    30.0
20230520.0600     0.4631     3.6212    87.3384    30.0
20230520.0700     0.4619     3.6368    86.5595    30.0
20230520.0800     0.4605     3.6534    85.8025    30.0
20230520.0900     0.4598     3.6614    85.3472    30.0
20230520.1000     0.4583     3.6709    84.8865    30.0
20230520.1100     0.4615     3.6555    84.6122    30.0
20230520.1200     0.4656     3.6389    84.5354    30.0
20230520.1300     0.4759     3.5973    84.8590    30.0
20230520.1400     0.4966     3.5369    85.3856    30.0
20230520.1500     0.5185     3.5069    85.5721    30.0
20230520.1600     0.5333     3.5164    85.6380    30.0
20230520.1700     0.5417     3.5457    85.5941    30.0
20230520.1800     0.5481     3.5767    85.9177    30.0
20230520.1900     0.5505     3.6160    86.1536    30.0
20230520.2000     0.5556     3.6438    86.5321    30.0
20230520.2100     0.5617     3.6687    86.9819    30.0
20230520.2200     0.5734     3.6798    87.5359    30.0
20230520.2300     0.5898     3.6895    88.1887    30.0
20230521.0000     0.6118     3.6998    89.1815    30.0
20230521.0100     0.6324     3.7264    89.7904    30.0
20230521.0200     0.6473     3.7690    89.7904    30.0
20230521.0300     0.6556     3.8199    89.3735    30.0
20230521.0400     0.6586     3.8688    88.7592    30.0
20230521.0500     0.6542     3.9238    87.7444    30.0
20230521.0600     0.6448     3.9763    86.7625    30.0
20230521.0700     0.6329     4.0256    85.8738    30.0
20230521.0800     0.6219     4.0587    85.1388    30.0
20230521.0900     0.6138     4.0721    84.6012    30.0
20230521.1000     0.6100     4.0629    84.1733    30.0
20230521.1100     0.6132     4.0298    84.0527    30.0
20230521.1200     0.6174     4.0047    84.1295    30.0
20230521.1300     0.6237     3.9819    84.2831    30.0
20230521.1400     0.6337     3.9564    84.6945    30.0
20230521.1500     0.6410     3.9510    85.3747    30.0
20230521.1600     0.6480     3.9504    86.4992    30.0
20230521.1700     0.6547     3.9509    88.0077    30.0
20230521.1800     0.6552     3.9722    89.0225    30.0
20230521.1900     0.6511     4.0062    89.4229    30.0
20230521.2000     0.6459     4.0367    89.5820    30.0
20230521.2100     0.6426     4.0550    89.8288    30.0
20230521.2200     0.6313     4.1036    89.4119    30.0
20230521.2300     0.6242     4.1297    89.1047    30.0
20230522.0000     0.6191     4.1411    89.0883    30.0
20230522.0100     0.6124     4.1584    88.9841    30.0
20230522.0200     0.6066     4.1679    88.8689    30.0
20230522.0300     0.5998     4.1814    88.4630    30.0
20230522.0400     0.5929     4.1914    87.8980    30.0
20230522.0500     0.5869     4.1984    87.2068    30.0
20230522.0600     0.5800     4.2107    86.4882    30.0
20230522.0700     0.5736     4.2196    85.8574    30.0
20230522.0800     0.5686     4.2204    85.3198    30.0
20230522.0900     0.5666     4.2065    84.9742    30.0
20230522.1000     0.5580     4.2372    84.2995    30.0
20230522.1100     0.5637     4.2624    83.8826    30.0
20230522.1200     0.5642     4.2650    83.5645    30.0
20230522.1300     0.5655     4.2684    83.3615    30.0
20230522.1400     0.5696     4.2561    83.2957    30.0
20230522.1500     0.5764     4.2296    83.1860    30.0
20230522.1600     0.5852     4.1957    83.1860    30.0
20230522.1700     0.5942     4.1618    83.7400    30.0
20230522.1800     0.6069     4.1122    85.0730    30.0
20230522.1900     0.6200     4.0666    86.5595    30.0
20230522.2000     0.6302     4.0388    87.8980    30.0
20230522.2100     0.6365     4.0289    88.9182    30.0
20230522.2200     0.6364     4.0348    89.9056    30.0
20230522.2300     0.6350     4.0436    90.4377    30.0
20230523.0000     0.6358     4.0393    91.1728    30.0
20230523.0100     0.6371     4.0295    92.0285    30.0
20230523.0200     0.6319     4.0415    92.2753    30.0
20230523.0300     0.6196     4.0777    91.6555    30.0
20230523.0400     0.6055     4.1133    90.6955    30.0
20230523.0500     0.5938     4.1299    89.7795    30.0
20230523.0600     0.5818     4.1439    88.7646    30.0
20230523.0700     0.5713     4.1472    87.7992    30.0
20230523.0800     0.5619     4.1435    86.9435    30.0
20230523.0900     0.5551     4.1238    86.3181    30.0
20230523.1000     0.5501     4.0921    85.3582    30.0
20230523.1100     0.5457     4.0670    84.8042    30.0
20230523.1200     0.5413     4.0411    84.4696    30.0
20230523.1300     0.5378     4.0132    84.2282    30.0
20230523.1400     0.5412     3.9524    84.4860    30.0
20230523.1500     0.5503     3.8786    85.2320    30.0
20230523.1600     0.5605     3.8174    86.5211    30.0
20230523.1700     0.5675     3.7795    88.2655    30.0
20230523.1800     0.5718     3.7530    90.0812    30.0
20230523.1900     0.5748     3.7358    91.6719    30.0
20230523.2000     0.5743     3.7330    92.9171    30.0
20230523.2100     0.5710     3.7391    93.8826    30.0
20230523.2200     0.5669     3.7467    94.4969    30.0
20230523.2300     0.5718     3.7301    95.5721    30.0
20230524.0000     0.5820     3.7112    96.8227    30.0
20230524.0100     0.5870     3.7221    96.9379    30.0
20230524.0200     0.5850     3.7598    96.0274    30.0
20230524.0300     0.5799     3.8071    94.4256    30.0
20230524.0400     0.5763     3.8468    92.5002    30.0
20230524.0500     0.5765     3.8702    90.5529    30.0
20230524.0600     0.5767     3.8929    88.7372    30.0
20230524.0700     0.5748     3.9229    87.2891    30.0
20230524.0800     0.5701     3.9641    86.1975    30.0
20230524.0900     0.5642     4.0053    85.4240    30.0
20230524.1000     0.5625     4.0175    84.6615    30.0
20230524.1100     0.5713     3.9863    84.3763    30.0
20230524.1200     0.5816     3.9587    84.5299    30.0
20230524.1300     0.5908     3.9409    85.2540    30.0
20230524.1400     0.6023     3.9174    86.4553    30.0
20230524.1500     0.6217     3.8742    88.2929    30.0
20230524.1600     0.6490     3.8266    90.7449    30.0
20230524.1700     0.6790     3.7951    93.3505    30.0
20230524.1800     0.6993     3.8001    95.3581    30.0
20230524.1900     0.7057     3.8304    96.6417    30.0
20230524.2000     0.7024     3.8713    97.3000    30.0
20230524.2100     0.6942     3.9123    97.6017    30.0
20230524.2200     0.6687     3.9998    96.1042    30.0
20230524.2300     0.6523     4.0475    95.1771    30.0
20230525.0000     0.6462     4.0517    95.3307    30.0
20230525.0100     0.6421     4.0524    95.6818    30.0
20230525.0200     0.6340     4.0731    95.5008    30.0
20230525.0300     0.6202     4.1207    94.3598    30.0
20230525.0400     0.6069     4.1640    92.9829    30.0
20230525.0500     0.5968     4.1911    91.5019    30.0
20230525.0600     0.5926     4.1865    90.0866    30.0
20230525.0700     0.5930     4.1633    88.8140    30.0
20230525.0800     0.5934     4.1469    87.6456    30.0
20230525.0900     0.5914     4.1482    86.6308    30.0
20230525.1000     0.5853     4.1728    85.4021    30.0
20230525.1100     0.6083     4.2384    84.5683    30.0
20230525.1200     0.6125     4.2241    84.2721    30.0
20230525.1300     0.6175     4.2061    84.1624    30.0
20230525.1400     0.6200     4.2007    83.8113    30.0
20230525.1500     0.6237     4.1834    83.7510    30.0
20230525.1600     0.6271     4.1637    84.2995    30.0
20230525.1700     0.6257     4.1604    84.9907    30.0
20230525.1800     0.6192     4.1788    85.3801    30.0
20230525.1900     0.6140     4.1845    85.9013    30.0
20230525.2000     0.6181     4.1394    87.6895    30.0
20230525.2100     0.6305     4.0643    90.5310    30.0
20230525.2200     0.6365     4.0321    92.4673    30.0
20230525.2300     0.6391     4.0227    93.2408    30.0
20230526.0000     0.6339     4.0459    92.9610    30.0
20230526.0100     0.6240     4.0864    92.1327    30.0
20230526.0200     0.6159     4.1160    91.5019    30.0
20230526.0300     0.6094     4.1384    90.9149    30.0
20230526.0400     0.6066     4.1418    90.5090    30.0
20230526.0500     0.6053     4.1408    89.8946    30.0
20230526.0600     0.6012     4.1582    88.7921    30.0
20230526.0700     0.5960     4.1804    87.4701    30.0
20230526.0800     0.5930     4.1906    86.3291    30.0
20230526.0900     0.5904     4.1989    85.4076    30.0
20230526.1000     0.5990     4.1479    84.0417    30.0
20230526.1100     0.6074     4.1097    83.1860    30.0
20230526.1200     0.6103     4.1008    82.4838    30.0
20230526.1300     0.6140     4.0858    81.9408    30.0
20230526.1400     0.6217     4.0555    81.7104    30.0
20230526.1500     0.6304     4.0278    81.8366    30.0
20230526.1600     0.6345     4.0188    82.2425    30.0
20230526.1700     0.6339     4.0216    83.0379    30.0
20230526.1800     0.6345     4.0111    84.2940    30.0
20230526.1900     0.6444     3.9640    86.6637    30.0
20230526.2000     0.6660     3.8925    90.0098    30.0
20230526.2100     0.6969     3.8288    93.6028    30.0
20230526.2200     0.7127     3.8240    95.8957    30.0
20230526.2300     0.9394     4.3706    97.5633    30.0
20230527.0000     0.9159     4.5275    95.3088    30.0
20230527.0100     0.8913     4.6813    92.9939    30.0
20230527.0200     0.8725     4.8188    91.0411    30.0
20230527.0300     0.8591     4.9387    89.4887    30.0
20230527.0400     0.8461     5.0576    88.1174    30.0
20230527.0500     0.8324     5.1741    86.8886    30.0
20230527.0600     0.8180     5.2749    85.9122    30.0
20230527.0700     0.8032     5.3530    85.1278    30.0
20230527.0800     0.7874     5.4106    84.5409    30.0
20230527.0900     0.7703     5.4464    84.0965    30.0
20230527.1000     0.7517     5.4608    83.6358    30.0
20230527.1100     0.7371     5.4215    83.4054    30.0
20230527.1200     0.7235     5.3538    83.4328    30.0
20230527.1300     0.7119     5.2554    83.5809    30.0
20230527.1400     0.7031     5.1330    83.8607    30.0
20230527.1500     0.6944     5.0124    84.4421    30.0
20230527.1600     0.6838     4.9178    85.1881    30.0
20230527.1700     0.6717     4.8378    85.9616    30.0
20230527.1800     0.6569     4.7826    86.4498    30.0
20230527.1900     0.6449     4.7108    87.3713    30.0
20230527.2000     0.6366     4.6209    88.7043    30.0
20230527.2100     0.6322     4.5178    90.7559    30.0
20230527.2200     0.6239     4.4496    92.4179    30.0
20230527.2300     0.6233     4.3542    94.5353    30.0
20230528.0000     0.6273     4.2601    96.6472    30.0
20230528.0100     0.6316     4.2006    97.8869    30.0
20230528.0200     0.6371     4.1699    98.1557    30.0
20230528.0300     0.6434     4.1628    97.5139    30.0
20230528.0400     0.6482     4.1820    96.2907    30.0
20230528.0500     0.6491     4.2319    94.7273    30.0
20230528.0600     0.6475     4.2982    93.1311    30.0
20230528.0700     0.6460     4.3590    91.6719    30.0
20230528.0800     0.6446     4.4075    90.3774    30.0
20230528.0900     0.6436     4.4342    89.1980    30.0
20230528.1000     0.6462     4.4196    87.4481    30.0
20230528.1100     0.7212     4.5406    86.0384    30.0
20230528.1200     0.7256     4.4734    85.2979    30.0
20230528.1300     0.7273     4.4151    84.9248    30.0
20230528.1400     0.7214     4.3814    84.8371    30.0
20230528.1500     0.7079     4.3778    84.9578    30.0
20230528.1600     0.6981     4.3536    85.7696    30.0
20230528.1700     0.6953     4.3074    87.3604    30.0
20230528.1800     0.6960     4.2588    89.2748    30.0
20230528.1900     0.6997     4.2183    91.0795    30.0
20230528.2000     0.7080     4.1819    92.6922    30.0
20230528.2100     0.7252     4.1377    94.4037    30.0
20230528.2200     0.7348     4.1407    94.9522    30.0
20230528.2300     0.7466     4.1490    95.1881    30.0
20230529.0000     0.7592     4.1633    95.1332    30.0
20230529.0100     0.7712     4.1774    94.8535    30.0
20230529.0200     0.7873     4.1743    94.8590    30.0
20230529.0300     0.7944     4.1920    94.5847    30.0
20230529.0400     0.7856     4.2392    93.6851    30.0
20230529.0500     0.7702     4.2878    92.4399    30.0
20230529.0600     0.7546     4.3179    91.0576    30.0
20230529.0700     0.7413     4.3257    89.7136    30.0
20230529.0800     0.7283     4.3213    88.5836    30.0
20230529.0900     0.7155     4.3103    87.7882    30.0
20230529.1000     0.6956     4.3232    86.8064    30.0
20230529.1100     0.6795     4.3139    86.0384    30.0
20230529.1200     0.6660     4.2906    85.3088    30.0
20230529.1300     0.6616     4.2310    84.8206    30.0
20230529.1400     0.6719     4.1321    84.6177    30.0
20230529.1500     0.6959     4.0278    84.9139    30.0
20230529.1600     0.7276     3.9524    85.8245    30.0
20230529.1700     0.7575     3.9219    86.9380    30.0
20230529.1800     0.7847     3.9234    87.9309    30.0
20230529.1900     0.8083     3.9474    88.6275    30.0
20230529.2000     0.8358     3.9745    89.5655    30.0
20230529.2100     0.8675     4.0053    90.7833    30.0
20230529.2200     0.8746     4.0562    91.6719    30.0
20230529.2300     0.8988     4.1315    92.6374    30.0
20230530.0000     0.9071     4.1655    93.4602    30.0
20230530.0100     0.9102     4.1999    93.9923    30.0
20230530.0200     0.9040     4.2384    93.9374    30.0
20230530.0300     0.8962     4.2663    93.5809    30.0
20230530.0400     0.8908     4.2805    93.1914    30.0
20230530.0500     0.8819     4.2951    92.7361    30.0
20230530.0600     0.8650     4.3194    91.9736    30.0
20230530.0700     0.8413     4.3547    90.7284    30.0
20230530.0800     0.8182     4.3836    89.4339    30.0
20230530.0900     0.7986     4.4016    88.2490    30.0
20230530.1000     0.7748     4.4378    86.9490    30.0
20230530.1100     0.7533     4.4749    85.8190    30.0
20230530.1200     0.7380     4.4924    85.0236    30.0
20230530.1300     0.7287     4.4905    84.3928    30.0
20230530.1400     0.7265     4.4665    84.0307    30.0
20230530.1500     0.7279     4.4373    84.1679    30.0
20230530.1600     0.7290     4.4187    84.7383    30.0
20230530.1700     0.7335     4.3907    85.8958    30.0
20230530.1800     0.7394     4.3625    87.4975    30.0
20230530.1900     0.7452     4.3368    89.4778    30.0
20230530.2000     0.7478     4.3261    91.2825    30.0
20230530.2100     0.7507     4.3166    92.9445    30.0
20230530.2200     0.7512     4.3188    94.1459    30.0
20230530.2300     0.7508     4.3230    95.0071    30.0
20230531.0000     0.7482     4.3327    95.5776    30.0
20230531.0100     0.7495     4.3270    96.3510    30.0
20230531.0200     0.7506     4.3231    96.8721    30.0
20230531.0300     0.7490     4.3309    96.6637    30.0
20230531.0400     0.7460     4.3446    95.9176    30.0
20230531.0500     0.7394     4.3670    94.7328    30.0
20230531.0600     0.7295     4.3988    93.3011    30.0
20230531.0700     0.7188     4.4268    91.8310    30.0
20230531.0800     0.7087     4.4474    90.4651    30.0
20230531.0900     0.6986     4.4645    89.2967    30.0
20230531.1000     0.6919     4.4610    88.1064    30.0
20230531.1100     0.7193     4.5195    87.3220    30.0
20230531.1200     0.7215     4.4619    86.5650    30.0
20230531.1300     0.7296     4.3940    85.8299    30.0
20230531.1400     0.7444     4.3190    85.4350    30.0
20230531.1500     0.7631     4.2533    85.4898    30.0
20230531.1600     0.7752     4.2196    85.9945    30.0
20230531.1700     0.7775     4.2096    86.8447    30.0
20230531.1800     0.7701     4.2191    87.7718    30.0
20230531.1900     0.7635     4.2171    88.9018    30.0
20230531.2000     0.7586     4.2100    89.9550    30.0
20230531.2100     0.7539     4.2017    91.0301    30.0
20230531.2200     0.7335     4.2411    90.9533    30.0
20230531.2300     0.7135     4.2759    90.7449    30.0
20230601.0000     0.6955     4.3003    90.6955    30.0
20230601.0100     0.6779     4.3229    90.5200    30.0
20230601.0200     0.6609     4.3461    90.1086    30.0
20230601.0300     0.6438     4.3723    89.4174    30.0
20230601.0400     0.6287     4.3885    88.6495    30.0
20230601.0500     0.6171     4.3878    87.8870    30.0
20230601.0600     0.6055     4.3946    86.8831    30.0
20230601.0700     0.5940     4.4060    85.6873    30.0
20230601.0800     0.5863     4.3991    84.5244    30.0
20230601.0900     0.5839     4.3632    83.5809    30.0
20230601.1000     0.5801     4.3452    82.6429    30.0
20230601.1100     0.5814     4.3057    82.1273    30.0
20230601.1200     0.5852     4.2642    81.8420    30.0
20230601.1300     0.5874     4.2387    81.6007    30.0
20230601.1400     0.5898     4.2179    81.5458    30.0
20230601.1500     0.5922     4.1994    81.6884    30.0
20230601.1600     0.5993     4.1584    82.6045    30.0
20230601.1700     0.6109     4.1002    84.4531    30.0
20230601.1800     0.6174     4.0740    86.1700    30.0
20230601.1900     0.6141     4.0895    87.1026    30.0
20230601.2000     0.6060     4.1217    87.5688    30.0
20230601.2100     0.5940     4.1684    87.4865    30.0
20230601.2200     0.5740     4.2620    86.3456    30.0
20230601.2300     0.6303     4.5776    85.4734    30.0
20230602.0000     0.6120     4.6113    84.5354    30.0
20230602.0100     0.5959     4.6283    83.8552    30.0
20230602.0200     0.5824     4.6252    83.4877    30.0
20230602.0300     0.5698     4.6201    83.1585    30.0
20230602.0400     0.5583     4.6089    82.9611    30.0
20230602.0500     0.5487     4.5898    82.8623    30.0
20230602.0600     0.5390     4.5760    82.5606    30.0
20230602.0700     0.5308     4.5542    82.1986    30.0
20230602.0800     0.5253     4.5143    81.7433    30.0
20230602.0900     0.5228     4.4540    81.4471    30.0
20230602.1000     0.5269     4.3491    80.4378    30.0
20230602.1100     0.5403     4.2084    80.0702    30.0
20230602.1200     0.5619     4.0625    80.0373    30.0
20230602.1300     0.5994     3.9109    80.1909    30.0
20230602.1400     0.6496     3.8071    80.6133    30.0
20230602.1500     0.6917     3.7886    81.0850    30.0
20230602.1600     0.7202     3.8212    82.0724    30.0
20230602.1700     0.7465     3.8617    83.9539    30.0
20230602.1800     0.7656     3.9147    85.7586    30.0
20230602.1900     0.7685     3.9846    86.9215    30.0
20230602.2000     0.7640     4.0480    87.9802    30.0
20230602.2100     0.7532     4.1088    88.6275    30.0
20230602.2200     0.7319     4.1920    88.2710    30.0
20230602.2300     0.7083     4.2807    87.1794    30.0
20230603.0000     0.6847     4.3692    85.8245    30.0
20230603.0100     0.6640     4.4443    84.5902    30.0
20230603.0200     0.6469     4.5008    83.6467    30.0
20230603.0300     0.6332     4.5375    83.0598    30.0
20230603.0400     0.6207     4.5675    82.5442    30.0
20230603.0500     0.6091     4.5964    82.0176    30.0
20230603.0600     0.5981     4.6242    81.4306    30.0
20230603.0700     0.5884     4.6420    80.9150    30.0
20230603.0800     0.5804     4.6502    80.4213    30.0
20230603.0900     0.5734     4.6563    80.0538    30.0
20230603.1000     0.5729     4.6063    79.4998    30.0
20230603.1100     0.5819     4.5048    79.5272    30.0
20230603.1200     0.5953     4.4115    79.7082    30.0
20230603.1300     0.6033     4.3670    79.8618    30.0
20230603.1400     0.6039     4.3653    79.9605    30.0
20230603.1500     0.6014     4.3753    80.3610    30.0
20230603.1600     0.5989     4.3820    81.0576    30.0
20230603.1700     0.5957     4.3892    81.7268    30.0
20230603.1800     0.5906     4.4067    82.1437    30.0
20230603.1900     0.5853     4.4212    82.4838    30.0
20230603.2000     0.5813     4.4248    82.9391    30.0
20230603.2100     0.5803     4.4028    83.8936    30.0
20230603.2200     0.5765     4.3921    85.4240    30.0
20230603.2300     0.5717     4.3879    86.1371    30.0
20230604.0000     0.5615     4.4182    85.9781    30.0
20230604.0100     0.5500     4.4563    85.4021    30.0
20230604.0200     0.5399     4.4778    84.9194    30.0
20230604.0300     0.5303     4.4952    84.4476    30.0
20230604.0400     0.5215     4.5052    84.0307    30.0
20230604.0500     0.5131     4.5093    83.5645    30.0
20230604.0600     0.5052     4.5073    83.0817    30.0
20230604.0700     0.4980     4.5028    82.5606    30.0
20230604.0800     0.4921     4.4838    81.9682    30.0
20230604.0900     0.4851     4.4760    81.5897    30.0
20230604.1000     0.4747     4.4910    81.3758    30.0
20230604.1100     0.4690     4.4700    81.4965    30.0
20230604.1200     0.4625     4.4579    81.4251    30.0
20230604.1300     0.4565     4.4358    81.4471    30.0
20230604.1400     0.4538     4.3873    81.9463    30.0
20230604.1500     0.4509     4.3415    82.4016    30.0
20230604.1600     0.4513     4.2697    83.4986    30.0
20230604.1700     0.4507     4.2104    84.3598    30.0
20230604.1800     0.4470     4.1803    84.7109    30.0
20230604.1900     0.4405     4.1754    84.7548    30.0
20230604.2000     0.4339     4.1725    84.6561    30.0
20230604.2100     0.4268     4.1790    84.3215    30.0
20230604.2200     0.4169     4.2089    84.1295    30.0
20230604.2300     0.4126     4.1922    83.8826    30.0
20230605.0000     0.4085     4.1852    83.6961    30.0
20230605.0100     0.4054     4.1696    83.8936    30.0
20230605.0200     0.4026     4.1573    84.0856    30.0
20230605.0300     0.4011     4.1307    84.4531    30.0
20230605.0400     0.3986     4.1143    84.3928    30.0
20230605.0500     0.3958     4.1024    84.1349    30.0
20230605.0600     0.3930     4.0920    83.7784    30.0
20230605.0700     0.3915     4.0700    83.2737    30.0
20230605.0800     0.3936     4.0208    82.6868    30.0
20230605.0900     0.3995     3.9504    82.3467    30.0
20230605.1000     0.3966     3.9484    81.8695    30.0
20230605.1100     0.4093     3.8407    81.4251    30.0
20230605.1200     0.4263     3.7326    81.8749    30.0
20230605.1300     0.4434     3.6558    81.8695    30.0
20230605.1400     0.4610     3.6064    82.0395    30.0
20230605.1500     0.4757     3.5870    82.4070    30.0
20230605.1600     0.4807     3.6133    82.4235    30.0
20230605.1700     0.4843     3.6402    82.7800    30.0
20230605.1800     0.4878     3.6659    83.5206    30.0
20230605.1900     0.4888     3.7003    83.8278    30.0
20230605.2000     0.4882     3.7411    83.8552    30.0
20230605.2100     0.4857     3.7916    83.5041    30.0
20230605.2200     0.4795     3.8552    82.9007    30.0
20230605.2300     0.4794     3.8808    82.8733    30.0
20230606.0000     0.4808     3.8880    83.5041    30.0
20230606.0100     0.4833     3.8852    84.5409    30.0
20230606.0200     0.4839     3.8861    85.2101    30.0
20230606.0300     0.4831     3.8919    85.5996    30.0
20230606.0400     0.4797     3.9146    85.3966    30.0
20230606.0500     0.4740     3.9549    84.4750    30.0
20230606.0600     0.4689     3.9872    83.3231    30.0
20230606.0700     0.4682     3.9902    82.1492    30.0
20230606.0800     0.4708     3.9704    81.3429    30.0
20230606.0900     0.4776     3.9322    80.9973    30.0
20230606.1000     0.4878     3.8836    81.1618    30.0
20230606.1100     0.5023     3.8327    82.4509    30.0
20230606.1200     0.5132     3.8164    83.8497    30.0
20230606.1300     0.5191     3.8335    84.3598    30.0
20230606.1400     0.5230     3.8665    84.3928    30.0
20230606.1500     0.5252     3.9169    83.8826    30.0
20230606.1600     0.5288     3.9643    83.4657    30.0
20230606.1700     0.5316     4.0113    83.1092    30.0
20230606.1800     0.5319     4.0707    82.5551    30.0
20230606.1900     0.5307     4.1332    81.9243    30.0
20230606.2000     0.5299     4.1849    81.4910    30.0
20230606.2100     0.5288     4.2266    81.1728    30.0
20230606.2200     0.5242     4.2866    80.7230    30.0
20230606.2300     0.5228     4.3121    80.3939    30.0
20230607.0000     0.5226     4.3174    80.5365    30.0
20230607.0100     0.5258     4.2896    81.7159    30.0
20230607.0200     0.5285     4.2613    82.7416    30.0
20230607.0300     0.5324     4.2216    83.7894    30.0
20230607.0400     0.5364     4.1936    84.3982    30.0
20230607.0500     0.5436     4.1633    84.7054    30.0
20230607.0600     0.5585     4.1168    84.7767    30.0
20230607.0700     0.5856     4.0479    84.4641    30.0
20230607.0800     0.6256     3.9780    83.7948    30.0
20230607.0900     0.6799     3.9302    83.2024    30.0
20230607.1000     0.7021     3.9927    82.4948    30.0
20230607.1100     0.7429     4.0744    82.3248    30.0
20230607.1200     0.7662     4.1098    82.6319    30.0
20230607.1300     0.7926     4.1441    83.4383    30.0
20230607.1400     0.8184     4.1809    84.8755    30.0
20230607.1500     0.8396     4.2283    86.1646    30.0
20230607.1600     0.8575     4.2797    87.1190    30.0
20230607.1700     0.8725     4.3348    87.5853    30.0
20230607.1800     0.8780     4.4044    87.4317    30.0
20230607.1900     0.8797     4.4667    87.3220    30.0
20230607.2000     0.8817     4.5099    87.5140    30.0
20230607.2100     0.8834     4.5359    87.9747    30.0
20230607.2200     0.8816     4.5606    87.8541    30.0
20230607.2300     0.9193     4.6579    87.5304    30.0
20230608.0000     0.9087     4.6763    86.7844    30.0
20230608.0100     0.8953     4.6882    86.1207    30.0
20230608.0200     0.8799     4.6930    85.4624    30.0
20230608.0300     0.8635     4.6891    84.8645    30.0
20230608.0400     0.8443     4.6891    84.1185    30.0
20230608.0500     0.8255     4.6812    83.2737    30.0
20230608.0600     0.8081     4.6625    82.3632    30.0
20230608.0700     0.7921     4.6381    81.5294    30.0
20230608.0800     0.7781     4.6081    80.8217    30.0
20230608.0900     0.7698     4.5571    80.3774    30.0
20230608.1000     0.7619     4.5140    79.7795    30.0
20230608.1100     0.7583     4.4659    79.3517    30.0
20230608.1200     0.7555     4.4248    79.3681    30.0
20230608.1300     0.7498     4.4006    79.6917    30.0
20230608.1400     0.7385     4.4022    79.9880    30.0
20230608.1500     0.7249     4.4118    80.3281    30.0
20230608.1600     0.7112     4.4195    80.8382    30.0
20230608.1700     0.6988     4.4181    81.5897    30.0
20230608.1800     0.6855     4.4212    82.2534    30.0
20230608.1900     0.6697     4.4365    82.5387    30.0
20230608.2000     0.6546     4.4466    82.7800    30.0
20230608.2100     0.6400     4.4528    83.0488    30.0
20230608.2200     0.6297     4.4292    84.4366    30.0
20230608.2300     0.6163     4.4360    84.7164    30.0
20230609.0000     0.6010     4.4618    84.4970    30.0
20230609.0100     0.5866     4.4856    84.2337    30.0
20230609.0200     0.5739     4.4968    84.1404    30.0
20230609.0300     0.5620     4.5047    84.0143    30.0
20230609.0400     0.5500     4.5139    83.7345    30.0
20230609.0500     0.5389     4.5159    83.3505    30.0
20230609.0600     0.5296     4.5053    82.8952    30.0
20230609.0700     0.5211     4.4883    82.3906    30.0
20230609.0800     0.5138     4.4652    81.9792    30.0
20230609.0900     0.5082     4.4272    81.5458    30.0
20230609.1000     0.5029     4.3891    80.9973    30.0
20230609.1100     0.4966     4.3673    80.9369    30.0
20230609.1200     0.4882     4.3602    80.8327    30.0
20230609.1300     0.4779     4.3714    80.7340    30.0
20230609.1400     0.4672     4.3873    80.7504    30.0
20230609.1500     0.4598     4.3659    81.2661    30.0
20230609.1600     0.4555     4.3217    82.2041    30.0
20230609.1700     0.4546     4.2480    83.9704    30.0
20230609.1800     0.4524     4.1881    85.6764    30.0
20230609.1900     0.4489     4.1386    87.1245    30.0
20230609.2000     0.4480     4.0734    89.3132    30.0
20230609.2100     0.4452     4.0200    91.0192    30.0
20230609.2200     0.4376     4.0063    92.7306    30.0
20230609.2300     0.4317     3.9807    93.5699    30.0
20230610.0000     0.4243     3.9686    93.9923    30.0
20230610.0100     0.4165     3.9597    94.2227    30.0
20230610.0200     0.4088     3.9542    94.1623    30.0
20230610.0300     0.4000     3.9585    93.5534    30.0
20230610.0400     0.3916     3.9615    92.7032    30.0
20230610.0500     0.3830     3.9739    91.7213    30.0
20230610.0600     0.3758     3.9724    90.7339    30.0
20230610.0700     0.3701     3.9623    89.5655    30.0
20230610.0800     0.3667     3.9357    88.2710    30.0
20230610.0900     0.3645     3.9026    87.0203    30.0
20230610.1000     0.3593     3.8948    84.5354    30.0
20230610.1100     0.3568     3.8296    83.6632    30.0
20230610.1200     0.3603     3.7582    82.6923    30.0
20230610.1300     0.3672     3.6713    82.2589    30.0
20230610.1400     0.3788     3.5744    82.3302    30.0
20230610.1500     0.3943     3.4888    83.2902    30.0
20230610.1600     0.4141     3.4207    85.6325    30.0
20230610.1700     0.4401     3.3620    88.6111    30.0
20230610.1800     0.4654     3.3388    91.1673    30.0
20230610.1900     0.4822     3.3583    92.6538    30.0
20230610.2000     0.4944     3.3965    93.9703    30.0
20230610.2100     0.5033     3.4485    94.8919    30.0
20230610.2200     0.5126     3.4986    96.0932    30.0
20230610.2300     0.5181     3.5640    96.2687    30.0
20230611.0000     0.5221     3.6298    96.5704    30.0
20230611.0100     0.5268     3.6959    96.5540    30.0
20230611.0200     0.5300     3.7685    96.0548    30.0
20230611.0300     0.5304     3.8575    94.8315    30.0
20230611.0400     0.5288     3.9607    93.0981    30.0
20230611.0500     0.5275     4.0611    91.3318    30.0
20230611.0600     0.5288     4.1389    89.8398    30.0
20230611.0700     0.5342     4.1839    88.6769    30.0
20230611.0800     0.5464     4.1791    88.0022    30.0
20230611.0900     0.5671     4.1291    88.1229    30.0
20230611.1000     0.5943     4.0748    87.9363    30.0
20230611.1100     0.6415     3.9853    88.8689    30.0
20230611.1200     0.6992     3.9277    90.9862    30.0
20230611.1300     0.7400     3.9539    91.4799    30.0
20230611.1400     0.7704     4.0138    91.3483    30.0
20230611.1500     0.7983     4.0787    91.4415    30.0
20230611.1600     0.8303     4.1325    91.8749    30.0
20230611.1700     0.8610     4.1874    92.6264    30.0
20230611.1800     0.8825     4.2574    92.9061    30.0
20230611.1900     0.8942     4.3439    92.3082    30.0
20230611.2000     0.8961     4.4463    90.9588    30.0
20230611.2100     0.8904     4.5634    89.2529    30.0
20230611.2200     0.8885     4.6637    87.8157    30.0
20230611.2300     0.9345     4.8648    86.7186    30.0
20230612.0000     0.9371     4.9391    85.9506    30.0
20230612.0100     0.9422     4.9837    85.5228    30.0
20230612.0200     0.9516     4.9991    85.4021    30.0
20230612.0300     0.9662     4.9890    85.5228    30.0
20230612.0400     0.9814     4.9754    85.6818    30.0
20230612.0500     0.9881     4.9874    85.5228    30.0
20230612.0600     0.9853     5.0231    84.8865    30.0
20230612.0700     0.9757     5.0740    83.9704    30.0
20230612.0800     0.9663     5.1157    82.9501    30.0
20230612.0900     0.9650     5.1161    82.1931    30.0
20230612.1000     0.9685     5.0956    81.6281    30.0
20230612.1100     0.9767     5.0594    81.1728    30.0
20230612.1200     0.9885     5.0136    80.8108    30.0
20230612.1300     0.9938     4.9922    80.8711    30.0
20230612.1400     0.9876     5.0030    81.1125    30.0
20230612.1500     0.9832     4.9958    81.8091    30.0
20230612.1600     0.9802     4.9767    82.7691    30.0
20230612.1700     0.9790     4.9474    84.0801    30.0
20230612.1800     0.9748     4.9267    85.2759    30.0
20230612.1900     0.9664     4.9193    86.0658    30.0
20230612.2000     0.9558     4.9172    86.4772    30.0
20230612.2100     0.9466     4.9078    86.7076    30.0
20230612.2200     0.9408     4.8891    86.7021    30.0
20230612.2300     0.9439     4.8455    86.6528    30.0
20230613.0000     0.9518     4.7995    86.3949    30.0
20230613.0100     0.9645     4.7540    86.0932    30.0
20230613.0200     0.9717     4.7346    85.7696    30.0
20230613.0300     0.9730     4.7324    85.4350    30.0
20230613.0400     0.9743     4.7280    85.1388    30.0
20230613.0500     0.9764     4.7181    84.9139    30.0
20230613.0600     0.9777     4.7086    84.6451    30.0
20230613.0700     0.9770     4.7008    84.4641    30.0
20230613.0800     0.9762     4.6890    84.3763    30.0
20230613.0900     0.9819     4.6592    84.3873    30.0
20230613.1000     0.9744     4.6627    84.0033    30.0
20230613.1100     1.0557     4.8411    83.6193    30.0
20230613.1200     1.0430     4.8178    83.1037    30.0
20230613.1300     1.0370     4.7844    82.7526    30.0
20230613.1400     1.0364     4.7492    82.6539    30.0
20230613.1500     1.0321     4.7291    82.9720    30.0
20230613.1600     1.0241     4.7167    83.6138    30.0
20230613.1700     1.0189     4.6927    84.6122    30.0
20230613.1800     1.0187     4.6569    85.7861    30.0
20230613.1900     1.0198     4.6217    87.0861    30.0
20230613.2000     1.0139     4.6045    88.1777    30.0
20230613.2100     1.0038     4.5953    89.2199    30.0
20230613.2200     0.9856     4.6018    90.0044    30.0
20230613.2300     0.9687     4.6034    90.7778    30.0
20230614.0000     0.9509     4.6106    91.1508    30.0
20230614.0100     0.9298     4.6275    91.1179    30.0
20230614.0200     0.9072     4.6443    90.9095    30.0
20230614.0300     0.8836     4.6614    90.4487    30.0
20230614.0400     0.8573     4.6861    89.5710    30.0
20230614.0500     0.8296     4.7141    88.4191    30.0
20230614.0600     0.8060     4.7197    87.3220    30.0
20230614.0700     0.7903     4.6889    86.3730    30.0
20230614.0800     0.7797     4.6408    85.5612    30.0
20230614.0900     0.7663     4.6145    85.0949    30.0
20230614.1000     0.7465     4.6240    84.5080    30.0
20230614.1100     0.7346     4.6022    83.9759    30.0
20230614.1200     0.7233     4.5817    83.5096    30.0
20230614.1300     0.7099     4.5755    82.9556    30.0
20230614.1400     0.6968     4.5714    82.5222    30.0
20230614.1500     0.6811     4.5875    82.2041    30.0
20230614.1600     0.6625     4.6226    81.9901    30.0
20230614.1700     0.6443     4.6598    81.8420    30.0
20230614.1800     0.6297     4.6764    81.9353    30.0
20230614.1900     0.6237     4.6316    83.0708    30.0
20230614.2000     0.6262     4.5348    85.1881    30.0
20230614.2100     0.6313     4.4369    87.7773    30.0
20230614.2200     0.6170     4.4618    88.4739    30.0
20230614.2300     0.6615     4.6619    89.1322    30.0
20230615.0000     0.6481     4.7077    88.8030    30.0
20230615.0100     0.6318     4.7692    88.0351    30.0
20230615.0200     0.6153     4.8299    87.1190    30.0
20230615.0300     0.6000     4.8764    86.2688    30.0
20230615.0400     0.5883     4.8865    85.7531    30.0
20230615.0500     0.5777     4.8767    85.2430    30.0
20230615.0600     0.5686     4.8474    84.6890    30.0
20230615.0700     0.5616     4.7963    84.1953    30.0
20230615.0800     0.5570     4.7241    83.8332    30.0
20230615.0900     0.5573     4.6128    83.4932    30.0
20230615.1000     0.5523     4.5509    82.1053    30.0
20230615.1100     0.5568     4.4303    81.3429    30.0
20230615.1200     0.5690     4.2833    80.3555    30.0
20230615.1300     0.5805     4.1719    79.7137    30.0
20230615.1400     0.5836     4.1198    79.5985    30.0
20230615.1500     0.5826     4.0900    79.7905    30.0
20230615.1600     0.5812     4.0650    80.2622    30.0
20230615.1700     0.5804     4.0383    81.1125    30.0
20230615.1800     0.5827     4.0028    81.9243    30.0
20230615.1900     0.5861     3.9720    82.6703    30.0
20230615.2000     0.5909     3.9412    83.8003    30.0
20230615.2100     0.6007     3.8992    85.7422    30.0
20230615.2200     0.5882     3.9545    85.6764    30.0
20230615.2300     0.5809     3.9813    85.8629    30.0
20230616.0000     0.5762     3.9960    86.0658    30.0
20230616.0100     0.5751     3.9948    86.3511    30.0
20230616.0200     0.5779     3.9814    86.3840    30.0
20230616.0300     0.5848     3.9578    86.3346    30.0
20230616.0400     0.5875     3.9577    85.9397    30.0
20230616.0500     0.5853     3.9749    85.2320    30.0
20230616.0600     0.5810     3.9925    84.2611    30.0
20230616.0700     0.5783     3.9940    83.1147    30.0
20230616.0800     0.5787     3.9776    81.8969    30.0
20230616.0900     0.5795     3.9609    81.0631    30.0
20230616.1000     0.5699     3.9859    80.5255    30.0
20230616.1100     0.5808     4.1131    80.2842    30.0
20230616.1200     0.5624     4.1613    80.0044    30.0
20230616.1300     0.5447     4.2040    79.7301    30.0
20230616.1400     0.5279     4.2460    79.5107    30.0
20230616.1500     0.5124     4.2848    79.3626    30.0
20230616.1600     0.4991     4.3116    79.2968    30.0
20230616.1700     0.4886     4.3213    79.5217    30.0
20230616.1800     0.4813     4.3071    80.2129    30.0
20230616.1900     0.4764     4.2791    81.2002    30.0
20230616.2000     0.4758     4.2243    82.7087    30.0
20230616.2100     0.4821     4.1274    85.0346    30.0
20230616.2200     0.4903     4.0314    87.7224    30.0
20230616.2300     0.5109     3.8929    89.8453    30.0
20230617.0000     0.5439     3.7578    91.3812    30.0
20230617.0100     0.5839     3.6675    91.5567    30.0
20230617.0200     0.6265     3.6282    90.9917    30.0
20230617.0300     0.6718     3.6318    89.7904    30.0
20230617.0400     0.7192     3.6688    88.1393    30.0
20230617.0500     0.7488     3.7351    86.4059    30.0
20230617.0600     0.7598     3.8079    84.9084    30.0
20230617.0700     0.7592     3.8722    83.6029    30.0
20230617.0800     0.7565     3.9185    82.5497    30.0
20230617.0900     0.7501     3.9568    81.6994    30.0
20230617.1000     0.7341     4.0034    80.2238    30.0
20230617.1100     0.7248     4.0224    79.0006    30.0
20230617.1200     0.7186     4.0309    78.0461    30.0
20230617.1300     0.7115     4.0388    77.2727    30.0
20230617.1400     0.6984     4.0603    76.9271    30.0
20230617.1500     0.6815     4.0866    76.7132    30.0
20230617.1600     0.6636     4.1107    76.6089    30.0
20230617.1700     0.6479     4.1205    76.7351    30.0
20230617.1800     0.6351     4.1169    77.0642    30.0
20230617.1900     0.6248     4.1011    77.5524    30.0
20230617.2000     0.6208     4.0592    78.3807    30.0
20230617.2100     0.6265     3.9875    79.5820    30.0
20230617.2200     0.6384     3.9146    80.6627    30.0
20230617.2300     0.6836     3.9097    81.6830    30.0
20230618.0000     0.6973     3.8658    82.3028    30.0
20230618.0100     0.7024     3.8491    82.6978    30.0
20230618.0200     0.7043     3.8396    82.8075    30.0
20230618.0300     0.7121     3.8249    82.8130    30.0
20230618.0400     0.7247     3.8134    82.8294    30.0
20230618.0500     0.7374     3.8133    82.6649    30.0
20230618.0600     0.7438     3.8266    82.2425    30.0
20230618.0700     0.7372     3.8539    81.5239    30.0
20230618.0800     0.7222     3.8812    80.7833    30.0
20230618.0900     0.7031     3.9039    80.2403    30.0
20230618.1000     0.6633     3.9820    79.7027    30.0
20230618.1100     0.6348     4.0143    79.3681    30.0
20230618.1200     0.6174     4.0019    79.1651    30.0
20230618.1300     0.6114     3.9514    78.8470    30.0
20230618.1400     0.6157     3.8845    78.4246    30.0
20230618.1500     0.6267     3.8222    77.8322    30.0
20230618.1600     0.6315     3.7928    77.3934    30.0
20230618.1700     0.6205     3.8035    77.4482    30.0
20230618.1800     0.6013     3.8281    77.8322    30.0
20230618.1900     0.5795     3.8586    78.3588    30.0
20230618.2000     0.5588     3.8862    79.0390    30.0
20230618.2100     0.5420     3.8988    79.8069    30.0
20230618.2200     0.5260     3.9097    80.6407    30.0
20230618.2300     0.5173     3.8906    81.0905    30.0
20230619.0000     0.5114     3.8677    81.3100    30.0
20230619.0100     0.5002     3.8786    81.3758    30.0
20230619.0200     0.4853     3.9139    81.4635    30.0
20230619.0300     0.4702     3.9532    81.5349    30.0
20230619.0400     0.4550     3.9935    81.5678    30.0
20230619.0500     0.4421     4.0215    81.5403    30.0
20230619.0600     0.4338     4.0173    81.4800    30.0
20230619.0700     0.4254     4.0158    81.3154    30.0
20230619.0800     0.4176     4.0159    81.1070    30.0
20230619.0900     0.4108     4.0078    80.9315    30.0
20230619.1000     0.3971     4.0558    80.4433    30.0
20230619.1100     0.3917     4.0328    79.7795    30.0
20230619.1200     0.3894     3.9853    78.6276    30.0
20230619.1300     0.3822     3.9851    78.3533    30.0
20230619.1400     0.3719     4.0157    78.6824    30.0
20230619.1500     0.3622     4.0423    79.0225    30.0
20230619.1600     0.3530     4.0663    79.3517    30.0
20230619.1700     0.3451     4.0811    79.6698    30.0
20230619.1800     0.3369     4.0969    79.9550    30.0
20230619.1900     0.3384     3.9880    81.6171    30.0
20230619.2000     0.3380     3.9256    84.5738    30.0
20230619.2100     0.3346     3.8947    85.8738    30.0
20230619.2200     0.3294     3.8779    88.1338    30.0
20230619.2300     0.3253     3.8580    88.2216    30.0
20230620.0000     0.3203     3.8500    88.1119    30.0
20230620.0100     0.3158     3.8376    87.8102    30.0
20230620.0200     0.3118     3.8258    87.3878    30.0
20230620.0300     0.3086     3.8035    86.4772    30.0
20230620.0400     0.3062     3.7756    85.5502    30.0
20230620.0500     0.3036     3.7505    84.6945    30.0
20230620.0600     0.3020     3.7201    83.5645    30.0
20230620.0700     0.3017     3.6817    82.2150    30.0
20230620.0800     0.3041     3.6258    80.7175    30.0
20230620.0900     0.3042     3.5903    79.9386    30.0
20230620.1000     0.3011     3.5769    79.6259    30.0
20230620.1100     0.3117     3.4693    80.8711    30.0
20230620.1200     0.3287     3.3483    82.3467    30.0
20230620.1300     0.3447     3.2670    83.2518    30.0
20230620.1400     0.3642     3.2006    84.6506    30.0
20230620.1500     0.3914     3.1397    85.7531    30.0
20230620.1600     0.4308     3.0983    86.5760    30.0
20230620.1700     0.4856     3.0977    87.4043    30.0
20230620.1800     0.5417     3.1468    88.6165    30.0
20230620.1900     0.5840     3.2171    90.5255    30.0
20230620.2000     0.6110     3.2840    93.2353    30.0
20230620.2100     0.6295     3.3400    96.1316    30.0
20230620.2200     0.6248     3.3979    98.0295    30.0
20230620.2300     0.6516     3.5316    99.2308    30.0
20230621.0000     0.6300     3.5719    99.0334    30.0
20230621.0100     0.6063     3.6073    98.1831    30.0
20230621.0200     0.5847     3.6349    97.1299    30.0
20230621.0300     0.5631     3.6683    95.6708    30.0
20230621.0400     0.5432     3.7028    93.9813    30.0
20230621.0500     0.5269     3.7317    92.2753    30.0
20230621.0600     0.5166     3.7410    90.5968    30.0
20230621.0700     0.5176     3.7107    88.5507    30.0
20230621.0800     0.5270     3.6722    86.7241    30.0
20230621.0900     0.5408     3.6427    85.1004    30.0
20230621.1000     0.5387     3.6695    83.3176    30.0
20230621.1100     0.5466     3.6646    82.0779    30.0
20230621.1200     0.5631     3.6420    81.2935    30.0
20230621.1300     0.5790     3.6315    81.1180    30.0
20230621.1400     0.5956     3.6287    81.2606    30.0
20230621.1500     0.6071     3.6507    80.9040    30.0
20230621.1600     0.6152     3.6861    80.4871    30.0
20230621.1700     0.6183     3.7358    80.1141    30.0
20230621.1800     0.6175     3.7917    79.5491    30.0
20230621.1900     0.6175     3.8366    78.9841    30.0
20230621.2000     0.6211     3.8636    78.6660    30.0
20230621.2100     0.6264     3.8831    78.6221    30.0
20230621.2200     0.6244     3.9218    78.4191    30.0
20230621.2300     0.6237     3.9449    78.4575    30.0
20230622.0000     0.6245     3.9510    78.9951    30.0
20230622.0100     0.6239     3.9564    79.6040    30.0
20230622.0200     0.6255     3.9483    80.5749    30.0
20230622.0300     0.6223     3.9586    80.9699    30.0
20230622.0400     0.6158     3.9764    81.1893    30.0
20230622.0500     0.6049     4.0049    81.0412    30.0
20230622.0600     0.5925     4.0339    80.6682    30.0
20230622.0700     0.5798     4.0586    80.1854    30.0
20230622.0800     0.5692     4.0676    79.7082    30.0
20230622.0900     0.5653     4.0391    79.1926    30.0
20230622.1000     0.5558     4.0439    78.5288    30.0
20230622.1100     0.5571     3.9970    77.3604    30.0
20230622.1200     0.5663     3.9262    75.9836    30.0
20230622.1300     0.5802     3.8601    74.7878    30.0
20230622.1400     0.5878     3.8348    74.3709    30.0
20230622.1500     0.5923     3.8254    74.5135    30.0
20230622.1600     0.5952     3.8267    75.1772    30.0
20230622.1700     0.5983     3.8277    76.5267    30.0
20230622.1800     0.6022     3.8280    78.1010    30.0
20230622.1900     0.6058     3.8363    79.2639    30.0
20230622.2000     0.6101     3.8496    80.0977    30.0
20230622.2100     0.6138     3.8692    80.8437    30.0
20230622.2200     0.6147     3.8861    81.9956    30.0
20230622.2300     0.6172     3.8932    82.7307    30.0
20230623.0000     0.6140     3.9118    83.0817    30.0
20230623.0100     0.6072     3.9311    83.2189    30.0
20230623.0200     0.5976     3.9457    83.3341    30.0
20230623.0300     0.5840     3.9682    83.1805    30.0
20230623.0400     0.5680     3.9909    82.8294    30.0
20230623.0500     0.5527     4.0011    82.5167    30.0
20230623.0600     0.5378     4.0025    82.2644    30.0
20230623.0700     0.5222     4.0059    81.9792    30.0
20230623.0800     0.5064     4.0092    81.6610    30.0
20230623.0900     0.4913     4.0090    81.3758    30.0
20230623.1000     0.4741     4.0214    81.0686    30.0
20230623.1100     0.4625     3.9993    80.8163    30.0
20230623.1200     0.4544     3.9545    80.4378    30.0
20230623.1300     0.4516     3.8780    79.7795    30.0
20230623.1400     0.4499     3.8085    79.2968    30.0
20230623.1500     0.4517     3.7314    79.0500    30.0
20230623.1600     0.4588     3.6466    79.3955    30.0
20230623.1700     0.4707     3.5684    80.5420    30.0
20230623.1800     0.4799     3.5198    82.1328    30.0
20230623.1900     0.4906     3.4771    83.8881    30.0
20230623.2000     0.5016     3.4438    86.2962    30.0
20230623.2100     0.5092     3.4269    88.5891    30.0
20230623.2200     0.5117     3.4230    90.6571    30.0
20230623.2300     0.5146     3.4390    92.3082    30.0
20230624.0000     0.5089     3.4515    93.6357    30.0
20230624.0100     0.4988     3.4747    94.2281    30.0
20230624.0200     0.4874     3.5022    94.2391    30.0
20230624.0300     0.4727     3.5424    93.3066    30.0
20230624.0400     0.4595     3.5748    92.0943    30.0
20230624.0500     0.4480     3.6008    90.7065    30.0
20230624.0600     0.4386     3.6181    89.1541    30.0
20230624.0700     0.4330     3.6192    87.4591    30.0
20230624.0800     0.4319     3.6000    85.7806    30.0
20230624.0900     0.4338     3.5712    84.0472    30.0
20230624.1000     0.4464     3.5024    80.3665    30.0
20230624.1100     0.4602     3.4531    78.3588    30.0
20230624.1200     0.4769     3.4182    76.7900    30.0
20230624.1300     0.4984     3.3914    75.3144    30.0
20230624.1400     0.5115     3.4010    75.1772    30.0
20230624.1500     0.5135     3.4312    75.7258    30.0
20230624.1600     0.5071     3.4732    76.6089    30.0
20230624.1700     0.4951     3.5239    77.5031    30.0
20230624.1800     0.4817     3.5731    78.3643    30.0
20230624.1900     0.4716     3.6025    79.5601    30.0
20230624.2000     0.4692     3.5918    81.7159    30.0
20230624.2100     0.4666     3.5836    83.2847    30.0
20230624.2200     0.4625     3.5830    85.2265    30.0
20230624.2300     0.4638     3.5648    87.1519    30.0
20230625.0000     0.4675     3.5414    89.1322    30.0
20230625.0100     0.4672     3.5426    90.0976    30.0
20230625.0200     0.4682     3.5395    90.7997    30.0
20230625.0300     0.4737     3.5232    91.2002    30.0
20230625.0400     0.4841     3.5004    91.1508    30.0
20230625.0500     0.4936     3.4924    90.0921    30.0
20230625.0600     0.4958     3.5110    88.0570    30.0
20230625.0700     0.4941     3.5364    85.8683    30.0
20230625.0800     0.4919     3.5553    83.7510    30.0
20230625.0900     0.4863     3.5797    82.3083    30.0
20230625.1000     0.4797     3.5936    80.3116    30.0
20230625.1100     0.4743     3.6035    78.9293    30.0
20230625.1200     0.4668     3.6224    77.9968    30.0
20230625.1300     0.4609     3.6351    77.3220    30.0
20230625.1400     0.4593     3.6268    76.8284    30.0
20230625.1500     0.4634     3.6001    76.5431    30.0
20230625.1600     0.4636     3.6009    76.5925    30.0
20230625.1700     0.4612     3.6151    76.8722    30.0
20230625.1800     0.4548     3.6480    77.5469    30.0
20230625.1900     0.4453     3.6904    78.4191    30.0
20230625.2000     0.4373     3.7162    79.6753    30.0
20230625.2100     0.4299     3.7361    80.9369    30.0
20230625.2200     0.4201     3.7669    82.2918    30.0
20230625.2300     0.4111     3.7970    82.5990    30.0
20230626.0000     0.4024     3.8277    82.8952    30.0
20230626.0100     0.3955     3.8493    83.3286    30.0
20230626.0200     0.3898     3.8628    83.9978    30.0
20230626.0300     0.3833     3.8846    84.1843    30.0
20230626.0400     0.3770     3.9084    84.0636    30.0
20230626.0500     0.3691     3.9541    83.6687    30.0
20230626.0600     0.3621     3.9896    83.2628    30.0
20230626.0700     0.3558     4.0191    82.6923    30.0
20230626.0800     0.3539     3.9945    82.0121    30.0
20230626.0900     0.3506     3.9922    81.3538    30.0
20230626.1000     0.3395     4.0613    80.7120    30.0
20230626.1100     0.3338     4.0777    80.7340    30.0
20230626.1200     0.3323     4.0243    81.3593    30.0
20230626.1300     0.3320     3.9527    83.3176    30.0
20230626.1400     0.3318     3.8868    85.4624    30.0
20230626.1500     0.3272     3.8578    86.6418    30.0
20230626.1600     0.3217     3.8369    87.4097    30.0
20230626.1700     0.3232     3.7517    91.1892    30.0
20230626.1800     0.3205     3.7021    93.4931    30.0
20230626.1900     0.3167     3.6655    95.6489    30.0
20230626.2000     0.3115     3.6421    96.9873    30.0
20230626.2100     0.3095     3.5958    99.5161    30.0
20230626.2200     0.3033     3.5838   102.5660    30.0
20230626.2300     0.3046     3.5187   105.5172    30.0
20230627.0000     0.3120     3.4163   110.4924    30.0
20230627.0100     0.3202     3.3272   115.7146    30.0
20230627.0200     0.3235     3.2799   118.7096    30.0
20230627.0300     0.3163     3.2992   117.6948    30.0
20230627.0400     0.3066     3.3256   114.4310    30.0
20230627.0500     0.2968     3.3484   110.4321    30.0
20230627.0600     0.2886     3.3608   106.3893    30.0
20230627.0700     0.2805     3.3792   102.8348    30.0
20230627.0800     0.2750     3.3849    99.6477    30.0
20230627.0900     0.2723     3.3707    96.0987    30.0
20230627.1000     0.2682     3.3641    90.9149    30.0
20230627.1100     0.2697     3.3225    89.8014    30.0
20230627.1200     0.2705     3.2986    89.5820    30.0
20230627.1300     0.2703     3.2889    90.0757    30.0
20230627.1400     0.2719     3.2735    92.2589    30.0
20230627.1500     0.2798     3.2225    96.4991    30.0
20230627.1600     0.2865     3.1960    99.4228    30.0
20230627.1700     0.2893     3.2026    99.9549    30.0
20230627.1800     0.2916     3.2244    99.6423    30.0
20230627.1900     0.2938     3.2583    98.9017    30.0
20230627.2000     0.2963     3.2951    97.9198    30.0
20230627.2100     0.3007     3.3272    97.5139    30.0
20230627.2200     0.3026     3.3790    99.8617    30.0
20230627.2300     0.3134     3.3765   101.3153    30.0
20230628.0000     0.3189     3.4032   100.7668    30.0
20230628.0100     0.3238     3.4338   100.1085    30.0
20230628.0200     0.3279     3.4693    99.0498    30.0
20230628.0300     0.3298     3.5140    97.5029    30.0
20230628.0400     0.3321     3.5494    95.8793    30.0
20230628.0500     0.3331     3.5904    93.7564    30.0
20230628.0600     0.3335     3.6291    91.5403    30.0
20230628.0700     0.3349     3.6503    89.1706    30.0
20230628.0800     0.3384     3.6460    86.9051    30.0
20230628.0900     0.3404     3.6447    85.2265    30.0
20230628.1000     0.3410     3.6387    82.4399    30.0
20230628.1100     0.3455     3.6005    82.0669    30.0
20230628.1200     0.3533     3.5444    81.9901    30.0
20230628.1300     0.3632     3.4777    82.4729    30.0
20230628.1400     0.3729     3.4265    84.3928    30.0
20230628.1500     0.3759     3.4031    87.0093    30.0
20230628.1600     0.3800     3.3705    90.8985    30.0
20230628.1700     0.3826     3.3400    94.4860    30.0
20230628.1800     0.3820     3.3292    97.3548    30.0
20230628.1900     0.3778     3.3400    98.5781    30.0
20230628.2000     0.3716     3.3650    98.6658    30.0
20230628.2100     0.3651     3.3961    98.1228    30.0
20230628.2200     0.3556     3.4444    98.3806    30.0
20230628.2300     0.3519     3.4651    97.6072    30.0
20230629.0000     0.3518     3.4638    98.1941    30.0
20230629.0100     0.3520     3.4643    98.7975    30.0
20230629.0200     0.3507     3.4788    98.6768    30.0
20230629.0300     0.3462     3.5184    97.2287    30.0
20230629.0400     0.3415     3.5552    95.4678    30.0
20230629.0500     0.3369     3.5962    93.6247    30.0
20230629.0600     0.3325     3.6320    91.8913    30.0
20230629.0700     0.3286     3.6583    90.2512    30.0
20230629.0800     0.3244     3.6916    88.6275    30.0
20230629.0900     0.3222     3.7022    86.8777    30.0
20230629.1000     0.3127     3.7636    84.6999    30.0
20230629.1100     0.3106     3.7423    84.6177    30.0
20230629.1200     0.3090     3.7404    84.9687    30.0
20230629.1300     0.3113     3.7076    85.8848    30.0
20230629.1400     0.3106     3.7015    86.3017    30.0
20230629.1500     0.3124     3.6756    87.3878    30.0
20230629.1600     0.3169     3.6342    89.2529    30.0
20230629.1700     0.3200     3.6075    90.7668    30.0
20230629.1800     0.3206     3.6084    91.3977    30.0
20230629.1900     0.3193     3.6284    91.0850    30.0
20230629.2000     0.3195     3.6380    90.9314    30.0
20230629.2100     0.3204     3.6388    91.1179    30.0
20230629.2200     0.3163     3.6824    91.8475    30.0
20230629.2300     0.3202     3.6646    92.8787    30.0
20230630.0000     0.3207     3.6737    92.3411    30.0
20230630.0100     0.3214     3.6778    91.9352    30.0
20230630.0200     0.3214     3.6911    91.3263    30.0
20230630.0300     0.3205     3.7108    90.3719    30.0
20230630.0400     0.3202     3.7194    89.2858    30.0
20230630.0500     0.3180     3.7570    88.0899    30.0
20230630.0600     0.3172     3.7667    86.7350    30.0
20230630.0700     0.3181     3.7590    85.1552    30.0
20230630.0800     0.3160     3.7869    84.2721    30.0
20230630.0900     0.3155     3.7951    83.4657    30.0
20230630.1000     0.3121     3.8073    82.4509    30.0
20230630.1100     0.3158     3.7689    82.2205    30.0
20230630.1200     0.3187     3.7338    82.3796    30.0
20230630.1300     0.3229     3.6882    83.3560    30.0
20230630.1400     0.3289     3.6298    85.1772    30.0
20230630.1500     0.3373     3.5628    88.3862    30.0
20230630.1600     0.3438     3.5104    91.5293    30.0
20230630.1700     0.3533     3.4482    96.2413    30.0
20230630.1800     0.3615     3.4011   100.7448    30.0
20230630.1900     0.3626     3.3919   102.7360    30.0
20230630.2000     0.3641     3.3838   104.5462    30.0
20230630.2100     0.3663     3.3745   106.4497    30.0
20230630.2200     0.3593     3.4233   106.8117    30.0
20230630.2300     0.3610     3.4204   107.1408    30.0
