TPAR
20230501.0000     0.1898     2.4070    21.2445    30.0
20230501.0100     0.1856     2.4193    21.1512    30.0
20230501.0200     0.1806     2.4369    21.6888    30.0
20230501.0300     0.1801     2.4143    20.0706    30.0
20230501.0400     0.1823     2.3950    13.8885    30.0
20230501.0500     0.1901     2.3817     0.8881    30.0
20230501.0600     0.1937     2.3775   354.7312    30.0
20230501.0700     0.1926     2.3905   352.5919    30.0
20230501.0800     0.1880     2.4235   351.7965    30.0
20230501.0900     0.1834     2.4514   351.6100    30.0
20230501.1000     0.1703     2.4731   346.5195    30.0
20230501.1100     0.1673     2.4880   346.4317    30.0
20230501.1200     0.1651     2.4907   346.5085    30.0
20230501.1300     0.1620     2.4993   346.8322    30.0
20230501.1400     0.1677     2.4172   346.6457    30.0
20230501.1500     0.1746     2.3641   346.9693    30.0
20230501.1600     0.1712     2.3614   348.8014    30.0
20230501.1700     0.1661     2.3702   349.4981    30.0
20230501.1800     0.1616     2.3821   351.0505    30.0
20230501.1900     0.1567     2.3960   352.3724    30.0
20230501.2000     0.1564     2.3643   354.8080    30.0
20230501.2100     0.1607     2.3212     6.7246    30.0
20230501.2200     0.1379     2.3562    10.2901    30.0
20230501.2300     0.1354     2.3538    11.0251    30.0
20230502.0000     0.1364     2.3379    15.4519    30.0
20230502.0100     0.1406     2.2894    21.6285    30.0
20230502.0200     0.1550     2.2402    49.0117    30.0
20230502.0300     0.1534     2.2518    52.9338    30.0
20230502.0400     0.1558     2.2290    54.4917    30.0
20230502.0500     0.1550     2.2419    54.9799    30.0
20230502.0600     0.1618     2.2112    52.5169    30.0
20230502.0700     0.1729     2.2287    47.3058    30.0
20230502.0800     0.1734     2.2442    49.0940    30.0
20230502.0900     0.1744     2.2749    52.5334    30.0
20230502.1000     0.1696     2.2873    60.1856    30.0
20230502.1100     0.1732     2.2988    65.2102    30.0
20230502.1200     0.1730     2.3067    65.2706    30.0
20230502.1300     0.1766     2.2942    67.3660    30.0
20230502.1400     0.1840     2.3195    74.7658    30.0
20230502.1500     0.1881     2.3404    76.5431    30.0
20230502.1600     0.1931     2.3536    76.8229    30.0
20230502.1700     0.1923     2.4116    76.1372    30.0
20230502.1800     0.1918     2.4687    75.5941    30.0
20230502.1900     0.1979     2.4601    76.5431    30.0
20230502.2000     0.1994     2.4923    76.6857    30.0
20230502.2100     0.2018     2.5091    77.3166    30.0
20230502.2200     0.1863     2.5846    79.1432    30.0
20230502.2300     0.1901     2.5763    79.3187    30.0
20230503.0000     0.1961     2.5791    82.1876    30.0
20230503.0100     0.1965     2.5982    82.0176    30.0
20230503.0200     0.1981     2.6074    82.2809    30.0
20230503.0300     0.1979     2.6213    81.6336    30.0
20230503.0400     0.1962     2.6392    80.0318    30.0
20230503.0500     0.1961     2.6450    78.2655    30.0
20230503.0600     0.1950     2.6694    76.7186    30.0
20230503.0700     0.2011     2.6313    74.4477    30.0
20230503.0800     0.2079     2.6230    71.4526    30.0
20230503.0900     0.2195     2.6014    72.9776    30.0
20230503.1000     0.2238     2.6146    72.2809    30.0
20230503.1100     0.2335     2.6326    71.2771    30.0
20230503.1200     0.2415     2.6673    71.3374    30.0
20230503.1300     0.2526     2.6939    71.6337    30.0
20230503.1400     0.2603     2.7306    71.2606    30.0
20230503.1500     0.2604     2.7927    70.5311    30.0
20230503.1600     0.2566     2.8625    69.4340    30.0
20230503.1700     0.2533     2.9188    68.6935    30.0
20230503.1800     0.2495     2.9718    68.0462    30.0
20230503.1900     0.2455     3.0215    67.5799    30.0
20230503.2000     0.2430     3.0534    67.5141    30.0
20230503.2100     0.2392     3.0969    67.3660    30.0
20230503.2200     0.2227     3.2606    67.2508    30.0
20230503.2300     0.2278     3.3005    67.7061    30.0
20230504.0000     0.2322     3.2613    68.5124    30.0
20230504.0100     0.2308     3.3086    68.5947    30.0
20230504.0200     0.2287     3.3596    68.7428    30.0
20230504.0300     0.2265     3.4082    68.9568    30.0
20230504.0400     0.2247     3.4501    69.1817    30.0
20230504.0500     0.2237     3.4838    69.1378    30.0
20230504.0600     0.2251     3.4767    69.4450    30.0
20230504.0700     0.2409     3.3058    64.9798    30.0
20230504.0800     0.2491     3.2534    61.1071    30.0
20230504.0900     0.2501     3.2749    61.0687    30.0
20230504.1000     0.2452     3.3366    64.8701    30.0
20230504.1100     0.2506     3.2841    67.7884    30.0
20230504.1200     0.2456     3.3555    68.3589    30.0
20230504.1300     0.2405     3.4340    68.5783    30.0
20230504.1400     0.2362     3.5044    68.9458    30.0
20230504.1500     0.2326     3.5680    69.2475    30.0
20230504.1600     0.2310     3.6042    69.7522    30.0
20230504.1700     0.2312     3.6107    70.4982    30.0
20230504.1800     0.2291     3.6490    70.9589    30.0
20230504.1900     0.2262     3.7028    71.3704    30.0
20230504.2000     0.2300     3.6290    72.1109    30.0
20230504.2100     0.2400     3.4980    76.4937    30.0
20230504.2200     0.2308     3.5996    84.2008    30.0
20230504.2300     0.2262     3.6544    83.8168    30.0
20230505.0000     0.2242     3.6651    83.5919    30.0
20230505.0100     0.2216     3.6809    83.5480    30.0
20230505.0200     0.2203     3.6814    83.7729    30.0
20230505.0300     0.2168     3.7142    83.5754    30.0
20230505.0400     0.2133     3.7552    83.0817    30.0
20230505.0500     0.2103     3.7791    82.3851    30.0
20230505.0600     0.2185     3.5902    80.1635    30.0
20230505.0700     0.2189     3.5691    77.9474    30.0
20230505.0800     0.2182     3.5551    76.9052    30.0
20230505.0900     0.2135     3.6021    76.8064    30.0
20230505.1000     0.1918     3.9465    75.4899    30.0
20230505.1100     0.1981     3.7655    77.2946    30.0
20230505.1200     0.2046     3.6291    81.2990    30.0
20230505.1300     0.2027     3.6359    81.4690    30.0
20230505.1400     0.1997     3.6675    81.0741    30.0
20230505.1500     0.1970     3.7016    80.6078    30.0
20230505.1600     0.1946     3.7301    80.1196    30.0
20230505.1700     0.1930     3.7566    79.6259    30.0
20230505.1800     0.2026     3.5688    81.3813    30.0
20230505.1900     0.2073     3.5079    83.9265    30.0
20230505.2000     0.2061     3.5169    83.0159    30.0
20230505.2100     0.2058     3.5144    82.0121    30.0
20230505.2200     0.2506     3.2200   129.5433    30.0
20230505.2300     0.2578     3.1648   134.0633    30.0
20230506.0000     0.2583     3.1564   134.9904    30.0
20230506.0100     0.2636     3.1299   138.0403    30.0
20230506.0200     0.2641     3.1379   137.3546    30.0
20230506.0300     0.2570     3.1913   132.9882    30.0
20230506.0400     0.2478     3.2612   127.4808    30.0
20230506.0500     0.2398     3.3148   121.5730    30.0
20230506.0600     0.2351     3.3348   116.4002    30.0
20230506.0700     0.2323     3.3429   111.7102    30.0
20230506.0800     0.2266     3.3788   105.0399    30.0
20230506.0900     0.2201     3.4333    99.3241    30.0
20230506.1000     0.2006     3.6736    93.2517    30.0
20230506.1100     0.1956     3.7337    89.7081    30.0
20230506.1200     0.2048     3.5461    91.3428    30.0
20230506.1300     0.2047     3.5488    91.7542    30.0
20230506.1400     0.2027     3.5644    90.0866    30.0
20230506.1500     0.2076     3.4691    92.2150    30.0
20230506.1600     0.2070     3.4623    92.0340    30.0
20230506.1700     0.2072     3.4286    90.9533    30.0
20230506.1800     0.2064     3.4176    90.3609    30.0
20230506.1900     0.2037     3.4409    89.3351    30.0
20230506.2000     0.2001     3.4801    87.9802    30.0
20230506.2100     0.1965     3.5187    86.6363    30.0
20230506.2200     0.1699     3.9930    82.0176    30.0
20230506.2300     0.1770     3.7838    82.3193    30.0
20230507.0000     0.1765     3.7747    81.8749    30.0
20230507.0100     0.1839     3.6178    83.6522    30.0
20230507.0200     0.1879     3.5536    87.4043    30.0
20230507.0300     0.1930     3.4727    91.5896    30.0
20230507.0400     0.1915     3.4681    90.0866    30.0
20230507.0500     0.1878     3.5133    87.9528    30.0
20230507.0600     0.1842     3.5560    85.9726    30.0
20230507.0700     0.1838     3.5466    83.2847    30.0
20230507.0800     0.1891     3.4215    79.6863    30.0
20230507.0900     0.1851     3.4812    78.4246    30.0
20230507.1000     0.1689     3.7533    74.6506    30.0
20230507.1100     0.1891     3.4081    66.0221    30.0
20230507.1200     0.2131     3.1853    70.7779    30.0
20230507.1300     0.2295     3.0875   144.0633    30.0
20230507.1400     0.2320     3.0669   156.3013    30.0
20230507.1500     0.2355     3.0308   151.1066    30.0
20230507.1600     0.2390     3.0095   144.6392    30.0
20230507.1700     0.2355     3.0291   131.8582    30.0
20230507.1800     0.2273     3.0825   118.2269    30.0
20230507.1900     0.2284     3.0664   120.9970    30.0
20230507.2000     0.2354     3.0258   139.8340    30.0
20230507.2100     0.2354     3.0334   140.4648    30.0
20230507.2200     0.2323     3.0752   143.6409    30.0
20230507.2300     0.2290     3.0954   136.5208    30.0
20230508.0000     0.2262     3.1056   129.0222    30.0
20230508.0100     0.2268     3.1026   121.8966    30.0
20230508.0200     0.2258     3.1060   114.8917    30.0
20230508.0300     0.2218     3.1199   107.4261    30.0
20230508.0400     0.2202     3.1074    99.7355    30.0
20230508.0500     0.2198     3.0857    91.8145    30.0
20230508.0600     0.2192     3.0897    84.3269    30.0
20230508.0700     0.2146     3.1353    81.0247    30.0
20230508.0800     0.2096     3.1958    78.4191    30.0
20230508.0900     0.2050     3.2610    76.3347    30.0
20230508.1000     0.1787     3.5827    74.7219    30.0
20230508.1100     0.1774     3.6316    73.7510    30.0
20230508.1200     0.1769     3.6588    73.1147    30.0
20230508.1300     0.1766     3.6811    72.7472    30.0
20230508.1400     0.1763     3.7103    72.4949    30.0
20230508.1500     0.1913     3.4357    77.6183    30.0
20230508.1600     0.1913     3.4516    77.8980    30.0
20230508.1700     0.1918     3.4548    78.7757    30.0
20230508.1800     0.1919     3.4624    79.4449    30.0
20230508.1900     0.1947     3.4525    84.0198    30.0
20230508.2000     0.1936     3.4697    83.2573    30.0
20230508.2100     0.1929     3.4871    84.3105    30.0
20230508.2200     0.1800     3.6707    85.2101    30.0
20230508.2300     0.1771     3.7229    83.8662    30.0
20230509.0000     0.1743     3.7756    82.6649    30.0
20230509.0100     0.1719     3.8161    81.6665    30.0
20230509.0200     0.1698     3.8553    80.7230    30.0
20230509.0300     0.1680     3.8839    79.8124    30.0
20230509.0400     0.1664     3.9027    78.9457    30.0
20230509.0500     0.1661     3.8916    77.9968    30.0
20230509.0600     0.1649     3.9022    77.0807    30.0
20230509.0700     0.1632     3.9198    76.5760    30.0
20230509.0800     0.1618     3.9387    76.2853    30.0
20230509.0900     0.1682     3.7388    76.0659    30.0
20230509.1000     0.1537     3.9703    74.9523    30.0
20230509.1100     0.1802     3.4504    81.3758    30.0
20230509.1200     0.1956     3.2361    86.1152    30.0
20230509.1300     0.2072     3.1309    88.9896    30.0
20230509.1400     0.2212     3.0485    92.6758    30.0
20230509.1500     0.2350     2.9741    95.6543    30.0
20230509.1600     0.2443     2.9336    97.7059    30.0
20230509.1700     0.2521     2.9133    98.9456    30.0
20230509.1800     0.2602     2.9102    98.6000    30.0
20230509.1900     0.2743     2.9050    98.1722    30.0
20230509.2000     0.2916     2.9141    96.4881    30.0
20230509.2100     0.3132     2.9412    94.2446    30.0
20230509.2200     0.3261     3.0135    92.1053    30.0
20230509.2300     0.3395     3.0883    88.8689    30.0
20230510.0000     0.3551     3.1513    86.1481    30.0
20230510.0100     0.3746     3.2005    84.1624    30.0
20230510.0200     0.3986     3.2330    82.9172    30.0
20230510.0300     0.4208     3.2779    81.5678    30.0
20230510.0400     0.4409     3.3346    80.0483    30.0
20230510.0500     0.4658     3.3785    78.6111    30.0
20230510.0600     0.4986     3.4106    77.3824    30.0
20230510.0700     0.5268     3.4741    76.0275    30.0
20230510.0800     0.5443     3.5673    74.2337    30.0
20230510.0900     0.5534     3.6760    72.5223    30.0
20230510.1000     0.5636     3.7714    71.0522    30.0
20230510.1100     0.5857     3.8239    70.3062    30.0
20230510.1200     0.6125     3.8741    70.2074    30.0
20230510.1300     0.6358     3.9396    70.4214    30.0
20230510.1400     0.6471     4.0320    70.3775    30.0
20230510.1500     0.6592     4.0886    70.9315    30.0
20230510.1600     0.6780     4.0928    72.5881    30.0
20230510.1700     0.6944     4.0971    74.2721    30.0
20230510.1800     0.7020     4.1258    75.1992    30.0
20230510.1900     0.7070     4.1558    75.9452    30.0
20230510.2000     0.7156     4.1710    76.6967    30.0
20230510.2100     0.7158     4.2187    76.2634    30.0
20230510.2200     0.7232     4.2231    76.2579    30.0
20230510.2300     0.7635     4.1666    77.3659    30.0
20230511.0000     0.8171     4.1539    77.5963    30.0
20230511.0100     0.8775     4.1592    77.8102    30.0
20230511.0200     0.9224     4.1910    78.3588    30.0
20230511.0300     0.9502     4.2340    78.2217    30.0
20230511.0400     0.9719     4.2753    76.9819    30.0
20230511.0500     0.9786     4.3036    76.0220    30.0
20230511.0600     0.9659     4.3166    76.1975    30.0
20230511.0700     0.9532     4.2947    77.2452    30.0
20230511.0800     0.9622     4.2464    78.7044    30.0
20230511.0900     0.9737     4.2181    80.0044    30.0
20230511.1000     0.9642     4.2090    81.6720    30.0
20230511.1100     0.9563     4.1911    84.0198    30.0
20230511.1200     0.9304     4.1992    85.3033    30.0
20230511.1300     0.8984     4.2225    85.4295    30.0
20230511.1400     0.8834     4.2302    85.2869    30.0
20230511.1500     0.8773     4.2423    84.9578    30.0
20230511.1600     0.8675     4.2674    84.4257    30.0
20230511.1700     0.8548     4.2889    83.8168    30.0
20230511.1800     0.8395     4.3010    83.2682    30.0
20230511.1900     0.8298     4.2825    83.2408    30.0
20230511.2000     0.8225     4.2546    83.4602    30.0
20230511.2100     0.8160     4.2267    83.9594    30.0
20230511.2200     0.8041     4.2121    84.0911    30.0
20230511.2300     0.8023     4.1723    84.5134    30.0
20230512.0000     0.8009     4.1420    85.2156    30.0
20230512.0100     0.7887     4.1405    85.5392    30.0
20230512.0200     0.7690     4.1547    85.2101    30.0
20230512.0300     0.7455     4.1734    84.3379    30.0
20230512.0400     0.7225     4.1853    83.2628    30.0
20230512.0500     0.7016     4.1876    82.0615    30.0
20230512.0600     0.6825     4.1849    80.7779    30.0
20230512.0700     0.6655     4.1785    79.4175    30.0
20230512.0800     0.6520     4.1661    78.0187    30.0
20230512.0900     0.6428     4.1507    76.7241    30.0
20230512.1000     0.6339     4.1487    75.4131    30.0
20230512.1100     0.6630     4.2465    74.2228    30.0
20230512.1200     0.6596     4.2599    73.2738    30.0
20230512.1300     0.6547     4.2950    72.5607    30.0
20230512.1400     0.6485     4.3400    71.9847    30.0
20230512.1500     0.6417     4.3834    71.6007    30.0
20230512.1600     0.6322     4.4336    71.1674    30.0
20230512.1700     0.6207     4.4867    70.6792    30.0
20230512.1800     0.6085     4.5334    70.1032    30.0
20230512.1900     0.5964     4.5739    69.8125    30.0
20230512.2000     0.5840     4.6111    69.4340    30.0
20230512.2100     0.5703     4.6609    69.0116    30.0
20230512.2200     0.5540     4.7308    68.7044    30.0
20230512.2300     0.5437     4.7507    68.5015    30.0
20230513.0000     0.5351     4.7540    68.6057    30.0
20230513.0100     0.5248     4.7790    68.5508    30.0
20230513.0200     0.5155     4.7989    68.8471    30.0
20230513.0300     0.5059     4.8191    68.8745    30.0
20230513.0400     0.4951     4.8608    68.7867    30.0
20230513.0500     0.4846     4.8976    68.7373    30.0
20230513.0600     0.4765     4.9059    68.4302    30.0
20230513.0700     0.4677     4.9255    68.2930    30.0
20230513.0800     0.4587     4.9475    68.3698    30.0
20230513.0900     0.4519     4.9382    68.6057    30.0
20230513.1000     0.4445     4.9299    70.2404    30.0
20230513.1100     0.4412     4.8864    71.4033    30.0
20230513.1200     0.4428     4.7912    73.7675    30.0
20230513.1300     0.4500     4.6449    77.8596    30.0
20230513.1400     0.4520     4.5547    80.9753    30.0
20230513.1500     0.4648     4.3955    88.4465    30.0
20230513.1600     0.4868     4.2149   101.3866    30.0
20230513.1700     0.5127     4.0640   117.5796    30.0
20230513.1800     0.5473     3.9203   137.0858    30.0
20230513.1900     0.5725     3.8531   150.3989    30.0
20230513.2000     0.5811     3.8376   155.5168    30.0
20230513.2100     0.5721     3.8567   155.2645    30.0
20230513.2200     0.5468     3.9106   150.8762    30.0
20230513.2300     0.5299     3.9219   147.2558    30.0
20230514.0000     0.5253     3.9145   146.1038    30.0
20230514.0100     0.5206     3.9194   145.6211    30.0
20230514.0200     0.5125     3.9442   144.0084    30.0
20230514.0300     0.5036     3.9705   140.8159    30.0
20230514.0400     0.4915     4.0160   135.2208    30.0
20230514.0500     0.4715     4.1145   127.3492    30.0
20230514.0600     0.4488     4.2522   118.4024    30.0
20230514.0700     0.4280     4.4023   109.8616    30.0
20230514.0800     0.4113     4.5401   102.7799    30.0
20230514.0900     0.3975     4.6631    97.2890    30.0
20230514.1000     0.3768     4.8951    92.5551    30.0
20230514.1100     0.3688     4.9679    89.3296    30.0
20230514.1200     0.3650     4.9773    87.1794    30.0
20230514.1300     0.3656     4.9133    87.5359    30.0
20230514.1400     0.3710     4.7971    90.1415    30.0
20230514.1500     0.3829     4.6104    95.5337    30.0
20230514.1600     0.4087     4.3236   107.7058    30.0
20230514.1700     0.4348     4.1172   121.9954    30.0
20230514.1800     0.4578     3.9811   133.7397    30.0
20230514.1900     0.4683     3.9126   139.7682    30.0
20230514.2000     0.4668     3.8810   141.7923    30.0
20230514.2100     0.4563     3.8726   141.1834    30.0
20230514.2200     0.4366     3.9112   139.6420    30.0
20230514.2300     0.4221     3.8957   137.0693    30.0
20230515.0000     0.4099     3.8584   133.8768    30.0
20230515.0100     0.3972     3.8393   129.7902    30.0
20230515.0200     0.3826     3.8464   124.4254    30.0
20230515.0300     0.3677     3.8693   118.0733    30.0
20230515.0400     0.3547     3.8930   111.7267    30.0
20230515.0500     0.3443     3.9043   106.1754    30.0
20230515.0600     0.3352     3.9162   101.4250    30.0
20230515.0700     0.3284     3.9058    97.4536    30.0
20230515.0800     0.3264     3.8377    93.3998    30.0
20230515.0900     0.3259     3.7598    88.3258    30.0
20230515.1000     0.3140     3.7971    82.0560    30.0
20230515.1100     0.3274     3.8720    80.5694    30.0
20230515.1200     0.3233     3.8720    79.3187    30.0
20230515.1300     0.3232     3.7996    79.3955    30.0
20230515.1400     0.3225     3.7358    81.5294    30.0
20230515.1500     0.3156     3.7161    81.6720    30.0
20230515.1600     0.3099     3.6739    82.7855    30.0
20230515.1700     0.3028     3.6369    83.4986    30.0
20230515.1800     0.2939     3.6117    83.6851    30.0
20230515.1900     0.2852     3.5854    83.8113    30.0
20230515.2000     0.2805     3.5284    85.8903    30.0
20230515.2100     0.2744     3.4825    86.8393    30.0
20230515.2200     0.2564     3.5485    87.8760    30.0
20230515.2300     0.2501     3.5165    87.3604    30.0
20230516.0000     0.2449     3.4713    86.9983    30.0
20230516.0100     0.2396     3.4395    86.2962    30.0
20230516.0200     0.2360     3.3910    85.3417    30.0
20230516.0300     0.2303     3.3853    84.0307    30.0
20230516.0400     0.2278     3.3430    83.0653    30.0
20230516.0500     0.2257     3.3077    81.8859    30.0
20230516.0600     0.2256     3.2644    80.3500    30.0
20230516.0700     0.2292     3.1958    78.0022    30.0
20230516.0800     0.2340     3.1305    75.1992    30.0
20230516.0900     0.2382     3.0835    73.1476    30.0
20230516.1000     0.2295     3.1291    69.9990    30.0
20230516.1100     0.2309     3.1114    70.5805    30.0
20230516.1200     0.2343     3.0782    72.2096    30.0
20230516.1300     0.2376     3.0400    74.5738    30.0
20230516.1400     0.2408     3.0029    77.2068    30.0
20230516.1500     0.2389     3.0053    78.1613    30.0
20230516.1600     0.2430     2.9783    82.7032    30.0
20230516.1700     0.2447     2.9604    86.2688    30.0
20230516.1800     0.2417     2.9621    87.3384    30.0
20230516.1900     0.2393     2.9581    88.3368    30.0
20230516.2000     0.2348     2.9614    88.0131    30.0
20230516.2100     0.2353     2.9360    90.4212    30.0
20230516.2200     0.2253     2.9870    94.5957    30.0
20230516.2300     0.2231     2.9746    93.9648    30.0
20230517.0000     0.2247     2.9335    94.0800    30.0
20230517.0100     0.2284     2.9025    95.0455    30.0
20230517.0200     0.2334     2.8804    96.0822    30.0
20230517.0300     0.2327     2.8975    94.2501    30.0
20230517.0400     0.2316     2.9262    92.2314    30.0
20230517.0500     0.2311     2.9602    90.1250    30.0
20230517.0600     0.2316     2.9855    87.5579    30.0
20230517.0700     0.2317     3.0193    85.1662    30.0
20230517.0800     0.2390     2.9957    81.3538    30.0
20230517.0900     0.2425     3.0024    79.0006    30.0
20230517.1000     0.2422     3.0187    73.5316    30.0
20230517.1100     0.2494     2.9998    72.7691    30.0
20230517.1200     0.2541     2.9911    73.1367    30.0
20230517.1300     0.2582     2.9818    74.4970    30.0
20230517.1400     0.2600     2.9804    75.6435    30.0
20230517.1500     0.2631     2.9666    76.8668    30.0
20230517.1600     0.2677     2.9417    78.3972    30.0
20230517.1700     0.2678     2.9502    77.9474    30.0
20230517.1800     0.2690     2.9606    78.4959    30.0
20230517.1900     0.2704     2.9769    79.4339    30.0
20230517.2000     0.2696     2.9983    79.0554    30.0
20230517.2100     0.2693     3.0191    78.9128    30.0
20230517.2200     0.2645     3.0766    81.7214    30.0
20230517.2300     0.2663     3.0794    81.6555    30.0
20230518.0000     0.2646     3.1010    80.4049    30.0
20230518.0100     0.2621     3.1257    79.1597    30.0
20230518.0200     0.2603     3.1388    78.4027    30.0
20230518.0300     0.2586     3.1522    77.7883    30.0
20230518.0400     0.2559     3.1643    76.7186    30.0
20230518.0500     0.2508     3.2083    75.3528    30.0
20230518.0600     0.2464     3.2432    74.1899    30.0
20230518.0700     0.2427     3.2723    73.1805    30.0
20230518.0800     0.2390     3.3009    72.3687    30.0
20230518.0900     0.2354     3.3307    71.7598    30.0
20230518.1000     0.2192     3.4983    69.3682    30.0
20230518.1100     0.2206     3.4669    69.1872    30.0
20230518.1200     0.2204     3.4532    69.2146    30.0
20230518.1300     0.2263     3.3499    70.0593    30.0
20230518.1400     0.2397     3.2160    75.9123    30.0
20230518.1500     0.2455     3.1715    78.6769    30.0
20230518.1600     0.2483     3.1470    80.2677    30.0
20230518.1700     0.2519     3.1105    82.3193    30.0
20230518.1800     0.2616     3.0542    87.5524    30.0
20230518.1900     0.2598     3.0657    87.9144    30.0
20230518.2000     0.2572     3.0831    87.7773    30.0
20230518.2100     0.2525     3.1178    86.3840    30.0
20230518.2200     0.2406     3.2089    86.1975    30.0
20230518.2300     0.2390     3.2149    85.2320    30.0
20230519.0000     0.2381     3.2109    84.4312    30.0
20230519.0100     0.2375     3.2072    84.0033    30.0
20230519.0200     0.2366     3.2094    83.3450    30.0
20230519.0300     0.2370     3.1939    82.5606    30.0
20230519.0400     0.2337     3.2287    81.3100    30.0
20230519.0500     0.2307     3.2630    80.0702    30.0
20230519.0600     0.2298     3.2721    78.8909    30.0
20230519.0700     0.2333     3.2187    77.2946    30.0
20230519.0800     0.2418     3.1399    74.7439    30.0
20230519.0900     0.2476     3.1011    74.0911    30.0
20230519.1000     0.2462     3.1150    68.4137    30.0
20230519.1100     0.2458     3.1349    68.9952    30.0
20230519.1200     0.2484     3.1284    70.5530    30.0
20230519.1300     0.2505     3.1234    71.7543    30.0
20230519.1400     0.2508     3.1335    72.1328    30.0
20230519.1500     0.2521     3.1357    72.6649    30.0
20230519.1600     0.2546     3.1388    73.6523    30.0
20230519.1700     0.2562     3.1430    73.8607    30.0
20230519.1800     0.2600     3.1368    74.5684    30.0
20230519.1900     0.2615     3.1472    74.3215    30.0
20230519.2000     0.2644     3.1505    74.5025    30.0
20230519.2100     0.2669     3.1584    74.4367    30.0
20230519.2200     0.2630     3.2030    74.5738    30.0
20230519.2300     0.3243     3.5636    74.5135    30.0
20230520.0000     0.3434     3.6974    73.6633    30.0
20230520.0100     0.3510     3.7395    73.1092    30.0
20230520.0200     0.3570     3.7175    73.0928    30.0
20230520.0300     0.3617     3.6768    73.1915    30.0
20230520.0400     0.3634     3.6533    72.9227    30.0
20230520.0500     0.3626     3.6495    72.2206    30.0
20230520.0600     0.3610     3.6493    71.3704    30.0
20230520.0700     0.3594     3.6487    70.6627    30.0
20230520.0800     0.3582     3.6446    70.1745    30.0
20230520.0900     0.3554     3.6544    69.9661    30.0
20230520.1000     0.3456     3.7149    69.7247    30.0
20230520.1100     0.3403     3.7444    69.2475    30.0
20230520.1200     0.3366     3.7514    68.9019    30.0
20230520.1300     0.3331     3.7510    68.8909    30.0
20230520.1400     0.3278     3.7699    68.6386    30.0
20230520.1500     0.3218     3.7994    68.2821    30.0
20230520.1600     0.3162     3.8208    67.9858    30.0
20230520.1700     0.3112     3.8355    67.7390    30.0
20230520.1800     0.3063     3.8472    67.5141    30.0
20230520.1900     0.3058     3.7978    67.6019    30.0
20230520.2000     0.3023     3.7942    67.5854    30.0
20230520.2100     0.2988     3.7993    67.5470    30.0
20230520.2200     0.2828     3.9670    67.0369    30.0
20230520.2300     0.2967     3.7454    70.2074    30.0
20230521.0000     0.3043     3.6580    72.4729    30.0
20230521.0100     0.3143     3.5654    74.9798    30.0
20230521.0200     0.3205     3.5162    75.9178    30.0
20230521.0300     0.3235     3.5065    75.8849    30.0
20230521.0400     0.3265     3.5041    75.4296    30.0
20230521.0500     0.3320     3.4918    74.4861    30.0
20230521.0600     0.3380     3.4865    73.2354    30.0
20230521.0700     0.3413     3.5124    71.9737    30.0
20230521.0800     0.3424     3.5630    71.1345    30.0
20230521.0900     0.3444     3.6069    70.4433    30.0
20230521.1000     0.3437     3.6607    69.7796    30.0
20230521.1100     0.3470     3.6948    69.3682    30.0
20230521.1200     0.3477     3.7520    69.0006    30.0
20230521.1300     0.3493     3.7985    68.8416    30.0
20230521.1400     0.3490     3.8616    68.4905    30.0
20230521.1500     0.3481     3.9301    68.1065    30.0
20230521.1600     0.3476     3.9883    67.8048    30.0
20230521.1700     0.3546     3.9478    68.6331    30.0
20230521.1800     0.3585     3.9500    69.9771    30.0
20230521.1900     0.3597     3.9651    70.7340    30.0
20230521.2000     0.3592     3.9850    70.9644    30.0
20230521.2100     0.3581     4.0063    71.1619    30.0
20230521.2200     0.3507     4.0773    71.5294    30.0
20230521.2300     0.3519     4.0512    72.4071    30.0
20230522.0000     0.3544     4.0163    73.6303    30.0
20230522.0100     0.3530     4.0138    73.7401    30.0
20230522.0200     0.3513     4.0110    73.6852    30.0
20230522.0300     0.3491     4.0133    73.4000    30.0
20230522.0400     0.3473     4.0128    73.0160    30.0
20230522.0500     0.3461     4.0054    72.5387    30.0
20230522.0600     0.3466     3.9819    72.1822    30.0
20230522.0700     0.3482     3.9481    71.8695    30.0
20230522.0800     0.3488     3.9344    71.2881    30.0
20230522.0900     0.3496     3.9231    70.6847    30.0
20230522.1000     0.3428     3.9863    69.6150    30.0
20230522.1100     0.3415     4.0110    69.5821    30.0
20230522.1200     0.3435     3.9990    69.8180    30.0
20230522.1300     0.3456     3.9895    70.0538    30.0
20230522.1400     0.3473     3.9896    70.1800    30.0
20230522.1500     0.3469     4.0177    69.8235    30.0
20230522.1600     0.3461     4.0543    69.4066    30.0
20230522.1700     0.3463     4.0819    69.0445    30.0
20230522.1800     0.3465     4.1104    68.6989    30.0
20230522.1900     0.3502     4.0852    68.6276    30.0
20230522.2000     0.3500     4.1078    68.4247    30.0
20230522.2100     0.3538     4.0765    69.1268    30.0
20230522.2200     0.3480     4.1467    69.4834    30.0
20230522.2300     0.3683     4.1796    71.3374    30.0
20230523.0000     0.3680     4.2038    71.0248    30.0
20230523.0100     0.3676     4.2022    70.7340    30.0
20230523.0200     0.3638     4.2326    70.3665    30.0
20230523.0300     0.3596     4.2544    70.0648    30.0
20230523.0400     0.3556     4.2697    69.8180    30.0
20230523.0500     0.3509     4.2826    69.6424    30.0
20230523.0600     0.3464     4.2864    69.4285    30.0
20230523.0700     0.3416     4.2871    69.2036    30.0
20230523.0800     0.3369     4.2916    69.1268    30.0
20230523.0900     0.3378     4.2055    68.7593    30.0
20230523.1000     0.3321     4.2070    67.7829    30.0
20230523.1100     0.3326     4.1471    67.5031    30.0
20230523.1200     0.3309     4.1121    68.0242    30.0
20230523.1300     0.3316     4.0564    69.2036    30.0
20230523.1400     0.3325     4.0033    70.6627    30.0
20230523.1500     0.3311     3.9776    71.6391    30.0
20230523.1600     0.3312     3.9362    73.1586    30.0
20230523.1700     0.3292     3.9189    73.8607    30.0
20230523.1800     0.3255     3.9228    73.8772    30.0
20230523.1900     0.3249     3.8971    74.8865    30.0
20230523.2000     0.3219     3.8961    75.1608    30.0
20230523.2100     0.3217     3.8710    76.5596    30.0
20230523.2200     0.3132     3.9289    77.5634    30.0
20230523.2300     0.3130     3.8948    78.0242    30.0
20230524.0000     0.3135     3.8577    78.3752    30.0
20230524.0100     0.3139     3.8252    78.1833    30.0
20230524.0200     0.3156     3.7907    78.0351    30.0
20230524.0300     0.3189     3.7526    77.8761    30.0
20230524.0400     0.3228     3.7180    77.3879    30.0
20230524.0500     0.3270     3.6832    76.6199    30.0
20230524.0600     0.3304     3.6658    75.7971    30.0
20230524.0700     0.3330     3.6570    74.9688    30.0
20230524.0800     0.3353     3.6538    74.4312    30.0
20230524.0900     0.3383     3.6437    74.2667    30.0
20230524.1000     0.3341     3.6854    73.9430    30.0
20230524.1100     0.3377     3.6647    74.3873    30.0
20230524.1200     0.3393     3.6582    74.0911    30.0
20230524.1300     0.3406     3.6560    74.0802    30.0
20230524.1400     0.3422     3.6513    74.3325    30.0
20230524.1500     0.3458     3.6320    75.1992    30.0
20230524.1600     0.3480     3.6269    75.7477    30.0
20230524.1700     0.3502     3.6239    76.5596    30.0
20230524.1800     0.3521     3.6204    77.6457    30.0
20230524.1900     0.3508     3.6353    77.8377    30.0
20230524.2000     0.3489     3.6476    78.0571    30.0
20230524.2100     0.3506     3.6323    79.7850    30.0
20230524.2200     0.3422     3.6926    80.2293    30.0
20230524.2300     0.3385     3.7107    79.6698    30.0
20230525.0000     0.3359     3.7192    79.4449    30.0
20230525.0100     0.3343     3.7218    79.5766    30.0
20230525.0200     0.3325     3.7285    79.6972    30.0
20230525.0300     0.3289     3.7618    78.8964    30.0
20230525.0400     0.3265     3.7826    78.0626    30.0
20230525.0500     0.3220     3.8423    76.8722    30.0
20230525.0600     0.3187     3.8964    75.7806    30.0
20230525.0700     0.3188     3.9095    74.7768    30.0
20230525.0800     0.3276     3.8375    72.3577    30.0
20230525.0900     0.3326     3.8199    70.5585    30.0
20230525.1000     0.3273     3.8946    68.2711    30.0
20230525.1100     0.3328     3.8786    67.8816    30.0
20230525.1200     0.3348     3.9055    68.4795    30.0
20230525.1300     0.3387     3.9148    69.4888    30.0
20230525.1400     0.3451     3.9133    71.2497    30.0
20230525.1500     0.3502     3.9298    72.0231    30.0
20230525.1600     0.3563     3.9485    72.4510    30.0
20230525.1700     0.3601     3.9942    71.9628    30.0
20230525.1800     0.3667     4.0153    71.7159    30.0
20230525.1900     0.3776     3.9982    72.9337    30.0
20230525.2000     0.3829     4.0300    72.5936    30.0
20230525.2100     0.3904     4.0345    73.0324    30.0
20230525.2200     0.3877     4.1301    72.8020    30.0
20230525.2300     0.3933     4.1296    72.9502    30.0
20230526.0000     0.4039     4.0834    75.0840    30.0
20230526.0100     0.4084     4.0753    75.8245    30.0
20230526.0200     0.4119     4.0688    76.6912    30.0
20230526.0300     0.4100     4.1035    76.3127    30.0
20230526.0400     0.4072     4.1437    75.5612    30.0
20230526.0500     0.4047     4.1723    74.7274    30.0
20230526.0600     0.4008     4.2194    73.7510    30.0
20230526.0700     0.3984     4.2520    72.8788    30.0
20230526.0800     0.4002     4.2327    71.9628    30.0
20230526.0900     0.3998     4.2482    71.1235    30.0
20230526.1000     0.3989     4.2597    69.3023    30.0
20230526.1100     0.4002     4.2544    68.9348    30.0
20230526.1200     0.4012     4.2560    68.7373    30.0
20230526.1300     0.4031     4.2517    68.6386    30.0
20230526.1400     0.4063     4.2358    68.6989    30.0
20230526.1500     0.4127     4.2012    69.0720    30.0
20230526.1600     0.4191     4.1736    69.2146    30.0
20230526.1700     0.4266     4.1438    69.5437    30.0
20230526.1800     0.4335     4.1245    69.8289    30.0
20230526.1900     0.4396     4.1114    70.3610    30.0
20230526.2000     0.4411     4.1298    70.0538    30.0
20230526.2100     0.4418     4.1438    69.9003    30.0
20230526.2200     0.4373     4.1928    69.9551    30.0
20230526.2300     0.4382     4.1870    70.2294    30.0
20230527.0000     0.4381     4.1849    70.5585    30.0
20230527.0100     0.4445     4.1390    72.5223    30.0
20230527.0200     0.4462     4.1417    73.1915    30.0
20230527.0300     0.4448     4.1922    73.0160    30.0
20230527.0400     0.4439     4.2567    72.5223    30.0
20230527.0500     0.4437     4.3302    72.0341    30.0
20230527.0600     0.4446     4.4016    71.6062    30.0
20230527.0700     0.4461     4.4733    71.2113    30.0
20230527.0800     0.4495     4.5241    70.7889    30.0
20230527.0900     0.4542     4.5577    70.0538    30.0
20230527.1000     0.4530     4.6470    69.2749    30.0
20230527.1100     0.4551     4.7022    69.4450    30.0
20230527.1200     0.4570     4.7493    69.7357    30.0
20230527.1300     0.4589     4.7862    70.4653    30.0
20230527.1400     0.4606     4.8187    71.2661    30.0
20230527.1500     0.4652     4.8108    72.6814    30.0
20230527.1600     0.4717     4.7713    74.7439    30.0
20230527.1700     0.4751     4.7456    76.7077    30.0
20230527.1800     0.4796     4.6987    79.5766    30.0
20230527.1900     0.4811     4.6664    82.2315    30.0
20230527.2000     0.4840     4.6149    85.4350    30.0
20230527.2100     0.4827     4.5887    87.3988    30.0
20230527.2200     0.4684     4.6663    86.6144    30.0
20230527.2300     0.4561     4.7136    84.7438    30.0
20230528.0000     0.4481     4.7165    83.7894    30.0
20230528.0100     0.4427     4.6853    83.2902    30.0
20230528.0200     0.4381     4.6474    82.8623    30.0
20230528.0300     0.4329     4.6121    82.1657    30.0
20230528.0400     0.4274     4.5820    81.4361    30.0
20230528.0500     0.4229     4.5441    80.7504    30.0
20230528.0600     0.4179     4.5078    80.1032    30.0
20230528.0700     0.4163     4.4249    79.2200    30.0
20230528.0800     0.4161     4.3365    77.5744    30.0
20230528.0900     0.4170     4.2449    76.0275    30.0
20230528.1000     0.4035     4.2841    74.8317    30.0
20230528.1100     0.4055     4.3073    74.5574    30.0
20230528.1200     0.4001     4.3461    74.2886    30.0
20230528.1300     0.3971     4.3736    74.0527    30.0
20230528.1400     0.3943     4.4252    73.6797    30.0
20230528.1500     0.3963     4.4298    73.9924    30.0
20230528.1600     0.4033     4.4062    75.9287    30.0
20230528.1700     0.4155     4.3398    79.2803    30.0
20230528.1800     0.4219     4.3231    81.1454    30.0
20230528.1900     0.4243     4.3340    82.1821    30.0
20230528.2000     0.4241     4.3629    82.4948    30.0
20230528.2100     0.4216     4.4049    81.9517    30.0
20230528.2200     0.4106     4.5205    80.7011    30.0
20230528.2300     0.4066     4.5528    79.4230    30.0
20230529.0000     0.4038     4.5601    78.6550    30.0
20230529.0100     0.4023     4.5437    78.3588    30.0
20230529.0200     0.4029     4.4981    78.5288    30.0
20230529.0300     0.4029     4.4570    78.4904    30.0
20230529.0400     0.4025     4.4191    78.1668    30.0
20230529.0500     0.4021     4.3787    77.5415    30.0
20230529.0600     0.4027     4.3242    76.6035    30.0
20230529.0700     0.4053     4.2552    75.5173    30.0
20230529.0800     0.4088     4.1879    74.2996    30.0
20230529.0900     0.4086     4.1595    73.6907    30.0
20230529.1000     0.4098     4.1207    72.2590    30.0
20230529.1100     0.4125     4.0814    72.0670    30.0
20230529.1200     0.4104     4.0897    71.9518    30.0
20230529.1300     0.4073     4.1087    72.0067    30.0
20230529.1400     0.4041     4.1307    72.0121    30.0
20230529.1500     0.4015     4.1465    71.8147    30.0
20230529.1600     0.3995     4.1611    71.6501    30.0
20230529.1700     0.3978     4.1773    71.4307    30.0
20230529.1800     0.3984     4.1742    71.8202    30.0
20230529.1900     0.3982     4.1775    71.8092    30.0
20230529.2000     0.3995     4.1684    72.2590    30.0
20230529.2100     0.4012     4.1554    72.8295    30.0
20230529.2200     0.4004     4.1583    74.2173    30.0
20230529.2300     0.4020     4.1372    74.2557    30.0
20230530.0000     0.4029     4.1204    74.4093    30.0
20230530.0100     0.4044     4.0994    74.7000    30.0
20230530.0200     0.4061     4.0784    74.9085    30.0
20230530.0300     0.4076     4.0664    74.8755    30.0
20230530.0400     0.4080     4.0705    74.5245    30.0
20230530.0500     0.4096     4.0659    74.1460    30.0
20230530.0600     0.4121     4.0521    73.5700    30.0
20230530.0700     0.4182     4.0151    72.7582    30.0
20230530.0800     0.4252     3.9834    71.8531    30.0
20230530.0900     0.4367     3.9292    70.7944    30.0
20230530.1000     0.4493     3.8772    69.7631    30.0
20230530.1100     0.4669     3.8243    69.2694    30.0
20230530.1200     0.4704     3.8597    69.0665    30.0
20230530.1300     0.4670     3.9308    69.2804    30.0
20230530.1400     0.4646     3.9875    69.9277    30.0
20230530.1500     0.4641     4.0263    70.8273    30.0
20230530.1600     0.4625     4.0648    71.3923    30.0
20230530.1700     0.4610     4.0966    71.7104    30.0
20230530.1800     0.4615     4.1108    72.7362    30.0
20230530.1900     0.4591     4.1361    73.6194    30.0
20230530.2000     0.4546     4.1664    74.1295    30.0
20230530.2100     0.4505     4.1832    74.8152    30.0
20230530.2200     0.4388     4.2586    75.1169    30.0
20230530.2300     0.4344     4.2585    75.6545    30.0
20230531.0000     0.4304     4.2431    76.5541    30.0
20230531.0100     0.4250     4.2361    77.3275    30.0
20230531.0200     0.4179     4.2460    77.5689    30.0
20230531.0300     0.4091     4.2683    77.3659    30.0
20230531.0400     0.4006     4.2887    76.9984    30.0
20230531.0500     0.3923     4.3137    76.4115    30.0
20230531.0600     0.3847     4.3353    75.8245    30.0
20230531.0700     0.3841     4.2751    74.7329    30.0
20230531.0800     0.3829     4.2402    73.0050    30.0
20230531.0900     0.3804     4.2289    72.2316    30.0
20230531.1000     0.3722     4.2857    71.1509    30.0
20230531.1100     0.4473     4.7037    71.1729    30.0
20230531.1200     0.4516     4.7648    71.8037    30.0
20230531.1300     0.4488     4.7547    72.2919    30.0
20230531.1400     0.4432     4.7259    72.6375    30.0
20230531.1500     0.4376     4.6895    73.0160    30.0
20230531.1600     0.4351     4.6194    74.0472    30.0
20230531.1700     0.4328     4.5549    75.0182    30.0
20230531.1800     0.4319     4.4880    76.1262    30.0
20230531.1900     0.4281     4.4527    76.4005    30.0
20230531.2000     0.4252     4.4151    76.6693    30.0
20230531.2100     0.4251     4.3568    77.7225    30.0
20230531.2200     0.4188     4.3690    78.4904    30.0
20230531.2300     0.4172     4.3329    78.6715    30.0
20230601.0000     0.4159     4.2958    78.8251    30.0
20230601.0100     0.4144     4.2715    78.6385    30.0
20230601.0200     0.4138     4.2444    78.4411    30.0
20230601.0300     0.4136     4.2246    78.0077    30.0
20230601.0400     0.4130     4.2177    77.3330    30.0
20230601.0500     0.4122     4.2237    76.3840    30.0
20230601.0600     0.4123     4.2216    75.2540    30.0
20230601.0700     0.4128     4.2312    74.2063    30.0
20230601.0800     0.4173     4.2016    72.9063    30.0
20230601.0900     0.4220     4.1715    71.9134    30.0
20230601.1000     0.4185     4.2126    70.4049    30.0
20230601.1100     0.4189     4.2282    70.0758    30.0
20230601.1200     0.4198     4.2372    69.9496    30.0
20230601.1300     0.4215     4.2440    69.8838    30.0
20230601.1400     0.4232     4.2500    69.7522    30.0
20230601.1500     0.4264     4.2417    69.9003    30.0
20230601.1600     0.4305     4.2225    70.1416    30.0
20230601.1700     0.4363     4.1882    71.0357    30.0
20230601.1800     0.4407     4.1608    72.1657    30.0
20230601.1900     0.4390     4.1743    72.0944    30.0
20230601.2000     0.4351     4.1962    71.8421    30.0
20230601.2100     0.4307     4.2092    71.8311    30.0
20230601.2200     0.4192     4.2794    71.6556    30.0
20230601.2300     0.4152     4.2798    71.5514    30.0
20230602.0000     0.4147     4.2829    71.7653    30.0
20230602.0100     0.4154     4.2762    72.4236    30.0
20230602.0200     0.4166     4.2617    73.2793    30.0
20230602.0300     0.4155     4.2710    73.4329    30.0
20230602.0400     0.4128     4.3002    73.1751    30.0
20230602.0500     0.4100     4.3329    72.5771    30.0
20230602.0600     0.4085     4.3511    71.8695    30.0
20230602.0700     0.4086     4.3537    70.9425    30.0
20230602.0800     0.4152     4.2897    69.1762    30.0
20230602.0900     0.4208     4.2432    67.9036    30.0
20230602.1000     0.4170     4.2799    66.9491    30.0
20230602.1100     0.4188     4.2710    66.7736    30.0
20230602.1200     0.4198     4.2712    66.6309    30.0
20230602.1300     0.4209     4.2780    66.5377    30.0
20230602.1400     0.4252     4.2569    66.6584    30.0
20230602.1500     0.4323     4.2187    67.1246    30.0
20230602.1600     0.4438     4.1582    68.3095    30.0
20230602.1700     0.4562     4.1111    69.5437    30.0
20230602.1800     0.4640     4.1108    69.7576    30.0
20230602.1900     0.4680     4.1436    69.1652    30.0
20230602.2000     0.4713     4.1842    68.3589    30.0
20230602.2100     0.4742     4.2231    67.5689    30.0
20230602.2200     0.4711     4.3022    67.0094    30.0
20230602.2300     0.4736     4.3239    66.4280    30.0
20230603.0000     0.4740     4.3566    66.0275    30.0
20230603.0100     0.4736     4.3831    66.0879    30.0
20230603.0200     0.4719     4.4079    66.0605    30.0
20230603.0300     0.4688     4.4349    65.9727    30.0
20230603.0400     0.4641     4.4710    65.7204    30.0
20230603.0500     0.4585     4.5107    65.5009    30.0
20230603.0600     0.4558     4.5087    65.3364    30.0
20230603.0700     0.4526     4.5174    65.0073    30.0
20230603.0800     0.4498     4.5196    64.7714    30.0
20230603.0900     0.4459     4.5326    64.8427    30.0
20230603.1000     0.4355     4.6142    64.6013    30.0
20230603.1100     0.4738     4.8243    64.9524    30.0
20230603.1200     0.4664     4.8608    64.8701    30.0
20230603.1300     0.4629     4.8441    65.2212    30.0
20230603.1400     0.4601     4.8319    65.8575    30.0
20230603.1500     0.4609     4.7802    67.2069    30.0
20230603.1600     0.4612     4.7374    68.5563    30.0
20230603.1700     0.4568     4.7345    68.8306    30.0
20230603.1800     0.4514     4.7362    68.9293    30.0
20230603.1900     0.4453     4.7394    68.8306    30.0
20230603.2000     0.4397     4.7327    68.8087    30.0
20230603.2100     0.4365     4.6954    69.4559    30.0
20230603.2200     0.4263     4.7288    69.8783    30.0
20230603.2300     0.4254     4.6569    71.2387    30.0
20230604.0000     0.4209     4.6210    71.6940    30.0
20230604.0100     0.4141     4.6073    71.6611    30.0
20230604.0200     0.4074     4.5932    71.5953    30.0
20230604.0300     0.4007     4.5775    71.5020    30.0
20230604.0400     0.3944     4.5526    71.2552    30.0
20230604.0500     0.3852     4.5710    70.8547    30.0
20230604.0600     0.3772     4.5747    70.4378    30.0
20230604.0700     0.3726     4.5270    69.7905    30.0
20230604.0800     0.3696     4.4598    68.5783    30.0
20230604.0900     0.3621     4.4640    68.2491    30.0
20230604.1000     0.3486     4.5474    66.9765    30.0
20230604.1100     0.3426     4.5441    67.2618    30.0
20230604.1200     0.3359     4.5607    67.5525    30.0
20230604.1300     0.3338     4.5039    68.1175    30.0
20230604.1400     0.3288     4.5091    68.4027    30.0
20230604.1500     0.3233     4.5246    68.5618    30.0
20230604.1600     0.3226     4.4639    68.8580    30.0
20230604.1700     0.3258     4.3644    70.0922    30.0
20230604.1800     0.3220     4.3618    70.0593    30.0
20230604.1900     0.3169     4.3820    69.8948    30.0
20230604.2000     0.3141     4.3686    70.0045    30.0
20230604.2100     0.3101     4.3710    70.0429    30.0
20230604.2200     0.2969     4.5232    69.9935    30.0
20230604.2300     0.3059     4.6069    69.9441    30.0
20230605.0000     0.3097     4.6774    69.8454    30.0
20230605.0100     0.3219     4.5992    71.1564    30.0
20230605.0200     0.3289     4.5801    72.2700    30.0
20230605.0300     0.3319     4.5723    72.9831    30.0
20230605.0400     0.3303     4.5708    72.8569    30.0
20230605.0500     0.3281     4.5310    72.5662    30.0
20230605.0600     0.3254     4.4641    71.9244    30.0
20230605.0700     0.3227     4.3780    71.1125    30.0
20230605.0800     0.3162     4.3371    70.6243    30.0
20230605.0900     0.3087     4.3092    70.4817    30.0
20230605.1000     0.2989     4.3002    69.9112    30.0
20230605.1100     0.2935     4.2396    69.6095    30.0
20230605.1200     0.2867     4.2099    69.2475    30.0
20230605.1300     0.2824     4.1601    69.1268    30.0
20230605.1400     0.2786     4.1118    68.8525    30.0
20230605.1500     0.2766     4.0533    68.5015    30.0
20230605.1600     0.2762     3.9939    68.2053    30.0
20230605.1700     0.2844     3.8239    69.3243    30.0
20230605.1800     0.2873     3.7615    69.3901    30.0
20230605.1900     0.2929     3.6932    70.3117    30.0
20230605.2000     0.2960     3.6771    70.2294    30.0
20230605.2100     0.2992     3.6649    69.5382    30.0
20230605.2200     0.2944     3.7455    68.8361    30.0
20230605.2300     0.2972     3.7705    68.0846    30.0
20230606.0000     0.3003     3.7964    67.4867    30.0
20230606.0100     0.3079     3.7598    67.6403    30.0
20230606.0200     0.3139     3.7582    68.1943    30.0
20230606.0300     0.3157     3.8002    67.6896    30.0
20230606.0400     0.3180     3.8363    67.1850    30.0
20230606.0500     0.3200     3.8736    66.6584    30.0
20230606.0600     0.3217     3.9122    66.2854    30.0
20230606.0700     0.3231     3.9499    66.0111    30.0
20230606.0800     0.3239     3.9847    65.7862    30.0
20230606.0900     0.3245     4.0142    65.6161    30.0
20230606.1000     0.3160     4.1429    65.1115    30.0
20230606.1100     0.3176     4.1418    65.1663    30.0
20230606.1200     0.3284     4.0028    66.5816    30.0
20230606.1300     0.3330     3.9640    68.4192    30.0
20230606.1400     0.3317     3.9775    68.5508    30.0
20230606.1500     0.3293     4.0045    68.1998    30.0
20230606.1600     0.3267     4.0304    67.9639    30.0
20230606.1700     0.3245     4.0508    67.8377    30.0
20230606.1800     0.3222     4.0678    67.7335    30.0
20230606.1900     0.3234     4.0334    68.1614    30.0
20230606.2000     0.3267     3.9907    70.0922    30.0
20230606.2100     0.3305     3.9452    72.4949    30.0
20230606.2200     0.3227     4.0175    72.5333    30.0
20230606.2300     0.3227     4.0051    72.5991    30.0
20230607.0000     0.3230     4.0027    72.8788    30.0
20230607.0100     0.3314     3.9261    75.6435    30.0
20230607.0200     0.3383     3.8730    77.6841    30.0
20230607.0300     0.3405     3.8696    77.6183    30.0
20230607.0400     0.3425     3.8806    76.8229    30.0
20230607.0500     0.3457     3.8837    75.6654    30.0
20230607.0600     0.3492     3.8949    74.5958    30.0
20230607.0700     0.3539     3.9099    73.7401    30.0
20230607.0800     0.3596     3.9252    73.2244    30.0
20230607.0900     0.3628     3.9654    72.4784    30.0
20230607.1000     0.3620     4.0381    71.7324    30.0
20230607.1100     0.3682     4.0568    71.1235    30.0
20230607.1200     0.3778     4.0525    70.8712    30.0
20230607.1300     0.3966     3.9888    72.8350    30.0
20230607.1400     0.4122     3.9793    73.1257    30.0
20230607.1500     0.4296     3.9849    73.3945    30.0
20230607.1600     0.4423     4.0367    72.4071    30.0
20230607.1700     0.4524     4.1196    70.8273    30.0
20230607.1800     0.4615     4.2092    69.2585    30.0
20230607.1900     0.4723     4.2806    68.3040    30.0
20230607.2000     0.4847     4.3265    68.1614    30.0
20230607.2100     0.4986     4.3502    68.7593    30.0
20230607.2200     0.5033     4.4352    68.6112    30.0
20230607.2300     0.6235     4.9246    68.6935    30.0
20230608.0000     0.6274     4.9331    68.2437    30.0
20230608.0100     0.6308     4.9362    67.9694    30.0
20230608.0200     0.6334     4.9486    67.7006    30.0
20230608.0300     0.6342     4.9748    67.3440    30.0
20230608.0400     0.6332     5.0115    66.9381    30.0
20230608.0500     0.6315     5.0469    66.5432    30.0
20230608.0600     0.6284     5.0797    66.1921    30.0
20230608.0700     0.6250     5.0990    65.9288    30.0
20230608.0800     0.6209     5.1059    65.7149    30.0
20230608.0900     0.6162     5.1048    65.5448    30.0
20230608.1000     0.6072     5.1239    65.3035    30.0
20230608.1100     0.6007     5.1140    65.2980    30.0
20230608.1200     0.5935     5.0958    65.4187    30.0
20230608.1300     0.5848     5.0786    65.4461    30.0
20230608.1400     0.5759     5.0548    65.3474    30.0
20230608.1500     0.5675     5.0185    65.3199    30.0
20230608.1600     0.5611     4.9607    65.6216    30.0
20230608.1700     0.5522     4.9207    65.6326    30.0
20230608.1800     0.5450     4.8660    66.0385    30.0
20230608.1900     0.5375     4.8114    66.3567    30.0
20230608.2000     0.5300     4.7556    66.8942    30.0
20230608.2100     0.5224     4.7005    67.5964    30.0
20230608.2200     0.5086     4.7012    68.1230    30.0
20230608.2300     0.4994     4.6536    68.5838    30.0
20230609.0000     0.4893     4.6185    68.9787    30.0
20230609.0100     0.4781     4.5973    69.0884    30.0
20230609.0200     0.4672     4.5777    69.1488    30.0
20230609.0300     0.4570     4.5585    69.2091    30.0
20230609.0400     0.4468     4.5450    69.0994    30.0
20230609.0500     0.4369     4.5398    68.9622    30.0
20230609.0600     0.4296     4.5100    68.7703    30.0
20230609.0700     0.4256     4.4527    68.1010    30.0
20230609.0800     0.4183     4.4451    67.9639    30.0
20230609.0900     0.4128     4.4204    67.8652    30.0
20230609.1000     0.4005     4.4746    67.3715    30.0
20230609.1100     0.3946     4.4643    67.3660    30.0
20230609.1200     0.3969     4.3570    68.5399    30.0
20230609.1300     0.4017     4.2449    71.2552    30.0
20230609.1400     0.3968     4.2334    71.0467    30.0
20230609.1500     0.3919     4.2220    70.5805    30.0
20230609.1600     0.3882     4.2022    70.3062    30.0
20230609.1700     0.3848     4.1872    70.3007    30.0
20230609.1800     0.3833     4.1535    70.9370    30.0
20230609.1900     0.3870     4.0790    73.1805    30.0
20230609.2000     0.3931     3.9888    76.7186    30.0
20230609.2100     0.3927     3.9428    78.4959    30.0
20230609.2200     0.3806     4.0022    78.2655    30.0
20230609.2300     0.3743     4.0031    77.2946    30.0
20230610.0000     0.3679     4.0037    76.4060    30.0
20230610.0100     0.3638     3.9782    76.6199    30.0
20230610.0200     0.3605     3.9439    77.3824    30.0
20230610.0300     0.3527     3.9509    76.8338    30.0
20230610.0400     0.3441     3.9654    76.0220    30.0
20230610.0500     0.3361     3.9709    75.1224    30.0
20230610.0600     0.3270     3.9964    74.2173    30.0
20230610.0700     0.3189     4.0090    73.4548    30.0
20230610.0800     0.3119     4.0161    72.7253    30.0
20230610.0900     0.3050     4.0208    72.1712    30.0
20230610.1000     0.2947     4.0413    69.0500    30.0
20230610.1100     0.2898     4.0259    68.9239    30.0
20230610.1200     0.2870     3.9820    68.9458    30.0
20230610.1300     0.2889     3.8812    70.5311    30.0
20230610.1400     0.2900     3.8131    73.0160    30.0
20230610.1500     0.2980     3.6955    78.1065    30.0
20230610.1600     0.2973     3.6502    79.8728    30.0
20230610.1700     0.2972     3.6069    81.6336    30.0
20230610.1800     0.2964     3.5771    83.0104    30.0
20230610.1900     0.2989     3.5263    85.9945    30.0
20230610.2000     0.3040     3.4681    90.4103    30.0
20230610.2100     0.3073     3.4276    93.8551    30.0
20230610.2200     0.3087     3.4175    99.0663    30.0
20230610.2300     0.3094     3.4082    98.5452    30.0
20230611.0000     0.3133     3.3810    98.9785    30.0
20230611.0100     0.3163     3.3719    98.8304    30.0
20230611.0200     0.3171     3.3908    97.2451    30.0
20230611.0300     0.3140     3.4469    93.1091    30.0
20230611.0400     0.3113     3.5100    88.8524    30.0
20230611.0500     0.3099     3.5668    84.7877    30.0
20230611.0600     0.3078     3.6444    81.3154    30.0
20230611.0700     0.3071     3.7122    78.5782    30.0
20230611.0800     0.3076     3.7612    76.2853    30.0
20230611.0900     0.3072     3.8251    74.5684    30.0
20230611.1000     0.2937     4.0272    71.9628    30.0
20230611.1100     0.2949     4.0607    71.1564    30.0
20230611.1200     0.2958     4.0909    70.5201    30.0
20230611.1300     0.3075     3.9485    72.1273    30.0
20230611.1400     0.3136     3.9065    73.8662    30.0
20230611.1500     0.3238     3.8330    77.2123    30.0
20230611.1600     0.3311     3.8046    79.5052    30.0
20230611.1700     0.3335     3.8279    79.3791    30.0
20230611.1800     0.3369     3.8650    78.6660    30.0
20230611.1900     0.3446     3.8883    78.2930    30.0
20230611.2000     0.3543     3.9269    77.6292    30.0
20230611.2100     0.3688     3.9551    78.2710    30.0
20230611.2200     0.3751     4.0770    77.5360    30.0
20230611.2300     0.3879     4.1459    76.6199    30.0
20230612.0000     0.4076     4.1552    77.8816    30.0
20230612.0100     0.4221     4.2002    77.9968    30.0
20230612.0200     0.4338     4.2743    77.3550    30.0
20230612.0300     0.4428     4.3691    76.0001    30.0
20230612.0400     0.4524     4.4497    74.5684    30.0
20230612.0500     0.4635     4.5107    73.2025    30.0
20230612.0600     0.4755     4.5615    71.8860    30.0
20230612.0700     0.4871     4.6102    70.8108    30.0
20230612.0800     0.4977     4.6602    69.9661    30.0
20230612.0900     0.5066     4.7210    69.2585    30.0
20230612.1000     0.5105     4.8193    68.4466    30.0
20230612.1100     0.5203     4.8501    68.1943    30.0
20230612.1200     0.5327     4.8451    68.2546    30.0
20230612.1300     0.5512     4.7816    69.1323    30.0
20230612.1400     0.5720     4.7096    70.2020    30.0
20230612.1500     0.5902     4.6652    70.9425    30.0
20230612.1600     0.5997     4.6849    70.6627    30.0
20230612.1700     0.6056     4.7204    70.2074    30.0
20230612.1800     0.6074     4.7709    69.5547    30.0
20230612.1900     0.6073     4.8136    69.0665    30.0
20230612.2000     0.6050     4.8512    68.7264    30.0
20230612.2100     0.6011     4.8840    68.5399    30.0
20230612.2200     0.5925     4.9408    68.4192    30.0
20230612.2300     0.5877     4.9501    68.4466    30.0
20230613.0000     0.5830     4.9486    68.5783    30.0
20230613.0100     0.5789     4.9318    68.8855    30.0
20230613.0200     0.5754     4.9063    69.3298    30.0
20230613.0300     0.5718     4.8851    69.5821    30.0
20230613.0400     0.5675     4.8735    69.6040    30.0
20230613.0500     0.5641     4.8632    69.4779    30.0
20230613.0600     0.5610     4.8590    69.2091    30.0
20230613.0700     0.5586     4.8605    68.8745    30.0
20230613.0800     0.5569     4.8604    68.5234    30.0
20230613.0900     0.5564     4.8595    68.2766    30.0
20230613.1000     0.5536     4.8823    68.1120    30.0
20230613.1100     0.5653     4.9074    68.2382    30.0
20230613.1200     0.5664     4.9280    67.8542    30.0
20230613.1300     0.5692     4.9353    67.4647    30.0
20230613.1400     0.5742     4.9305    67.0698    30.0
20230613.1500     0.5824     4.9090    66.9052    30.0
20230613.1600     0.5903     4.8921    66.7626    30.0
20230613.1700     0.5954     4.9015    66.3073    30.0
20230613.1800     0.5978     4.9329    65.8849    30.0
20230613.1900     0.6015     4.9367    65.9837    30.0
20230613.2000     0.6038     4.9383    66.3402    30.0
20230613.2100     0.6021     4.9574    66.3622    30.0
20230613.2200     0.5946     5.0094    66.2579    30.0
20230613.2300     0.5918     5.0038    66.3512    30.0
20230614.0000     0.5881     5.0002    66.5541    30.0
20230614.0100     0.5850     4.9870    66.8723    30.0
20230614.0200     0.5820     4.9662    67.3002    30.0
20230614.0300     0.5785     4.9481    67.6183    30.0
20230614.0400     0.5743     4.9405    67.7884    30.0
20230614.0500     0.5708     4.9264    67.9036    30.0
20230614.0600     0.5662     4.9277    67.9200    30.0
20230614.0700     0.5614     4.9338    67.8706    30.0
20230614.0800     0.5566     4.9404    67.7884    30.0
20230614.0900     0.5516     4.9474    67.6512    30.0
20230614.1000     0.5424     4.9978    67.2892    30.0
20230614.1100     0.5397     4.9754    67.1246    30.0
20230614.1200     0.5378     4.9439    67.0588    30.0
20230614.1300     0.5342     4.9286    66.9272    30.0
20230614.1400     0.5302     4.9169    66.6968    30.0
20230614.1500     0.5268     4.8943    66.4335    30.0
20230614.1600     0.5237     4.8630    66.5103    30.0
20230614.1700     0.5209     4.8225    66.7736    30.0
20230614.1800     0.5182     4.7732    67.2179    30.0
20230614.1900     0.5118     4.7539    67.2069    30.0
20230614.2000     0.5043     4.7378    67.2179    30.0
20230614.2100     0.4964     4.7168    67.5031    30.0
20230614.2200     0.4907     4.6762    69.4066    30.0
20230614.2300     0.4795     4.6757    69.1213    30.0
20230615.0000     0.4702     4.6580    69.1104    30.0
20230615.0100     0.4607     4.6446    69.1158    30.0
20230615.0200     0.4553     4.5972    69.8289    30.0
20230615.0300     0.4491     4.5661    70.0922    30.0
20230615.0400     0.4454     4.5185    70.4817    30.0
20230615.0500     0.4436     4.4646    70.6847    30.0
20230615.0600     0.4460     4.3783    70.7834    30.0
20230615.0700     0.4496     4.2946    70.4872    30.0
20230615.0800     0.4519     4.2340    70.0484    30.0
20230615.0900     0.4550     4.1750    69.5931    30.0
20230615.1000     0.4488     4.1911    68.8525    30.0
20230615.1100     0.4486     4.1613    68.6880    30.0
20230615.1200     0.4489     4.1317    68.3479    30.0
20230615.1300     0.4468     4.1242    67.9090    30.0
20230615.1400     0.4428     4.1322    67.5799    30.0
20230615.1500     0.4394     4.1336    67.3715    30.0
20230615.1600     0.4356     4.1325    67.1301    30.0
20230615.1700     0.4324     4.1257    66.9985    30.0
20230615.1800     0.4281     4.1246    66.7187    30.0
20230615.1900     0.4254     4.1079    66.8833    30.0
20230615.2000     0.4243     4.0747    67.4044    30.0
20230615.2100     0.4227     4.0413    68.0791    30.0
20230615.2200     0.4141     4.0659    68.0297    30.0
20230615.2300     0.4106     4.0434    68.0407    30.0
20230616.0000     0.4097     3.9955    68.1888    30.0
20230616.0100     0.4072     3.9691    68.1120    30.0
20230616.0200     0.4022     3.9675    67.8597    30.0
20230616.0300     0.3964     3.9716    67.5580    30.0
20230616.0400     0.3914     3.9706    67.2289    30.0
20230616.0500     0.3884     3.9466    66.7023    30.0
20230616.0600     0.3870     3.9057    65.7258    30.0
20230616.0700     0.3826     3.9025    65.1938    30.0
20230616.0800     0.3760     3.9166    65.0457    30.0
20230616.0900     0.3698     3.9275    64.9414    30.0
20230616.1000     0.3780     3.8029    61.9135    30.0
20230616.1100     0.4289     3.8992    58.5399    30.0
20230616.1200     0.4327     3.9514    57.9804    30.0
20230616.1300     0.4308     4.0464    58.9404    30.0
20230616.1400     0.4252     4.1540    60.1472    30.0
20230616.1500     0.4278     4.1389    63.3452    30.0
20230616.1600     0.4295     4.1101    66.6035    30.0
20230616.1700     0.4356     4.0203    70.6408    30.0
20230616.1800     0.4414     3.9198    73.9704    30.0
20230616.1900     0.4515     3.7999    77.4427    30.0
20230616.2000     0.4636     3.7033    79.5217    30.0
20230616.2100     0.4726     3.6505    79.9825    30.0
20230616.2200     0.4638     3.6819    79.8947    30.0
20230616.2300     0.4567     3.7028    78.8141    30.0
20230617.0000     0.4555     3.7042    77.9254    30.0
20230617.0100     0.4644     3.6669    77.1959    30.0
20230617.0200     0.4838     3.5998    76.6967    30.0
20230617.0300     0.5021     3.5689    76.1536    30.0
20230617.0400     0.5123     3.5857    75.5119    30.0
20230617.0500     0.5127     3.6339    74.7878    30.0
20230617.0600     0.5058     3.6972    73.9650    30.0
20230617.0700     0.4960     3.7614    73.0983    30.0
20230617.0800     0.4846     3.8257    72.2096    30.0
20230617.0900     0.4743     3.8821    71.2552    30.0
20230617.1000     0.4639     3.9331    69.9551    30.0
20230617.1100     0.4555     3.9821    69.2036    30.0
20230617.1200     0.4489     4.0255    68.4850    30.0
20230617.1300     0.4441     4.0609    67.8597    30.0
20230617.1400     0.4404     4.0937    67.3002    30.0
20230617.1500     0.4380     4.1157    66.8449    30.0
20230617.1600     0.4369     4.1285    66.6145    30.0
20230617.1700     0.4333     4.1697    66.1702    30.0
20230617.1800     0.4308     4.2006    65.8191    30.0
20230617.1900     0.4309     4.2004    65.8849    30.0
20230617.2000     0.4305     4.2040    66.0989    30.0
20230617.2100     0.4320     4.1843    66.4719    30.0
20230617.2200     0.4285     4.1981    66.7790    30.0
20230617.2300     0.4302     4.1711    67.0588    30.0
20230618.0000     0.4375     4.1131    67.7609    30.0
20230618.0100     0.4491     4.0387    68.5728    30.0
20230618.0200     0.4607     3.9813    69.1213    30.0
20230618.0300     0.4720     3.9355    69.3627    30.0
20230618.0400     0.4852     3.8845    69.5327    30.0
20230618.0500     0.4980     3.8447    69.3682    30.0
20230618.0600     0.5087     3.8184    68.7703    30.0
20230618.0700     0.5203     3.7919    67.6732    30.0
20230618.0800     0.5327     3.7709    66.3622    30.0
20230618.0900     0.5449     3.7650    65.5997    30.0
20230618.1000     0.5447     3.8088    65.3364    30.0
20230618.1100     0.5489     3.8290    65.4461    30.0
20230618.1200     0.5504     3.8533    65.6545    30.0
20230618.1300     0.5491     3.8832    65.8575    30.0
20230618.1400     0.5427     3.9285    65.8904    30.0
20230618.1500     0.5342     3.9701    65.8191    30.0
20230618.1600     0.5254     3.9984    65.7642    30.0
20230618.1700     0.5153     4.0189    65.7478    30.0
20230618.1800     0.5049     4.0308    65.7697    30.0
20230618.1900     0.4940     4.0367    65.8410    30.0
20230618.2000     0.4840     4.0215    66.0989    30.0
20230618.2100     0.4740     3.9970    66.7352    30.0
20230618.2200     0.4593     4.0041    67.1850    30.0
20230618.2300     0.4468     3.9979    67.3989    30.0
20230619.0000     0.4363     3.9631    67.8816    30.0
20230619.0100     0.4241     3.9488    68.1394    30.0
20230619.0200     0.4107     3.9436    68.2930    30.0
20230619.0300     0.3981     3.9352    68.4082    30.0
20230619.0400     0.3857     3.9259    68.4905    30.0
20230619.0500     0.3737     3.9139    68.5234    30.0
20230619.0600     0.3621     3.9011    68.5234    30.0
20230619.0700     0.3519     3.8771    68.4631    30.0
20230619.0800     0.3411     3.8635    68.4631    30.0
20230619.0900     0.3317     3.8407    68.4137    30.0
20230619.1000     0.3170     3.8727    67.7500    30.0
20230619.1100     0.3100     3.8780    67.8103    30.0
20230619.1200     0.3022     3.8500    67.8871    30.0
20230619.1300     0.2942     3.8283    67.9913    30.0
20230619.1400     0.3045     3.6140    71.8695    30.0
20230619.1500     0.3187     3.4529    80.4871    30.0
20230619.1600     0.3166     3.3924    84.0527    30.0
20230619.1700     0.3107     3.3611    88.1558    30.0
20230619.1800     0.2991     3.3710    87.9583    30.0
20230619.1900     0.2866     3.3905    85.8135    30.0
20230619.2000     0.2748     3.4094    83.4602    30.0
20230619.2100     0.2645     3.4277    82.7032    30.0
20230619.2200     0.2412     3.5798    81.9956    30.0
20230619.2300     0.2376     3.5243    81.5952    30.0
20230620.0000     0.2363     3.4576    82.5113    30.0
20230620.0100     0.2356     3.3980    81.9792    30.0
20230620.0200     0.2381     3.3196    82.4016    30.0
20230620.0300     0.2356     3.2839    81.1673    30.0
20230620.0400     0.2345     3.2403    80.3829    30.0
20230620.0500     0.2339     3.2018    79.1981    30.0
20230620.0600     0.2346     3.1634    78.6056    30.0
20230620.0700     0.2359     3.1224    75.7038    30.0
20230620.0800     0.2349     3.1006    74.3435    30.0
20230620.0900     0.2300     3.1214    73.7181    30.0
20230620.1000     0.2288     3.0863    75.2650    30.0
20230620.1100     0.2357     3.0221    77.9638    30.0
20230620.1200     0.2590     2.9122    82.0176    30.0
20230620.1300     0.2733     2.8629    82.5606    30.0
20230620.1400     0.2754     2.8913    81.0247    30.0
20230620.1500     0.2765     2.9338    78.6989    30.0
20230620.1600     0.2822     2.9625    76.9655    30.0
20230620.1700     0.2909     2.9814    76.1866    30.0
20230620.1800     0.2978     3.0173    74.9907    30.0
20230620.1900     0.3048     3.0545    74.1460    30.0
20230620.2000     0.3145     3.0827    74.6232    30.0
20230620.2100     0.3233     3.1126    75.1718    30.0
20230620.2200     0.3213     3.1957    74.6013    30.0
20230620.2300     0.3293     3.2554    74.0911    30.0
20230621.0000     0.3381     3.3486    73.1805    30.0
20230621.0100     0.3462     3.4342    72.6978    30.0
20230621.0200     0.3580     3.4811    74.0308    30.0
20230621.0300     0.3631     3.5503    73.8004    30.0
20230621.0400     0.3649     3.6258    73.1531    30.0
20230621.0500     0.3652     3.6942    72.3522    30.0
20230621.0600     0.3631     3.7689    71.5788    30.0
20230621.0700     0.3614     3.8240    70.9205    30.0
20230621.0800     0.3655     3.7943    68.9622    30.0
20230621.0900     0.3651     3.8063    67.7445    30.0
20230621.1000     0.3608     3.8348    65.0182    30.0
20230621.1100     0.3580     3.8462    65.0018    30.0
20230621.1200     0.3538     3.8615    65.1608    30.0
20230621.1300     0.3500     3.8698    65.4406    30.0
20230621.1400     0.3513     3.8247    66.8668    30.0
20230621.1500     0.3531     3.7809    68.7538    30.0
20230621.1600     0.3547     3.7509    69.6918    30.0
20230621.1700     0.3561     3.7335    69.4669    30.0
20230621.1800     0.3612     3.7156    68.8361    30.0
20230621.1900     0.3695     3.6984    67.9584    30.0
20230621.2000     0.3796     3.7014    66.9875    30.0
20230621.2100     0.3893     3.7271    66.1043    30.0
20230621.2200     0.3960     3.7703    65.4461    30.0
20230621.2300     0.4097     3.7675    66.0001    30.0
20230622.0000     0.4200     3.7932    66.1757    30.0
20230622.0100     0.4261     3.8392    65.8136    30.0
20230622.0200     0.4326     3.8743    65.8740    30.0
20230622.0300     0.4368     3.9160    65.5777    30.0
20230622.0400     0.4400     3.9537    65.3144    30.0
20230622.0500     0.4415     3.9972    64.9030    30.0
20230622.0600     0.4421     4.0413    64.3874    30.0
20230622.0700     0.4419     4.0812    63.8608    30.0
20230622.0800     0.4417     4.1147    63.3287    30.0
20230622.0900     0.4422     4.1283    62.5717    30.0
20230622.1000     0.4448     4.1115    60.8328    30.0
20230622.1100     0.4540     4.1120    60.4818    30.0
20230622.1200     0.4525     4.1239    60.4105    30.0
20230622.1300     0.4476     4.1603    60.4982    30.0
20230622.1400     0.4426     4.1906    60.8328    30.0
20230622.1500     0.4401     4.1916    61.4692    30.0
20230622.1600     0.4407     4.1657    62.9392    30.0
20230622.1700     0.4363     4.1777    63.0928    30.0
20230622.1800     0.4319     4.1893    63.1038    30.0
20230622.1900     0.4278     4.1930    63.1422    30.0
20230622.2000     0.4245     4.1929    63.2300    30.0
20230622.2100     0.4202     4.1958    63.1696    30.0
20230622.2200     0.4153     4.2055    63.9486    30.0
20230622.2300     0.4131     4.1863    63.9047    30.0
20230623.0000     0.4104     4.1762    63.8224    30.0
20230623.0100     0.4085     4.1580    63.6798    30.0
20230623.0200     0.4069     4.1410    63.7237    30.0
20230623.0300     0.4056     4.1224    63.6140    30.0
20230623.0400     0.4043     4.1079    63.4439    30.0
20230623.0500     0.4028     4.0970    63.2958    30.0
20230623.0600     0.4018     4.0818    63.3013    30.0
20230623.0700     0.4000     4.0718    63.4384    30.0
20230623.0800     0.3977     4.0654    63.5591    30.0
20230623.0900     0.3950     4.0561    63.8718    30.0
20230623.1000     0.3876     4.0814    64.5684    30.0
20230623.1100     0.3820     4.0895    64.5849    30.0
20230623.1200     0.3756     4.1036    64.6288    30.0
20230623.1300     0.3703     4.0942    64.8317    30.0
20230623.1400     0.3653     4.0750    65.3144    30.0
20230623.1500     0.3617     4.0407    66.4993    30.0
20230623.1600     0.3598     3.9880    68.3698    30.0
20230623.1700     0.3628     3.8957    71.7818    30.0
20230623.1800     0.3606     3.8436    74.2173    30.0
20230623.1900     0.3549     3.8149    75.4789    30.0
20230623.2000     0.3490     3.7908    76.9600    30.0
20230623.2100     0.3425     3.7683    78.3094    30.0
20230623.2200     0.3280     3.8192    78.8141    30.0
20230623.2300     0.3639     4.0495    79.4833    30.0
20230624.0000     0.3582     4.0890    78.1997    30.0
20230624.0100     0.3490     4.0932    77.2398    30.0
20230624.0200     0.3395     4.0724    76.4937    30.0
20230624.0300     0.3298     4.0410    75.7642    30.0
20230624.0400     0.3204     4.0031    74.9853    30.0
20230624.0500     0.3089     4.0012    74.2173    30.0
20230624.0600     0.2988     3.9887    73.5206    30.0
20230624.0700     0.2926     3.9250    72.6978    30.0
20230624.0800     0.2915     3.8128    70.7944    30.0
20230624.0900     0.2876     3.7607    69.1872    30.0
20230624.1000     0.2849     3.6950    64.3655    30.0
20230624.1100     0.2887     3.5939    63.5810    30.0
20230624.1200     0.2899     3.5356    63.7182    30.0
20230624.1300     0.2902     3.4933    64.8591    30.0
20230624.1400     0.2920     3.4331    66.1427    30.0
20230624.1500     0.2896     3.4321    66.5048    30.0
20230624.1600     0.2875     3.4348    66.4773    30.0
20230624.1700     0.2890     3.4121    67.3440    30.0
20230624.1800     0.2873     3.4247    67.4592    30.0
20230624.1900     0.2914     3.4037    70.2842    30.0
20230624.2000     0.2941     3.3916    72.0286    30.0
20230624.2100     0.2973     3.3747    73.9979    30.0
20230624.2200     0.2894     3.4447    75.7752    30.0
20230624.2300     0.2878     3.4570    75.3144    30.0
20230625.0000     0.2860     3.4681    74.9085    30.0
20230625.0100     0.2840     3.4781    74.6890    30.0
20230625.0200     0.2823     3.4834    74.7878    30.0
20230625.0300     0.2794     3.4970    74.5738    30.0
20230625.0400     0.2768     3.4990    74.2283    30.0
20230625.0500     0.2732     3.5135    73.5426    30.0
20230625.0600     0.2749     3.4677    72.3961    30.0
20230625.0700     0.2808     3.3980    69.7960    30.0
20230625.0800     0.2940     3.2930    65.1938    30.0
20230625.0900     0.3074     3.2082    61.4801    30.0
20230625.1000     0.3294     3.1311    56.8998    30.0
20230625.1100     0.3301     3.1545    58.0792    30.0
20230625.1200     0.3258     3.1934    60.6573    30.0
20230625.1300     0.3223     3.2115    63.7072    30.0
20230625.1400     0.3169     3.2456    65.3693    30.0
20230625.1500     0.3098     3.2984    65.7039    30.0
20230625.1600     0.3033     3.3609    65.8191    30.0
20230625.1700     0.2988     3.4141    65.9178    30.0
20230625.1800     0.2951     3.4590    65.9727    30.0
20230625.1900     0.2916     3.5050    66.0056    30.0
20230625.2000     0.2881     3.5487    66.0275    30.0
20230625.2100     0.2849     3.5877    66.0714    30.0
20230625.2200     0.2695     3.7653    65.8959    30.0
20230625.2300     0.2682     3.7733    66.0769    30.0
20230626.0000     0.2663     3.7813    66.2579    30.0
20230626.0100     0.2757     3.6251    68.5454    30.0
20230626.0200     0.2726     3.6314    68.8251    30.0
20230626.0300     0.2693     3.6344    68.9568    30.0
20230626.0400     0.2642     3.6587    68.9622    30.0
20230626.0500     0.2590     3.6827    68.9732    30.0
20230626.0600     0.2539     3.7003    68.9622    30.0
20230626.0700     0.2495     3.7066    68.7867    30.0
20230626.0800     0.2438     3.7325    68.8580    30.0
20230626.0900     0.2423     3.6885    68.7538    30.0
20230626.1000     0.2280     3.8176    67.4812    30.0
20230626.1100     0.2235     3.8301    67.8213    30.0
20230626.1200     0.2192     3.8407    68.2437    30.0
20230626.1300     0.2158     3.8347    68.7483    30.0
20230626.1400     0.2377     3.4912    79.9605    30.0
20230626.1500     0.2444     3.3974    87.3110    30.0
20230626.1600     0.2476     3.3409    92.8732    30.0
20230626.1700     0.2562     3.2669   101.9297    30.0
20230626.1800     0.2629     3.2093   109.8616    30.0
20230626.1900     0.2627     3.1865   113.6246    30.0
20230626.2000     0.2669     3.1421   119.8451    30.0
20230626.2100     0.2716     3.1069   125.7803    30.0
20230626.2200     0.2603     3.1809   126.2301    30.0
20230626.2300     0.2581     3.1671   127.7825    30.0
20230627.0000     0.2591     3.1326   131.4852    30.0
20230627.0100     0.2605     3.0920   135.2482    30.0
20230627.0200     0.2650     3.0556   139.0276    30.0
20230627.0300     0.2639     3.0452   139.4884    30.0
20230627.0400     0.2556     3.0749   136.7457    30.0
20230627.0500     0.2442     3.1161   131.1122    30.0
20230627.0600     0.2343     3.1365   124.9136    30.0
20230627.0700     0.2286     3.1124   116.8720    30.0
20230627.0800     0.2273     3.0554   106.8830    30.0
20230627.0900     0.2206     3.0683   101.1398    30.0
20230627.1000     0.1991     3.2285    92.8677    30.0
20230627.1100     0.1941     3.2410    90.1909    30.0
20230627.1200     0.2126     3.0137   101.9736    30.0
20230627.1300     0.2410     2.8849   124.6942    30.0
20230627.1400     0.2627     2.8265   141.0627    30.0
20230627.1500     0.2864     2.7800   154.5349    30.0
20230627.1600     0.3053     2.7928   162.0171    30.0
20230627.1700     0.3272     2.8018   167.6616    30.0
20230627.1800     0.3437     2.8240   171.2381    30.0
20230627.1900     0.3524     2.8403   174.1344    30.0
20230627.2000     0.3515     2.8632   175.4454    30.0
20230627.2100     0.3445     2.8816   175.2424    30.0
20230627.2200     0.3203     2.9188   173.0592    30.0
20230627.2300     0.3066     2.9217   169.6583    30.0
20230628.0000     0.3013     2.8993   165.8349    30.0
20230628.0100     0.3001     2.8760   161.8745    30.0
20230628.0200     0.2981     2.8795   157.2667    30.0
20230628.0300     0.2925     2.9127   151.2272    30.0
20230628.0400     0.2855     2.9707   143.0265    30.0
20230628.0500     0.2768     3.0579   131.9459    30.0
20230628.0600     0.2715     3.1455   120.2181    30.0
20230628.0700     0.2682     3.2263   109.9165    30.0
20230628.0800     0.2761     3.1903    98.9621    30.0
20230628.0900     0.2759     3.2509    91.6610    30.0
20230628.1000     0.2597     3.4461    85.9726    30.0
20230628.1100     0.2577     3.5139    83.5480    30.0
20230628.1200     0.2565     3.5617    81.6007    30.0
20230628.1300     0.2749     3.3968    87.6840    30.0
20230628.1400     0.3028     3.2783   104.1184    30.0
20230628.1500     0.3279     3.1815   120.8489    30.0
20230628.1600     0.3401     3.1704   129.4665    30.0
20230628.1700     0.3421     3.2027   129.7189    30.0
20230628.1800     0.3374     3.2494   125.1550    30.0
20230628.1900     0.3298     3.3028   118.6109    30.0
20230628.2000     0.3222     3.3560   111.7925    30.0
20230628.2100     0.3158     3.4029   106.1589    30.0
20230628.2200     0.3040     3.4969   102.6647    30.0
20230628.2300     0.3055     3.4807   101.1672    30.0
20230629.0000     0.3135     3.4215   103.7124    30.0
20230629.0100     0.3189     3.3901   105.6269    30.0
20230629.0200     0.3223     3.3802   106.4826    30.0
20230629.0300     0.3215     3.4004   104.7931    30.0
20230629.0400     0.3177     3.4341   101.9407    30.0
20230629.0500     0.3091     3.5028    96.9160    30.0
20230629.0600     0.3009     3.5616    92.0998    30.0
20230629.0700     0.2919     3.6309    88.0845    30.0
20230629.0800     0.2853     3.6763    84.9303    30.0
20230629.0900     0.2808     3.6907    82.0560    30.0
20230629.1000     0.2617     3.8892    78.0461    30.0
20230629.1100     0.2579     3.8932    76.4608    30.0
20230629.1200     0.2559     3.8663    75.3308    30.0
20230629.1300     0.2684     3.6471    79.0993    30.0
20230629.1400     0.2905     3.4658    95.0893    30.0
20230629.1500     0.3175     3.2965   119.5708    30.0
20230629.1600     0.3550     3.1746   146.9267    30.0
20230629.1700     0.3855     3.1384   160.1740    30.0
20230629.1800     0.4074     3.1383   166.5316    30.0
20230629.1900     0.4155     3.1551   169.4443    30.0
20230629.2000     0.4182     3.1681   171.1613    30.0
20230629.2100     0.4162     3.1784   171.6989    30.0
20230629.2200     0.3818     3.2594   169.7899    30.0
20230629.2300     0.3604     3.2704   166.0927    30.0
20230630.0000     0.3408     3.2894   160.9310    30.0
20230630.0100     0.3231     3.3059   154.3594    30.0
20230630.0200     0.3080     3.3214   146.9047    30.0
20230630.0300     0.2938     3.3483   138.3036    30.0
20230630.0400     0.2811     3.3828   128.5340    30.0
20230630.0500     0.2700     3.4211   118.6657    30.0
20230630.0600     0.2601     3.4682   109.6751    30.0
20230630.0700     0.2531     3.5010   102.0723    30.0
20230630.0800     0.2620     3.3494    90.2567    30.0
20230630.0900     0.2606     3.3505    83.5754    30.0
20230630.1000     0.2435     3.5113    77.2452    30.0
20230630.1100     0.2433     3.4959    76.1482    30.0
20230630.1200     0.2401     3.5311    75.3637    30.0
20230630.1300     0.2374     3.5619    74.8920    30.0
20230630.1400     0.2583     3.3289    84.6506    30.0
20230630.1500     0.2769     3.2230    98.0515    30.0
20230630.1600     0.2997     3.1370   119.0387    30.0
20230630.1700     0.3177     3.0842   137.2668    30.0
20230630.1800     0.3353     3.0676   149.6090    30.0
20230630.1900     0.3453     3.0797   154.1455    30.0
20230630.2000     0.3458     3.1040   154.3046    30.0
20230630.2100     0.3408     3.1253   153.0539    30.0
20230630.2200     0.3225     3.2011   151.5015    30.0
20230630.2300     0.3198     3.1893   150.6567    30.0
