TPAR
20230501.0000     0.1923     2.4206    25.5780    30.0
20230501.0100     0.1891     2.4287    26.1704    30.0
20230501.0200     0.1854     2.4346    26.8725    30.0
20230501.0300     0.1887     2.4309    19.7634    30.0
20230501.0400     0.1908     2.4303    14.4042    30.0
20230501.0500     0.1946     2.4233     9.4069    30.0
20230501.0600     0.2042     2.4232     2.4734    30.0
20230501.0700     0.2031     2.4340     1.9906    30.0
20230501.0800     0.1947     2.4726     3.0932    30.0
20230501.0900     0.1871     2.5085     4.2122    30.0
20230501.1000     0.1731     2.5205     2.6873    30.0
20230501.1100     0.1675     2.5465     2.7531    30.0
20230501.1200     0.1655     2.5351     3.4936    30.0
20230501.1300     0.1613     2.5416     3.7899    30.0
20230501.1400     0.1786     2.3678    11.8425    30.0
20230501.1500     0.1857     2.3584    30.0267    30.0
20230501.1600     0.1858     2.3567    44.5137    30.0
20230501.1700     0.1790     2.3571    43.6305    30.0
20230501.1800     0.1741     2.3373    41.0908    30.0
20230501.1900     0.1644     2.3639    36.8944    30.0
20230501.2000     0.1633     2.3185    37.4539    30.0
20230501.2100     0.1590     2.3147    38.6278    30.0
20230501.2200     0.1395     2.2962    40.0211    30.0
20230501.2300     0.1355     2.3017    38.5017    30.0
20230502.0000     0.1324     2.2998    36.6092    30.0
20230502.0100     0.1297     2.2978    36.4227    30.0
20230502.0200     0.1487     2.2036    60.1965    30.0
20230502.0300     0.1466     2.2089    61.9244    30.0
20230502.0400     0.1526     2.1989    63.2793    30.0
20230502.0500     0.1528     2.1969    61.5459    30.0
20230502.0600     0.1561     2.1786    58.1669    30.0
20230502.0700     0.1579     2.1804    54.7824    30.0
20230502.0800     0.1565     2.1984    55.1554    30.0
20230502.0900     0.1593     2.2123    56.9546    30.0
20230502.1000     0.1571     2.2087    63.7127    30.0
20230502.1100     0.1620     2.2091    67.6896    30.0
20230502.1200     0.1698     2.1877    72.5771    30.0
20230502.1300     0.1731     2.1816    75.6545    30.0
20230502.1400     0.1778     2.2115    85.0071    30.0
20230502.1500     0.1788     2.2451    89.0993    30.0
20230502.1600     0.1790     2.2615    87.5688    30.0
20230502.1700     0.1759     2.2997    84.4037    30.0
20230502.1800     0.1774     2.3144    82.5113    30.0
20230502.1900     0.1811     2.3462    83.5151    30.0
20230502.2000     0.1854     2.3826    85.1059    30.0
20230502.2100     0.1889     2.4137    86.2030    30.0
20230502.2200     0.1786     2.4502    86.5211    30.0
20230502.2300     0.1829     2.4760    86.1316    30.0
20230503.0000     0.1903     2.4880    87.3494    30.0
20230503.0100     0.1940     2.5050    87.0751    30.0
20230503.0200     0.1967     2.5219    87.1190    30.0
20230503.0300     0.1972     2.5447    85.6325    30.0
20230503.0400     0.1964     2.5685    83.3725    30.0
20230503.0500     0.1976     2.5694    80.6298    30.0
20230503.0600     0.1924     2.6252    79.3736    30.0
20230503.0700     0.1957     2.6016    77.0039    30.0
20230503.0800     0.2002     2.5968    73.6687    30.0
20230503.0900     0.2035     2.6069    73.9320    30.0
20230503.1000     0.2088     2.5982    71.6611    30.0
20230503.1100     0.2225     2.5880    74.0582    30.0
20230503.1200     0.2293     2.6188    74.5464    30.0
20230503.1300     0.2311     2.6742    73.1970    30.0
20230503.1400     0.2374     2.7119    72.9063    30.0
20230503.1500     0.2454     2.7339    73.1037    30.0
20230503.1600     0.2454     2.7973    71.9957    30.0
20230503.1700     0.2436     2.8673    70.7340    30.0
20230503.1800     0.2420     2.9277    69.8125    30.0
20230503.1900     0.2404     2.9808    69.1323    30.0
20230503.2000     0.2393     3.0221    68.7319    30.0
20230503.2100     0.2427     3.0015    69.1213    30.0
20230503.2200     0.2290     3.1326    68.9293    30.0
20230503.2300     0.2341     3.2209    68.9677    30.0
20230504.0000     0.2379     3.2238    69.0774    30.0
20230504.0100     0.2371     3.2880    68.8471    30.0
20230504.0200     0.2358     3.3463    68.7099    30.0
20230504.0300     0.2340     3.3996    68.6660    30.0
20230504.0400     0.2323     3.4486    68.7099    30.0
20230504.0500     0.2302     3.4951    68.8032    30.0
20230504.0600     0.2394     3.3919    68.4356    30.0
20230504.0700     0.2532     3.2769    65.8520    30.0
20230504.0800     0.2588     3.2500    63.3342    30.0
20230504.0900     0.2638     3.2425    61.4582    30.0
20230504.1000     0.2598     3.2921    64.0089    30.0
20230504.1100     0.2578     3.3267    65.0237    30.0
20230504.1200     0.2575     3.3293    66.1647    30.0
20230504.1300     0.2518     3.4069    66.6200    30.0
20230504.1400     0.2467     3.4809    67.0917    30.0
20230504.1500     0.2420     3.5518    67.5854    30.0
20230504.1600     0.2381     3.6167    68.1175    30.0
20230504.1700     0.2353     3.6653    68.7264    30.0
20230504.1800     0.2326     3.7159    69.3188    30.0
20230504.1900     0.2299     3.7658    69.9003    30.0
20230504.2000     0.2295     3.7715    70.5969    30.0
20230504.2100     0.2435     3.5489    74.6726    30.0
20230504.2200     0.2410     3.5755    84.6999    30.0
20230504.2300     0.2362     3.6375    84.4750    30.0
20230505.0000     0.2332     3.6646    84.0252    30.0
20230505.0100     0.2302     3.6925    83.7455    30.0
20230505.0200     0.2262     3.7409    83.2463    30.0
20230505.0300     0.2251     3.7349    83.3341    30.0
20230505.0400     0.2239     3.7387    83.5809    30.0
20230505.0500     0.2232     3.7194    82.4838    30.0
20230505.0600     0.2332     3.5622    77.9254    30.0
20230505.0700     0.2365     3.5150    74.4586    30.0
20230505.0800     0.2317     3.5575    74.0692    30.0
20230505.0900     0.2260     3.6179    74.1624    30.0
20230505.1000     0.2120     3.7767    73.8882    30.0
20230505.1100     0.2106     3.7591    74.5958    30.0
20230505.1200     0.2120     3.6982    76.3182    30.0
20230505.1300     0.2086     3.7274    76.6638    30.0
20230505.1400     0.2051     3.7623    76.8229    30.0
20230505.1500     0.2019     3.7930    76.9381    30.0
20230505.1600     0.1990     3.8252    77.0203    30.0
20230505.1700     0.1970     3.8438    77.0752    30.0
20230505.1800     0.2052     3.6491    78.1887    30.0
20230505.1900     0.2126     3.5165    81.2661    30.0
20230505.2000     0.2118     3.5138    81.9353    30.0
20230505.2100     0.2087     3.5554    81.5403    30.0
20230505.2200     0.2403     3.3033   118.8961    30.0
20230505.2300     0.2562     3.2012   127.9745    30.0
20230506.0000     0.2585     3.1761   129.2142    30.0
20230506.0100     0.2769     3.0913   137.7770    30.0
20230506.0200     0.2868     3.0425   141.8801    30.0
20230506.0300     0.2870     3.0604   142.0556    30.0
20230506.0400     0.2800     3.1129   140.3771    30.0
20230506.0500     0.2657     3.1976   134.8313    30.0
20230506.0600     0.2550     3.2500   129.5598    30.0
20230506.0700     0.2455     3.3022   123.5478    30.0
20230506.0800     0.2373     3.3393   115.8133    30.0
20230506.0900     0.2297     3.3986   110.0920    30.0
20230506.1000     0.2183     3.4803   105.8847    30.0
20230506.1100     0.2106     3.5708   100.3389    30.0
20230506.1200     0.2130     3.4907    98.3367    30.0
20230506.1300     0.2146     3.4745    98.2106    30.0
20230506.1400     0.2153     3.4656    97.0257    30.0
20230506.1500     0.2143     3.4691    96.8063    30.0
20230506.1600     0.2140     3.4586    96.8173    30.0
20230506.1700     0.2148     3.4319    96.9709    30.0
20230506.1800     0.2177     3.3882    99.0334    30.0
20230506.1900     0.2156     3.3860    96.8392    30.0
20230506.2000     0.2089     3.4685    93.8771    30.0
20230506.2100     0.2041     3.5240    91.4086    30.0
20230506.2200     0.1858     3.7711    86.9325    30.0
20230506.2300     0.1923     3.6126    88.1503    30.0
20230507.0000     0.1916     3.6059    87.5688    30.0
20230507.0100     0.1915     3.5895    87.1574    30.0
20230507.0200     0.1923     3.5616    87.8815    30.0
20230507.0300     0.1929     3.5391    88.7921    30.0
20230507.0400     0.1895     3.5857    87.5030    30.0
20230507.0500     0.1863     3.6339    86.0658    30.0
20230507.0600     0.1842     3.6566    84.4696    30.0
20230507.0700     0.1985     3.3792    77.6512    30.0
20230507.0800     0.2095     3.2675    68.5892    30.0
20230507.0900     0.2034     3.3368    69.2804    30.0
20230507.1000     0.1998     3.3760    62.2591    30.0
20230507.1100     0.2098     3.2463    57.8433    30.0
20230507.1200     0.2330     3.0698    66.9491    30.0
20230507.1300     0.2424     3.0282   109.3405    30.0
20230507.1400     0.2372     3.0589   110.7009    30.0
20230507.1500     0.2353     3.0665   113.1145    30.0
20230507.1600     0.2359     3.0583   113.9702    30.0
20230507.1700     0.2305     3.0944   109.2802    30.0
20230507.1800     0.2312     3.0860   113.4381    30.0
20230507.1900     0.2480     3.0192   142.9387    30.0
20230507.2000     0.2468     3.0243   148.1389    30.0
20230507.2100     0.2433     3.0422   139.6749    30.0
20230507.2200     0.2359     3.0836   142.2970    30.0
20230507.2300     0.2336     3.0990   138.2652    30.0
20230508.0000     0.2275     3.1413   131.3261    30.0
20230508.0100     0.2259     3.1468   124.8039    30.0
20230508.0200     0.2303     3.1124   120.4649    30.0
20230508.0300     0.2255     3.1466   113.5807    30.0
20230508.0400     0.2218     3.1621   106.4442    30.0
20230508.0500     0.2217     3.1489    98.1557    30.0
20230508.0600     0.2219     3.1465    91.0850    30.0
20230508.0700     0.2258     3.1277    86.3291    30.0
20230508.0800     0.2205     3.1762    84.4202    30.0
20230508.0900     0.2161     3.2110    82.9227    30.0
20230508.1000     0.1956     3.4072    81.0083    30.0
20230508.1100     0.1913     3.4806    79.7247    30.0
20230508.1200     0.1959     3.3916    79.9825    30.0
20230508.1300     0.2070     3.2797    89.0170    30.0
20230508.1400     0.2047     3.3124    88.7976    30.0
20230508.1500     0.2115     3.2326    94.3653    30.0
20230508.1600     0.2093     3.2604    94.0087    30.0
20230508.1700     0.2054     3.3039    92.2808    30.0
20230508.1800     0.2031     3.3348    91.4580    30.0
20230508.1900     0.2025     3.3476    92.4179    30.0
20230508.2000     0.2017     3.3631    92.3795    30.0
20230508.2100     0.2009     3.3786    92.7526    30.0
20230508.2200     0.1930     3.4361    93.8058    30.0
20230508.2300     0.1918     3.4523    92.1437    30.0
20230509.0000     0.1892     3.4978    90.4816    30.0
20230509.0100     0.1847     3.5845    88.5452    30.0
20230509.0200     0.1805     3.6682    86.7625    30.0
20230509.0300     0.1773     3.7380    85.1443    30.0
20230509.0400     0.1746     3.7923    83.6467    30.0
20230509.0500     0.1734     3.8166    82.0560    30.0
20230509.0600     0.1708     3.8692    80.9479    30.0
20230509.0700     0.1769     3.7036    78.9018    30.0
20230509.0800     0.1845     3.5601    76.6035    30.0
20230509.0900     0.1993     3.3630    76.4663    30.0
20230509.1000     0.1902     3.4724    75.1004    30.0
20230509.1100     0.2163     3.1858    83.1531    30.0
20230509.1200     0.2301     3.0885    89.9660    30.0
20230509.1300     0.2364     3.0433    93.4766    30.0
20230509.1400     0.2532     2.9798    99.1321    30.0
20230509.1500     0.2777     2.9026   105.1825    30.0
20230509.1600     0.2915     2.8739   108.6713    30.0
20230509.1700     0.2947     2.8922   110.2511    30.0
20230509.1800     0.2917     2.9238   109.2472    30.0
20230509.1900     0.2927     2.9362   108.2050    30.0
20230509.2000     0.2941     2.9548   106.0876    30.0
20230509.2100     0.2958     2.9892   102.7251    30.0
20230509.2200     0.2950     3.0496    99.6148    30.0
20230509.2300     0.2999     3.1094    94.8096    30.0
20230510.0000     0.3076     3.1688    90.4432    30.0
20230510.0100     0.3182     3.2263    86.7021    30.0
20230510.0200     0.3366     3.2497    84.4970    30.0
20230510.0300     0.3588     3.2705    82.8459    30.0
20230510.0400     0.3831     3.3009    81.3100    30.0
20230510.0500     0.4102     3.3323    79.5875    30.0
20230510.0600     0.4454     3.3527    78.0187    30.0
20230510.0700     0.4753     3.4173    76.3347    30.0
20230510.0800     0.4928     3.5274    74.2886    30.0
20230510.0900     0.5021     3.6614    72.3632    30.0
20230510.1000     0.5096     3.7851    70.5859    30.0
20230510.1100     0.5246     3.8615    69.5492    30.0
20230510.1200     0.5430     3.9210    68.9403    30.0
20230510.1300     0.5666     3.9570    69.0665    30.0
20230510.1400     0.5879     4.0081    69.3901    30.0
20230510.1500     0.6065     4.0586    70.1197    30.0
20230510.1600     0.6319     4.0636    71.9792    30.0
20230510.1700     0.6509     4.0897    73.3067    30.0
20230510.1800     0.6617     4.1429    73.8223    30.0
20230510.1900     0.6648     4.2149    73.8936    30.0
20230510.2000     0.6663     4.2822    73.8278    30.0
20230510.2100     0.6679     4.3419    73.4713    30.0
20230510.2200     0.6733     4.3634    73.5481    30.0
20230510.2300     0.6974     4.2982    75.2486    30.0
20230511.0000     0.7410     4.2297    76.8119    30.0
20230511.0100     0.8068     4.1670    78.4795    30.0
20230511.0200     0.8759     4.1574    80.3061    30.0
20230511.0300     0.9076     4.2270    80.2183    30.0
20230511.0400     0.9277     4.2958    79.1377    30.0
20230511.0500     0.9539     4.3282    78.3643    30.0
20230511.0600     0.9661     4.3521    78.4411    30.0
20230511.0700     0.9613     4.3643    79.1267    30.0
20230511.0800     0.9706     4.3369    80.3500    30.0
20230511.0900     0.9819     4.3134    81.4910    30.0
20230511.1000     0.9828     4.3019    82.8514    30.0
20230511.1100     0.9790     4.2910    84.5244    30.0
20230511.1200     0.9453     4.3190    85.0016    30.0
20230511.1300     0.9003     4.3587    84.6780    30.0
20230511.1400     0.8676     4.3683    84.4915    30.0
20230511.1500     0.8464     4.3674    84.2885    30.0
20230511.1600     0.8286     4.3848    83.7290    30.0
20230511.1700     0.8165     4.3991    83.2244    30.0
20230511.1800     0.8057     4.4140    82.7197    30.0
20230511.1900     0.7996     4.4057    82.6813    30.0
20230511.2000     0.7948     4.3878    82.8568    30.0
20230511.2100     0.7897     4.3671    83.1640    30.0
20230511.2200     0.7821     4.3522    83.2792    30.0
20230511.2300     0.7811     4.3133    83.5699    30.0
20230512.0000     0.7836     4.2697    84.3269    30.0
20230512.0100     0.7784     4.2580    84.6725    30.0
20230512.0200     0.7659     4.2692    84.3598    30.0
20230512.0300     0.7484     4.2947    83.4218    30.0
20230512.0400     0.7295     4.3192    82.2260    30.0
20230512.0500     0.7115     4.3341    81.0137    30.0
20230512.0600     0.6944     4.3407    79.8618    30.0
20230512.0700     0.6786     4.3395    78.7592    30.0
20230512.0800     0.6637     4.3352    77.6292    30.0
20230512.0900     0.6504     4.3269    76.5980    30.0
20230512.1000     0.6378     4.3234    75.5612    30.0
20230512.1100     0.6312     4.3115    74.6068    30.0
20230512.1200     0.6349     4.3498    73.6907    30.0
20230512.1300     0.6334     4.3895    72.9337    30.0
20230512.1400     0.6293     4.4353    72.2425    30.0
20230512.1500     0.6257     4.4721    71.7818    30.0
20230512.1600     0.6226     4.4993    71.5404    30.0
20230512.1700     0.6169     4.5369    71.2332    30.0
20230512.1800     0.6091     4.5813    70.7450    30.0
20230512.1900     0.6025     4.6076    70.6188    30.0
20230512.2000     0.5936     4.6415    70.3446    30.0
20230512.2100     0.5831     4.6845    69.9551    30.0
20230512.2200     0.5710     4.7358    69.8399    30.0
20230512.2300     0.5634     4.7436    69.8180    30.0
20230513.0000     0.5562     4.7438    70.0648    30.0
20230513.0100     0.5469     4.7633    70.0593    30.0
20230513.0200     0.5394     4.7679    70.4653    30.0
20230513.0300     0.5302     4.7858    70.5311    30.0
20230513.0400     0.5199     4.8180    70.4378    30.0
20230513.0500     0.5104     4.8416    70.3171    30.0
20230513.0600     0.4997     4.8829    70.1032    30.0
20230513.0700     0.4894     4.9217    69.9332    30.0
20230513.0800     0.4822     4.9210    69.8289    30.0
20230513.0900     0.4761     4.9062    70.2129    30.0
20230513.1000     0.4826     4.7621    74.7768    30.0
20230513.1100     0.4854     4.6698    77.5799    30.0
20230513.1200     0.4939     4.5301    82.3138    30.0
20230513.1300     0.5148     4.3292    92.0175    30.0
20230513.1400     0.5357     4.1709   103.2901    30.0
20230513.1500     0.5655     4.0065   116.8500    30.0
20230513.1600     0.6048     3.8558   132.0831    30.0
20230513.1700     0.6387     3.7793   143.8438    30.0
20230513.1800     0.6680     3.7188   154.1126    30.0
20230513.1900     0.6843     3.7014   160.3660    30.0
20230513.2000     0.6918     3.7060   162.9990    30.0
20230513.2100     0.6901     3.7240   162.8563    30.0
20230513.2200     0.6649     3.7642   159.9600    30.0
20230513.2300     0.6763     3.8103   159.0933    30.0
20230514.0000     0.6753     3.7798   160.1027    30.0
20230514.0100     0.6690     3.7737   160.4812    30.0
20230514.0200     0.6534     3.7841   158.9233    30.0
20230514.0300     0.6389     3.7864   155.6046    30.0
20230514.0400     0.6234     3.7939   150.7281    30.0
20230514.0500     0.5931     3.8435   144.7160    30.0
20230514.0600     0.5539     3.9319   137.4917    30.0
20230514.0700     0.5129     4.0577   129.4281    30.0
20230514.0800     0.4775     4.2002   121.0848    30.0
20230514.0900     0.4515     4.3231   113.7947    30.0
20230514.1000     0.4306     4.4495   108.5012    30.0
20230514.1100     0.4279     4.4385   106.8282    30.0
20230514.1200     0.4375     4.3418   109.2747    30.0
20230514.1300     0.4636     4.1715   117.3602    30.0
20230514.1400     0.5036     3.9960   127.5960    30.0
20230514.1500     0.5456     3.8646   135.8461    30.0
20230514.1600     0.5819     3.7702   142.8400    30.0
20230514.1700     0.6024     3.7209   148.4132    30.0
20230514.1800     0.6066     3.7074   152.0994    30.0
20230514.1900     0.5989     3.7127   153.6847    30.0
20230514.2000     0.5883     3.7169   154.1949    30.0
20230514.2100     0.5742     3.7202   153.6737    30.0
20230514.2200     0.5488     3.7414   152.0226    30.0
20230514.2300     0.5257     3.7461   149.7791    30.0
20230515.0000     0.5067     3.7317   147.5355    30.0
20230515.0100     0.4873     3.7211   144.9903    30.0
20230515.0200     0.4631     3.7333   141.2712    30.0
20230515.0300     0.4344     3.7703   135.9777    30.0
20230515.0400     0.4059     3.8208   129.1923    30.0
20230515.0500     0.3822     3.8639   121.8308    30.0
20230515.0600     0.3623     3.9052   114.0744    30.0
20230515.0700     0.3467     3.9323   106.8556    30.0
20230515.0800     0.3362     3.9281   100.2511    30.0
20230515.0900     0.3326     3.8763    93.5589    30.0
20230515.1000     0.3214     3.8987    87.1355    30.0
20230515.1100     0.3329     3.9678    84.4421    30.0
20230515.1200     0.3356     3.9495    82.6703    30.0
20230515.1300     0.3446     3.8499    84.2227    30.0
20230515.1400     0.3545     3.7506    88.1777    30.0
20230515.1500     0.3532     3.7224    89.1486    30.0
20230515.1600     0.3491     3.7043    89.8562    30.0
20230515.1700     0.3430     3.6879    90.3335    30.0
20230515.1800     0.3361     3.6659    90.9149    30.0
20230515.1900     0.3318     3.6163    92.6922    30.0
20230515.2000     0.3323     3.5347    96.9379    30.0
20230515.2100     0.3310     3.4620   100.7723    30.0
20230515.2200     0.3143     3.5021   102.7031    30.0
20230515.2300     0.3047     3.4850   102.4782    30.0
20230516.0000     0.2959     3.4634   102.0449    30.0
20230516.0100     0.2852     3.4595   100.3170    30.0
20230516.0200     0.2756     3.4449    97.7498    30.0
20230516.0300     0.2664     3.4371    94.9028    30.0
20230516.0400     0.2613     3.3956    92.4179    30.0
20230516.0500     0.2600     3.3326    90.0482    30.0
20230516.0600     0.2567     3.2955    87.0697    30.0
20230516.0700     0.2586     3.2290    83.6797    30.0
20230516.0800     0.2621     3.1617    79.7466    30.0
20230516.0900     0.2632     3.1281    76.7735    30.0
20230516.1000     0.2532     3.1656    73.3780    30.0
20230516.1100     0.2514     3.1620    73.3506    30.0
20230516.1200     0.2526     3.1365    74.5464    30.0
20230516.1300     0.2556     3.0958    76.9271    30.0
20230516.1400     0.2607     3.0498    80.9205    30.0
20230516.1500     0.2675     3.0148    86.6089    30.0
20230516.1600     0.2769     2.9785    94.4311    30.0
20230516.1700     0.2788     2.9541    98.3861    30.0
20230516.1800     0.2792     2.9384   101.6719    30.0
20230516.1900     0.2799     2.9229   105.5281    30.0
20230516.2000     0.2778     2.9201   108.0788    30.0
20230516.2100     0.2761     2.9124   110.7119    30.0
20230516.2200     0.2678     2.9418   115.0508    30.0
20230516.2300     0.2626     2.9447   112.6043    30.0
20230517.0000     0.2621     2.9258   111.4963    30.0
20230517.0100     0.2613     2.9068   111.0903    30.0
20230517.0200     0.2617     2.8883   110.4047    30.0
20230517.0300     0.2584     2.8926   108.0185    30.0
20230517.0400     0.2555     2.8993   105.4349    30.0
20230517.0500     0.2525     2.9145   102.0504    30.0
20230517.0600     0.2494     2.9359    96.6801    30.0
20230517.0700     0.2484     2.9517    90.7229    30.0
20230517.0800     0.2556     2.9322    84.2940    30.0
20230517.0900     0.2576     2.9451    80.6023    30.0
20230517.1000     0.2586     2.9544    75.0401    30.0
20230517.1100     0.2619     2.9661    74.0692    30.0
20230517.1200     0.2638     2.9902    74.0911    30.0
20230517.1300     0.2682     2.9877    75.7532    30.0
20230517.1400     0.2754     2.9703    79.1871    30.0
20230517.1500     0.2824     2.9593    82.8075    30.0
20230517.1600     0.2847     2.9618    84.6506    30.0
20230517.1700     0.2813     2.9915    83.6303    30.0
20230517.1800     0.2806     3.0053    83.6577    30.0
20230517.1900     0.2852     3.0017    86.4333    30.0
20230517.2000     0.2883     3.0066    88.8908    30.0
20230517.2100     0.2884     3.0141    89.5162    30.0
20230517.2200     0.2883     3.0360    95.2704    30.0
20230517.2300     0.2899     3.0365    95.4130    30.0
20230518.0000     0.2873     3.0581    93.7674    30.0
20230518.0100     0.2842     3.0807    91.6884    30.0
20230518.0200     0.2837     3.0877    90.7778    30.0
20230518.0300     0.2807     3.1082    89.1706    30.0
20230518.0400     0.2740     3.1524    85.8409    30.0
20230518.0500     0.2689     3.1768    82.5771    30.0
20230518.0600     0.2611     3.2388    79.6095    30.0
20230518.0700     0.2544     3.2955    77.1904    30.0
20230518.0800     0.2511     3.3096    75.1992    30.0
20230518.0900     0.2460     3.3539    73.7730    30.0
20230518.1000     0.2346     3.4404    71.1454    30.0
20230518.1100     0.2327     3.4539    70.4762    30.0
20230518.1200     0.2313     3.4800    69.9112    30.0
20230518.1300     0.2410     3.3333    71.5185    30.0
20230518.1400     0.2547     3.2236    78.2052    30.0
20230518.1500     0.2668     3.1484    84.3928    30.0
20230518.1600     0.2748     3.1048    89.3571    30.0
20230518.1700     0.2838     3.0609    95.4733    30.0
20230518.1800     0.2941     3.0187   103.2352    30.0
20230518.1900     0.2938     3.0169   105.6049    30.0
20230518.2000     0.2915     3.0252   106.6801    30.0
20230518.2100     0.2850     3.0573   104.6395    30.0
20230518.2200     0.2756     3.1066   104.9905    30.0
20230518.2300     0.2692     3.1349   101.7596    30.0
20230519.0000     0.2638     3.1553    98.9072    30.0
20230519.0100     0.2586     3.1750    96.0822    30.0
20230519.0200     0.2553     3.1832    93.7344    30.0
20230519.0300     0.2512     3.1982    90.8820    30.0
20230519.0400     0.2481     3.2124    88.2490    30.0
20230519.0500     0.2453     3.2265    85.3198    30.0
20230519.0600     0.2431     3.2388    82.5771    30.0
20230519.0700     0.2449     3.2097    79.5436    30.0
20230519.0800     0.2519     3.1540    76.8009    30.0
20230519.0900     0.2561     3.1280    75.8629    30.0
20230519.1000     0.2571     3.1186    69.5876    30.0
20230519.1100     0.2534     3.1604    69.6808    30.0
20230519.1200     0.2539     3.1648    71.1290    30.0
20230519.1300     0.2552     3.1571    72.4455    30.0
20230519.1400     0.2567     3.1552    74.1021    30.0
20230519.1500     0.2601     3.1389    76.1152    30.0
20230519.1600     0.2636     3.1294    77.9638    30.0
20230519.1700     0.2678     3.1186    79.8234    30.0
20230519.1800     0.2698     3.1211    80.3939    30.0
20230519.1900     0.2709     3.1297    80.4378    30.0
20230519.2000     0.2721     3.1384    80.1306    30.0
20230519.2100     0.2723     3.1560    79.4339    30.0
20230519.2200     0.2658     3.2204    79.3846    30.0
20230519.2300     0.2871     3.3664    78.0571    30.0
20230520.0000     0.3067     3.5148    76.4115    30.0
20230520.0100     0.3239     3.6194    75.5173    30.0
20230520.0200     0.3392     3.6622    75.3308    30.0
20230520.0300     0.3516     3.6702    75.3363    30.0
20230520.0400     0.3578     3.6901    74.5190    30.0
20230520.0500     0.3603     3.7133    73.3616    30.0
20230520.0600     0.3618     3.7261    72.2261    30.0
20230520.0700     0.3636     3.7242    71.2113    30.0
20230520.0800     0.3667     3.7023    70.5366    30.0
20230520.0900     0.3671     3.7009    70.3336    30.0
20230520.1000     0.3596     3.7541    69.8728    30.0
20230520.1100     0.3572     3.7630    69.7028    30.0
20230520.1200     0.3563     3.7511    70.1197    30.0
20230520.1300     0.3549     3.7401    70.7121    30.0
20230520.1400     0.3508     3.7493    70.8383    30.0
20230520.1500     0.3464     3.7610    70.9315    30.0
20230520.1600     0.3410     3.7770    70.6682    30.0
20230520.1700     0.3360     3.7818    70.2458    30.0
20230520.1800     0.3316     3.7868    70.5311    30.0
20230520.1900     0.3280     3.7791    70.6737    30.0
20230520.2000     0.3237     3.7775    70.7395    30.0
20230520.2100     0.3215     3.7636    71.5623    30.0
20230520.2200     0.3102     3.8413    72.1657    30.0
20230520.2300     0.3189     3.7180    75.7203    30.0
20230521.0000     0.3221     3.6620    77.5853    30.0
20230521.0100     0.3260     3.6076    79.2255    30.0
20230521.0200     0.3270     3.5769    79.4668    30.0
20230521.0300     0.3266     3.5685    78.9348    30.0
20230521.0400     0.3273     3.5576    78.1010    30.0
20230521.0500     0.3305     3.5399    76.7077    30.0
20230521.0600     0.3361     3.5179    75.1169    30.0
20230521.0700     0.3394     3.5262    73.3780    30.0
20230521.0800     0.3429     3.5427    71.9189    30.0
20230521.0900     0.3485     3.5481    71.0083    30.0
20230521.1000     0.3532     3.5534    70.4269    30.0
20230521.1100     0.3650     3.5327    70.6792    30.0
20230521.1200     0.3664     3.5848    70.6847    30.0
20230521.1300     0.3645     3.6580    70.6956    30.0
20230521.1400     0.3633     3.7203    70.6956    30.0
20230521.1500     0.3636     3.7676    70.8438    30.0
20230521.1600     0.3663     3.8003    71.8695    30.0
20230521.1700     0.3725     3.7928    73.6468    30.0
20230521.1800     0.3797     3.7850    76.2085    30.0
20230521.1900     0.3835     3.7931    78.0351    30.0
20230521.2000     0.3840     3.8134    78.8689    30.0
20230521.2100     0.3839     3.8333    79.6150    30.0
20230521.2200     0.3763     3.9080    79.8124    30.0
20230521.2300     0.3750     3.9216    79.7905    30.0
20230522.0000     0.3751     3.9165    80.5091    30.0
20230522.0100     0.3719     3.9405    80.1032    30.0
20230522.0200     0.3674     3.9686    79.1597    30.0
20230522.0300     0.3638     3.9861    78.1339    30.0
20230522.0400     0.3634     3.9722    77.3604    30.0
20230522.0500     0.3645     3.9455    76.4444    30.0
20230522.0600     0.3701     3.8854    75.8355    30.0
20230522.0700     0.3792     3.8057    75.1663    30.0
20230522.0800     0.3854     3.7612    74.1679    30.0
20230522.0900     0.3872     3.7537    73.1421    30.0
20230522.1000     0.3806     3.8047    71.4417    30.0
20230522.1100     0.3751     3.8520    71.0412    30.0
20230522.1200     0.3701     3.8955    70.9589    30.0
20230522.1300     0.3666     3.9289    71.1345    30.0
20230522.1400     0.3650     3.9459    71.5075    30.0
20230522.1500     0.3626     3.9750    71.2497    30.0
20230522.1600     0.3604     4.0090    71.0577    30.0
20230522.1700     0.3610     4.0201    71.5514    30.0
20230522.1800     0.3596     4.0566    71.4252    30.0
20230522.1900     0.3619     4.0527    72.0067    30.0
20230522.2000     0.3638     4.0567    72.6046    30.0
20230522.2100     0.3645     4.0644    72.7198    30.0
20230522.2200     0.3611     4.1150    73.7126    30.0
20230522.2300     0.4030     4.2678    75.4625    30.0
20230523.0000     0.3991     4.2675    74.8755    30.0
20230523.0100     0.3939     4.2837    74.0527    30.0
20230523.0200     0.3883     4.3042    73.3177    30.0
20230523.0300     0.3840     4.3044    72.5881    30.0
20230523.0400     0.3790     4.3107    71.9463    30.0
20230523.0500     0.3744     4.3091    71.3978    30.0
20230523.0600     0.3704     4.3047    70.8931    30.0
20230523.0700     0.3664     4.2927    70.4378    30.0
20230523.0800     0.3634     4.2690    70.1471    30.0
20230523.0900     0.3646     4.1938    69.7412    30.0
20230523.1000     0.3649     4.1341    68.4905    30.0
20230523.1100     0.3635     4.0932    68.1833    30.0
20230523.1200     0.3570     4.1086    68.5728    30.0
20230523.1300     0.3528     4.0963    69.5382    30.0
20230523.1400     0.3521     4.0478    71.2552    30.0
20230523.1500     0.3522     3.9975    73.1751    30.0
20230523.1600     0.3556     3.9258    76.3127    30.0
20230523.1700     0.3529     3.9072    77.5360    30.0
20230523.1800     0.3477     3.9138    77.7170    30.0
20230523.1900     0.3441     3.9079    78.1229    30.0
20230523.2000     0.3432     3.8827    79.5491    30.0
20230523.2100     0.3441     3.8450    81.6446    30.0
20230523.2200     0.3366     3.8807    82.7800    30.0
20230523.2300     0.3363     3.8448    83.5370    30.0
20230524.0000     0.3342     3.8327    83.5370    30.0
20230524.0100     0.3295     3.8463    82.3961    30.0
20230524.0200     0.3256     3.8548    81.1673    30.0
20230524.0300     0.3240     3.8444    80.0757    30.0
20230524.0400     0.3234     3.8284    78.7812    30.0
20230524.0500     0.3257     3.7924    77.5579    30.0
20230524.0600     0.3283     3.7635    76.3621    30.0
20230524.0700     0.3332     3.7263    75.2924    30.0
20230524.0800     0.3384     3.6940    74.6671    30.0
20230524.0900     0.3443     3.6606    74.7055    30.0
20230524.1000     0.3441     3.6692    74.5354    30.0
20230524.1100     0.3536     3.6136    76.2304    30.0
20230524.1200     0.3605     3.5824    77.2343    30.0
20230524.1300     0.3625     3.5820    77.6841    30.0
20230524.1400     0.3627     3.5924    78.2601    30.0
20230524.1500     0.3633     3.5967    79.0116    30.0
20230524.1600     0.3661     3.5881    80.4981    30.0
20230524.1700     0.3700     3.5728    82.5113    30.0
20230524.1800     0.3749     3.5525    85.1278    30.0
20230524.1900     0.3764     3.5434    86.8393    30.0
20230524.2000     0.3781     3.5356    88.8085    30.0
20230524.2100     0.3844     3.5068    92.6593    30.0
20230524.2200     0.3853     3.5157    96.6692    30.0
20230524.2300     0.3842     3.5273    97.1574    30.0
20230525.0000     0.3834     3.5308    97.8595    30.0
20230525.0100     0.3821     3.5339    98.4574    30.0
20230525.0200     0.3784     3.5497    97.6620    30.0
20230525.0300     0.3691     3.5998    94.4421    30.0
20230525.0400     0.3589     3.6572    90.4706    30.0
20230525.0500     0.3500     3.7165    86.5430    30.0
20230525.0600     0.3451     3.7541    83.3944    30.0
20230525.0700     0.3455     3.7541    80.7833    30.0
20230525.0800     0.3558     3.6860    76.8503    30.0
20230525.0900     0.3655     3.6390    73.5206    30.0
20230525.1000     0.3617     3.6899    70.9644    30.0
20230525.1100     0.3657     3.6891    70.1745    30.0
20230525.1200     0.3657     3.7303    70.6353    30.0
20230525.1300     0.3678     3.7493    72.5607    30.0
20230525.1400     0.3757     3.7363    76.0110    30.0
20230525.1500     0.3840     3.7240    79.3736    30.0
20230525.1600     0.3894     3.7361    81.4087    30.0
20230525.1700     0.3897     3.7883    81.5952    30.0
20230525.1800     0.3921     3.8277    81.6336    30.0
20230525.1900     0.3999     3.8331    83.0159    30.0
20230525.2000     0.4009     3.8884    82.1492    30.0
20230525.2100     0.4027     3.9360    81.0412    30.0
20230525.2200     0.3969     4.0500    79.4833    30.0
20230525.2300     0.4023     4.0604    78.9348    30.0
20230526.0000     0.4143     4.0260    80.7066    30.0
20230526.0100     0.4221     4.0115    81.7543    30.0
20230526.0200     0.4310     3.9878    83.6632    30.0
20230526.0300     0.4297     4.0333    82.6758    30.0
20230526.0400     0.4254     4.0937    80.8272    30.0
20230526.0500     0.4197     4.1595    78.5672    30.0
20230526.0600     0.4156     4.2103    76.5651    30.0
20230526.0700     0.4138     4.2395    74.8701    30.0
20230526.0800     0.4160     4.2292    73.3616    30.0
20230526.0900     0.4180     4.2250    72.0286    30.0
20230526.1000     0.4248     4.1778    69.5821    30.0
20230526.1100     0.4275     4.1719    69.0336    30.0
20230526.1200     0.4264     4.1992    68.9403    30.0
20230526.1300     0.4268     4.2119    69.1872    30.0
20230526.1400     0.4278     4.2153    69.6424    30.0
20230526.1500     0.4307     4.2012    70.4049    30.0
20230526.1600     0.4354     4.1775    71.4417    30.0
20230526.1700     0.4396     4.1600    72.0780    30.0
20230526.1800     0.4432     4.1510    72.3632    30.0
20230526.1900     0.4476     4.1420    72.9995    30.0
20230526.2000     0.4470     4.1704    72.3797    30.0
20230526.2100     0.4463     4.1958    71.7872    30.0
20230526.2200     0.4400     4.2624    71.2552    30.0
20230526.2300     0.4410     4.2609    71.0741    30.0
20230527.0000     0.4408     4.2647    70.9809    30.0
20230527.0100     0.4497     4.1941    73.6249    30.0
20230527.0200     0.4513     4.1771    74.4203    30.0
20230527.0300     0.4480     4.2177    73.8772    30.0
20230527.0400     0.4449     4.2716    72.9666    30.0
20230527.0500     0.4439     4.3241    72.2974    30.0
20230527.0600     0.4447     4.3743    71.6501    30.0
20230527.0700     0.4477     4.4154    71.0357    30.0
20230527.0800     0.4538     4.4356    70.4872    30.0
20230527.0900     0.4588     4.4713    69.9935    30.0
20230527.1000     0.4646     4.4932    69.2420    30.0
20230527.1100     0.4669     4.5542    69.5876    30.0
20230527.1200     0.4713     4.5884    70.4927    30.0
20230527.1300     0.4820     4.5585    73.0708    30.0
20230527.1400     0.4912     4.5423    75.6600    30.0
20230527.1500     0.4984     4.5297    77.9200    30.0
20230527.1600     0.5071     4.4979    80.9918    30.0
20230527.1700     0.5192     4.4407    85.8903    30.0
20230527.1800     0.5283     4.4000    90.5255    30.0
20230527.1900     0.5386     4.3512    95.2539    30.0
20230527.2000     0.5482     4.2989    99.6093    30.0
20230527.2100     0.5510     4.2826   102.2862    30.0
20230527.2200     0.5328     4.3835   100.5638    30.0
20230527.2300     0.5110     4.4940    96.7898    30.0
20230528.0000     0.4914     4.5812    93.3779    30.0
20230528.0100     0.4763     4.6255    91.0795    30.0
20230528.0200     0.4624     4.6606    89.0444    30.0
20230528.0300     0.4492     4.6898    86.8886    30.0
20230528.0400     0.4386     4.6946    84.9742    30.0
20230528.0500     0.4310     4.6710    83.3066    30.0
20230528.0600     0.4282     4.6001    81.9463    30.0
20230528.0700     0.4321     4.4726    80.1251    30.0
20230528.0800     0.4408     4.3147    77.7938    30.0
20230528.0900     0.4492     4.1789    76.0110    30.0
20230528.1000     0.4427     4.1702    74.8207    30.0
20230528.1100     0.4406     4.2190    74.5629    30.0
20230528.1200     0.4293     4.2845    74.4093    30.0
20230528.1300     0.4227     4.3159    74.6342    30.0
20230528.1400     0.4201     4.3226    75.4131    30.0
20230528.1500     0.4226     4.2956    77.0533    30.0
20230528.1600     0.4347     4.2155    81.4526    30.0
20230528.1700     0.4485     4.1321    86.5211    30.0
20230528.1800     0.4592     4.0849    91.3154    30.0
20230528.1900     0.4626     4.0951    93.8332    30.0
20230528.2000     0.4629     4.1256    94.8425    30.0
20230528.2100     0.4604     4.1698    94.5573    30.0
20230528.2200     0.4489     4.2749    92.6758    30.0
20230528.2300     0.4403     4.3495    89.9440    30.0
20230529.0000     0.4332     4.4054    87.6621    30.0
20230529.0100     0.4286     4.4279    86.3291    30.0
20230529.0200     0.4284     4.4013    86.3181    30.0
20230529.0300     0.4251     4.4006    85.5941    30.0
20230529.0400     0.4193     4.4160    83.9155    30.0
20230529.0500     0.4138     4.4249    81.9133    30.0
20230529.0600     0.4113     4.3985    79.7137    30.0
20230529.0700     0.4152     4.3118    77.1081    30.0
20230529.0800     0.4270     4.1706    74.5025    30.0
20230529.0900     0.4363     4.0693    73.2519    30.0
20230529.1000     0.4487     3.9726    71.9847    30.0
20230529.1100     0.4563     3.9242    72.1273    30.0
20230529.1200     0.4512     3.9524    72.3961    30.0
20230529.1300     0.4423     4.0033    72.8350    30.0
20230529.1400     0.4335     4.0513    73.1312    30.0
20230529.1500     0.4268     4.0860    73.3616    30.0
20230529.1600     0.4210     4.1148    73.5261    30.0
20230529.1700     0.4183     4.1243    74.1624    30.0
20230529.1800     0.4201     4.1032    75.8958    30.0
20230529.1900     0.4197     4.1004    76.9435    30.0
20230529.2000     0.4205     4.0921    78.1887    30.0
20230529.2100     0.4197     4.0896    78.7757    30.0
20230529.2200     0.4264     4.0378    82.5826    30.0
20230529.2300     0.4302     4.0025    83.8936    30.0
20230530.0000     0.4302     3.9962    84.4641    30.0
20230530.0100     0.4268     4.0134    84.0033    30.0
20230530.0200     0.4209     4.0474    82.6813    30.0
20230530.0300     0.4143     4.0900    80.7833    30.0
20230530.0400     0.4096     4.1185    78.9732    30.0
20230530.0500     0.4102     4.1054    77.7225    30.0
20230530.0600     0.4142     4.0676    76.7186    30.0
20230530.0700     0.4290     3.9613    75.9013    30.0
20230530.0800     0.4489     3.8520    74.5848    30.0
20230530.0900     0.4747     3.7536    72.9337    30.0
20230530.1000     0.5005     3.6889    71.4636    30.0
20230530.1100     0.5240     3.6597    70.7944    30.0
20230530.1200     0.5221     3.7175    70.4817    30.0
20230530.1300     0.5082     3.8083    70.5475    30.0
20230530.1400     0.4976     3.8787    71.4252    30.0
20230530.1500     0.4923     3.9195    73.1367    30.0
20230530.1600     0.4851     3.9698    73.9320    30.0
20230530.1700     0.4794     4.0147    74.4970    30.0
20230530.1800     0.4769     4.0408    75.6709    30.0
20230530.1900     0.4791     4.0366    78.2820    30.0
20230530.2000     0.4772     4.0464    79.8508    30.0
20230530.2100     0.4805     4.0250    82.9117    30.0
20230530.2200     0.4744     4.0640    84.7603    30.0
20230530.2300     0.4742     4.0554    86.3675    30.0
20230531.0000     0.4738     4.0400    88.2435    30.0
20230531.0100     0.4686     4.0498    88.9731    30.0
20230531.0200     0.4593     4.0815    88.3478    30.0
20230531.0300     0.4471     4.1271    86.8064    30.0
20230531.0400     0.4337     4.1822    84.7054    30.0
20230531.0500     0.4217     4.2279    82.4564    30.0
20230531.0600     0.4130     4.2469    80.3719    30.0
20230531.0700     0.4096     4.2168    78.0571    30.0
20230531.0800     0.4091     4.1728    75.4515    30.0
20230531.0900     0.4124     4.1074    73.6029    30.0
20230531.1000     0.4142     4.0640    71.9792    30.0
20230531.1100     0.4678     4.3261    71.8750    30.0
20230531.1200     0.4703     4.4548    72.5991    30.0
20230531.1300     0.4712     4.5313    73.5536    30.0
20230531.1400     0.4701     4.5626    74.5519    30.0
20230531.1500     0.4714     4.5331    76.4444    30.0
20230531.1600     0.4758     4.4544    79.3846    30.0
20230531.1700     0.4800     4.3656    82.4674    30.0
20230531.1800     0.4821     4.2926    85.5008    30.0
20230531.1900     0.4819     4.2425    88.0406    30.0
20230531.2000     0.4801     4.2050    89.8892    30.0
20230531.2100     0.4788     4.1637    91.6555    30.0
20230531.2200     0.4684     4.1901    91.9572    30.0
20230531.2300     0.4631     4.1763    91.5183    30.0
20230601.0000     0.4574     4.1670    90.8546    30.0
20230601.0100     0.4504     4.1717    89.6204    30.0
20230601.0200     0.4433     4.1798    87.9473    30.0
20230601.0300     0.4364     4.1951    85.7367    30.0
20230601.0400     0.4298     4.2138    83.4218    30.0
20230601.0500     0.4248     4.2352    81.0357    30.0
20230601.0600     0.4236     4.2344    78.7702    30.0
20230601.0700     0.4267     4.2119    76.6418    30.0
20230601.0800     0.4371     4.1407    74.3544    30.0
20230601.0900     0.4513     4.0557    72.6814    30.0
20230601.1000     0.4609     4.0215    70.4488    30.0
20230601.1100     0.4620     4.0454    70.1910    30.0
20230601.1200     0.4578     4.0984    70.4378    30.0
20230601.1300     0.4520     4.1573    70.6956    30.0
20230601.1400     0.4486     4.1949    70.9919    30.0
20230601.1500     0.4479     4.2077    71.5514    30.0
20230601.1600     0.4523     4.1789    73.2519    30.0
20230601.1700     0.4581     4.1452    75.2595    30.0
20230601.1800     0.4624     4.1169    77.0697    30.0
20230601.1900     0.4612     4.1231    77.6786    30.0
20230601.2000     0.4576     4.1425    77.8212    30.0
20230601.2100     0.4549     4.1497    78.2107    30.0
20230601.2200     0.4422     4.2357    77.3330    30.0
20230601.2300     0.4358     4.2622    76.3895    30.0
20230602.0000     0.4338     4.2722    76.1207    30.0
20230602.0100     0.4325     4.2740    76.1811    30.0
20230602.0200     0.4350     4.2444    77.0258    30.0
20230602.0300     0.4383     4.2120    77.8870    30.0
20230602.0400     0.4386     4.2067    77.9529    30.0
20230602.0500     0.4362     4.2289    77.0478    30.0
20230602.0600     0.4349     4.2431    75.5996    30.0
20230602.0700     0.4405     4.2050    73.7730    30.0
20230602.0800     0.4548     4.1062    71.1235    30.0
20230602.0900     0.4701     4.0235    68.8909    30.0
20230602.1000     0.4754     4.0185    67.3934    30.0
20230602.1100     0.4770     4.0312    67.1191    30.0
20230602.1200     0.4705     4.0867    67.2727    30.0
20230602.1300     0.4615     4.1586    67.7116    30.0
20230602.1400     0.4558     4.1999    68.2601    30.0
20230602.1500     0.4594     4.1720    70.3501    30.0
20230602.1600     0.4637     4.1440    72.1164    30.0
20230602.1700     0.4671     4.1271    73.2354    30.0
20230602.1800     0.4697     4.1291    73.7455    30.0
20230602.1900     0.4718     4.1433    73.7510    30.0
20230602.2000     0.4742     4.1656    73.5097    30.0
20230602.2100     0.4760     4.2021    72.8295    30.0
20230602.2200     0.4701     4.3063    71.4746    30.0
20230602.2300     0.4705     4.3570    69.9825    30.0
20230603.0000     0.4718     4.3944    69.0171    30.0
20230603.0100     0.4735     4.4201    68.5289    30.0
20230603.0200     0.4750     4.4388    68.3040    30.0
20230603.0300     0.4747     4.4626    67.9749    30.0
20230603.0400     0.4743     4.4791    67.5744    30.0
20230603.0500     0.4743     4.4845    67.2179    30.0
20230603.0600     0.4744     4.4806    66.7681    30.0
20230603.0700     0.4744     4.4705    66.1866    30.0
20230603.0800     0.4761     4.4464    65.4790    30.0
20230603.0900     0.4742     4.4467    65.2706    30.0
20230603.1000     0.4702     4.4654    64.9908    30.0
20230603.1100     0.5393     4.8046    65.7697    30.0
20230603.1200     0.5259     4.8290    65.9069    30.0
20230603.1300     0.5154     4.8306    66.2470    30.0
20230603.1400     0.5074     4.8201    66.9052    30.0
20230603.1500     0.5030     4.7825    68.1010    30.0
20230603.1600     0.4986     4.7527    69.2969    30.0
20230603.1700     0.4941     4.7267    70.4049    30.0
20230603.1800     0.4876     4.7200    70.9644    30.0
20230603.1900     0.4797     4.7247    71.1235    30.0
20230603.2000     0.4723     4.7244    71.2387    30.0
20230603.2100     0.4682     4.6897    72.1328    30.0
20230603.2200     0.4564     4.7307    72.3961    30.0
20230603.2300     0.4558     4.6541    74.1515    30.0
20230604.0000     0.4499     4.6258    74.6506    30.0
20230604.0100     0.4434     4.6039    74.9962    30.0
20230604.0200     0.4385     4.5662    75.6819    30.0
20230604.0300     0.4333     4.5328    76.0988    30.0
20230604.0400     0.4251     4.5303    75.4460    30.0
20230604.0500     0.4160     4.5392    74.3928    30.0
20230604.0600     0.4074     4.5433    73.2848    30.0
20230604.0700     0.4005     4.5263    72.0835    30.0
20230604.0800     0.3958     4.4860    70.6463    30.0
20230604.0900     0.3883     4.4820    70.0429    30.0
20230604.1000     0.3816     4.4724    68.1723    30.0
20230604.1100     0.3742     4.4786    68.1833    30.0
20230604.1200     0.3662     4.4997    68.3205    30.0
20230604.1300     0.3590     4.5113    68.5508    30.0
20230604.1400     0.3560     4.4682    69.0226    30.0
20230604.1500     0.3498     4.4806    69.2310    30.0
20230604.1600     0.3441     4.4919    69.3517    30.0
20230604.1700     0.3400     4.4902    69.7083    30.0
20230604.1800     0.3344     4.5091    69.7357    30.0
20230604.1900     0.3290     4.5351    69.7302    30.0
20230604.2000     0.3285     4.4768    70.0484    30.0
20230604.2100     0.3292     4.4046    71.0741    30.0
20230604.2200     0.3162     4.5382    71.1125    30.0
20230604.2300     0.3137     4.5704    70.9754    30.0
20230605.0000     0.3165     4.6010    70.8986    30.0
20230605.0100     0.3286     4.5000    73.3287    30.0
20230605.0200     0.3375     4.4751    75.1937    30.0
20230605.0300     0.3497     4.4058    77.8761    30.0
20230605.0400     0.3554     4.3820    78.3698    30.0
20230605.0500     0.3613     4.3222    78.3862    30.0
20230605.0600     0.3665     4.2442    77.5908    30.0
20230605.0700     0.3675     4.1852    76.0604    30.0
20230605.0800     0.3615     4.1802    74.6836    30.0
20230605.0900     0.3516     4.1977    73.8553    30.0
20230605.1000     0.3469     4.1447    72.4126    30.0
20230605.1100     0.3374     4.1391    72.2809    30.0
20230605.1200     0.3269     4.1469    71.8805    30.0
20230605.1300     0.3175     4.1423    71.3978    30.0
20230605.1400     0.3089     4.1368    70.9205    30.0
20230605.1500     0.3015     4.1232    70.4598    30.0
20230605.1600     0.2949     4.1122    69.9496    30.0
20230605.1700     0.2978     3.9703    70.9919    30.0
20230605.1800     0.2978     3.9047    72.0286    30.0
20230605.1900     0.2991     3.8421    73.0763    30.0
20230605.2000     0.3012     3.7925    73.8936    30.0
20230605.2100     0.3001     3.7866    72.8898    30.0
20230605.2200     0.2956     3.8170    72.2754    30.0
20230605.2300     0.2976     3.8155    71.2332    30.0
20230606.0000     0.3003     3.8216    70.7011    30.0
20230606.0100     0.3094     3.7726    72.1493    30.0
20230606.0200     0.3133     3.7811    71.7927    30.0
20230606.0300     0.3162     3.8010    70.7560    30.0
20230606.0400     0.3199     3.8200    69.6370    30.0
20230606.0500     0.3242     3.8383    68.3972    30.0
20230606.0600     0.3302     3.8413    66.9546    30.0
20230606.0700     0.3312     3.8954    66.6529    30.0
20230606.0800     0.3333     3.9281    66.4335    30.0
20230606.0900     0.3375     3.9314    67.0533    30.0
20230606.1000     0.3306     4.0468    66.5596    30.0
20230606.1100     0.3335     4.0438    66.4444    30.0
20230606.1200     0.3430     3.9603    68.2272    30.0
20230606.1300     0.3484     3.9354    70.1800    30.0
20230606.1400     0.3473     3.9609    70.2239    30.0
20230606.1500     0.3446     3.9974    69.7741    30.0
20230606.1600     0.3419     4.0318    69.3188    30.0
20230606.1700     0.3401     4.0485    69.2859    30.0
20230606.1800     0.3383     4.0644    69.3188    30.0
20230606.1900     0.3372     4.0665    69.5218    30.0
20230606.2000     0.3420     4.0091    71.9792    30.0
20230606.2100     0.3492     3.9357    75.4460    30.0
20230606.2200     0.3378     4.0327    74.9907    30.0
20230606.2300     0.3359     4.0346    74.6836    30.0
20230607.0000     0.3394     3.9904    76.3456    30.0
20230607.0100     0.3452     3.9274    78.7757    30.0
20230607.0200     0.3568     3.8305    82.9446    30.0
20230607.0300     0.3602     3.7975    83.5699    30.0
20230607.0400     0.3595     3.8124    82.3138    30.0
20230607.0500     0.3561     3.8556    79.6808    30.0
20230607.0600     0.3546     3.8933    77.3330    30.0
20230607.0700     0.3595     3.8899    75.3473    30.0
20230607.0800     0.3685     3.8636    74.8426    30.0
20230607.0900     0.3749     3.8738    74.7823    30.0
20230607.1000     0.3764     3.9281    74.1570    30.0
20230607.1100     0.3824     3.9570    73.7346    30.0
20230607.1200     0.3904     3.9740    73.7785    30.0
20230607.1300     0.4091     3.9234    76.6748    30.0
20230607.1400     0.4351     3.8464    80.6352    30.0
20230607.1500     0.4554     3.8252    82.5442    30.0
20230607.1600     0.4673     3.8765    82.0669    30.0
20230607.1700     0.4764     3.9548    80.3116    30.0
20230607.1800     0.4860     4.0331    78.5782    30.0
20230607.1900     0.4983     4.0953    77.5744    30.0
20230607.2000     0.5130     4.1411    77.4263    30.0
20230607.2100     0.5278     4.1785    77.7225    30.0
20230607.2200     0.5283     4.3041    75.7697    30.0
20230607.2300     0.6543     4.8582    74.3160    30.0
20230608.0000     0.6559     4.9532    71.7434    30.0
20230608.0100     0.6552     5.0059    70.2184    30.0
20230608.0200     0.6541     5.0382    69.2201    30.0
20230608.0300     0.6527     5.0691    68.3534    30.0
20230608.0400     0.6517     5.0968    67.6073    30.0
20230608.0500     0.6516     5.1147    67.0478    30.0
20230608.0600     0.6506     5.1340    66.5761    30.0
20230608.0700     0.6492     5.1458    66.2524    30.0
20230608.0800     0.6464     5.1558    65.9562    30.0
20230608.0900     0.6418     5.1678    65.7204    30.0
20230608.1000     0.6354     5.1732    65.5339    30.0
20230608.1100     0.6305     5.1608    65.6984    30.0
20230608.1200     0.6245     5.1427    66.0166    30.0
20230608.1300     0.6157     5.1359    66.1373    30.0
20230608.1400     0.6065     5.1225    66.2086    30.0
20230608.1500     0.5972     5.0989    66.2689    30.0
20230608.1600     0.5908     5.0413    66.8504    30.0
20230608.1700     0.5816     5.0053    66.9765    30.0
20230608.1800     0.5755     4.9396    67.7993    30.0
20230608.1900     0.5680     4.8848    68.4137    30.0
20230608.2000     0.5617     4.8178    69.3078    30.0
20230608.2100     0.5568     4.7375    70.6298    30.0
20230608.2200     0.5425     4.7376    70.9205    30.0
20230608.2300     0.5348     4.6771    71.7434    30.0
20230609.0000     0.5260     4.6287    72.5168    30.0
20230609.0100     0.5145     4.6052    72.7472    30.0
20230609.0200     0.5022     4.5932    72.6430    30.0
20230609.0300     0.4899     4.5854    72.2754    30.0
20230609.0400     0.4775     4.5821    71.6227    30.0
20230609.0500     0.4672     4.5698    70.8767    30.0
20230609.0600     0.4595     4.5391    70.1690    30.0
20230609.0700     0.4525     4.5077    69.3462    30.0
20230609.0800     0.4452     4.4920    68.7593    30.0
20230609.0900     0.4387     4.4743    68.3589    30.0
20230609.1000     0.4298     4.4855    68.3150    30.0
20230609.1100     0.4252     4.4541    68.5070    30.0
20230609.1200     0.4238     4.3968    69.6095    30.0
20230609.1300     0.4281     4.2971    72.4894    30.0
20230609.1400     0.4256     4.2664    73.4000    30.0
20230609.1500     0.4213     4.2487    73.5645    30.0
20230609.1600     0.4175     4.2275    73.7510    30.0
20230609.1700     0.4149     4.1994    74.5519    30.0
20230609.1800     0.4196     4.1185    77.4647    30.0
20230609.1900     0.4298     4.0013    82.3138    30.0
20230609.2000     0.4391     3.9003    87.7882    30.0
20230609.2100     0.4443     3.8399    92.4399    30.0
20230609.2200     0.4297     3.9080    91.2112    30.0
20230609.2300     0.4211     3.9256    89.5491    30.0
20230610.0000     0.4156     3.9155    89.0444    30.0
20230610.0100     0.4142     3.8737    90.3280    30.0
20230610.0200     0.4149     3.8224    92.5222    30.0
20230610.0300     0.4051     3.8437    91.1289    30.0
20230610.0400     0.3902     3.8942    87.7882    30.0
20230610.0500     0.3767     3.9315    84.5025    30.0
20230610.0600     0.3652     3.9574    81.6665    30.0
20230610.0700     0.3546     3.9787    79.1432    30.0
20230610.0800     0.3464     3.9826    76.9655    30.0
20230610.0900     0.3388     3.9850    75.1114    30.0
20230610.1000     0.3274     4.0128    72.1273    30.0
20230610.1100     0.3217     4.0056    71.6721    30.0
20230610.1200     0.3204     3.9478    72.2371    30.0
20230610.1300     0.3256     3.8307    74.9688    30.0
20230610.1400     0.3434     3.6622    82.7800    30.0
20230610.1500     0.3697     3.4840    94.2994    30.0
20230610.1600     0.3877     3.3900   104.3104    30.0
20230610.1700     0.3964     3.3520   111.7541    30.0
20230610.1800     0.3980     3.3398   116.7294    30.0
20230610.1900     0.3988     3.3212   121.3207    30.0
20230610.2000     0.4010     3.2974   126.0875    30.0
20230610.2100     0.4016     3.2833   129.4117    30.0
20230610.2200     0.3999     3.2821   131.8362    30.0
20230610.2300     0.3973     3.3390   130.2674    30.0
20230611.0000     0.3963     3.3089   129.7737    30.0
20230611.0100     0.3939     3.2972   129.5708    30.0
20230611.0200     0.3842     3.3206   126.4989    30.0
20230611.0300     0.3672     3.3827   119.2691    30.0
20230611.0400     0.3510     3.4568   110.2291    30.0
20230611.0500     0.3394     3.5206   101.4524    30.0
20230611.0600     0.3308     3.5912    93.6522    30.0
20230611.0700     0.3253     3.6611    87.1684    30.0
20230611.0800     0.3220     3.7289    82.1163    30.0
20230611.0900     0.3200     3.7968    78.5508    30.0
20230611.1000     0.3132     3.9134    74.7658    30.0
20230611.1100     0.3183     3.9175    74.0692    30.0
20230611.1200     0.3282     3.8691    75.4076    30.0
20230611.1300     0.3464     3.7522    80.1635    30.0
20230611.1400     0.3701     3.6393    87.9693    30.0
20230611.1500     0.3934     3.5393    96.8008    30.0
20230611.1600     0.4080     3.5086   103.7399    30.0
20230611.1700     0.4098     3.5346   106.0328    30.0
20230611.1800     0.4042     3.5841   104.5353    30.0
20230611.1900     0.4003     3.6242   102.4289    30.0
20230611.2000     0.3991     3.6647   100.1908    30.0
20230611.2100     0.4049     3.6936    98.8194    30.0
20230611.2200     0.4051     3.7872    96.2413    30.0
20230611.2300     0.4127     3.8604    93.0652    30.0
20230612.0000     0.4265     3.9070    91.7158    30.0
20230612.0100     0.4422     3.9546    91.3044    30.0
20230612.0200     0.4533     4.0390    89.4558    30.0
20230612.0300     0.4576     4.1679    85.7312    30.0
20230612.0400     0.4600     4.3110    81.5458    30.0
20230612.0500     0.4652     4.4289    78.0297    30.0
20230612.0600     0.4737     4.5180    75.2924    30.0
20230612.0700     0.4846     4.5853    73.3780    30.0
20230612.0800     0.4964     4.6378    72.1109    30.0
20230612.0900     0.5057     4.7072    71.0467    30.0
20230612.1000     0.5118     4.7945    70.0648    30.0
20230612.1100     0.5213     4.8420    69.5492    30.0
20230612.1200     0.5322     4.8602    69.3627    30.0
20230612.1300     0.5489     4.8147    70.1690    30.0
20230612.1400     0.5696     4.7385    71.6501    30.0
20230612.1500     0.5868     4.6917    72.5552    30.0
20230612.1600     0.5984     4.6951    72.6320    30.0
20230612.1700     0.6072     4.7149    72.4784    30.0
20230612.1800     0.6115     4.7626    71.7927    30.0
20230612.1900     0.6137     4.8138    71.0741    30.0
20230612.2000     0.6139     4.8625    70.4214    30.0
20230612.2100     0.6130     4.9014    70.0319    30.0
20230612.2200     0.6071     4.9684    69.6424    30.0
20230612.2300     0.6052     4.9814    69.5931    30.0
20230613.0000     0.6018     4.9910    69.5766    30.0
20230613.0100     0.6003     4.9720    70.0648    30.0
20230613.0200     0.5994     4.9377    70.7340    30.0
20230613.0300     0.5970     4.9086    71.1564    30.0
20230613.0400     0.5926     4.8994    71.1454    30.0
20230613.0500     0.5886     4.8912    70.9315    30.0
20230613.0600     0.5859     4.8769    70.6134    30.0
20230613.0700     0.5851     4.8571    70.2404    30.0
20230613.0800     0.5869     4.8246    69.8619    30.0
20230613.0900     0.5904     4.7856    69.6315    30.0
20230613.1000     0.5886     4.7939    69.5218    30.0
20230613.1100     0.6006     4.7961    70.0155    30.0
20230613.1200     0.6015     4.8082    70.0319    30.0
20230613.1300     0.5994     4.8449    69.7247    30.0
20230613.1400     0.5975     4.8803    69.3188    30.0
20230613.1500     0.5992     4.8906    69.1104    30.0
20230613.1600     0.6019     4.8983    68.8361    30.0
20230613.1700     0.6038     4.9168    68.4302    30.0
20230613.1800     0.6041     4.9535    67.8268    30.0
20230613.1900     0.6077     4.9570    67.8213    30.0
20230613.2000     0.6129     4.9405    68.4905    30.0
20230613.2100     0.6145     4.9427    68.8909    30.0
20230613.2200     0.6066     5.0124    68.4411    30.0
20230613.2300     0.6026     5.0334    68.1394    30.0
20230614.0000     0.5987     5.0446    68.0133    30.0
20230614.0100     0.5948     5.0424    68.1010    30.0
20230614.0200     0.5931     5.0132    68.5783    30.0
20230614.0300     0.5906     4.9845    69.0116    30.0
20230614.0400     0.5891     4.9476    69.3791    30.0
20230614.0500     0.5879     4.9107    69.5492    30.0
20230614.0600     0.5838     4.9087    69.4230    30.0
20230614.0700     0.5782     4.9228    69.0720    30.0
20230614.0800     0.5744     4.9291    68.7812    30.0
20230614.0900     0.5704     4.9408    68.5618    30.0
20230614.1000     0.5621     4.9919    68.0626    30.0
20230614.1100     0.5600     4.9862    67.7993    30.0
20230614.1200     0.5595     4.9607    67.7335    30.0
20230614.1300     0.5621     4.9055    68.3424    30.0
20230614.1400     0.5602     4.8861    68.4411    30.0
20230614.1500     0.5556     4.8846    68.1888    30.0
20230614.1600     0.5513     4.8728    68.1504    30.0
20230614.1700     0.5477     4.8489    68.3369    30.0
20230614.1800     0.5454     4.8056    68.9787    30.0
20230614.1900     0.5381     4.7996    68.8361    30.0
20230614.2000     0.5311     4.7833    68.8471    30.0
20230614.2100     0.5277     4.7313    69.8893    30.0
20230614.2200     0.5219     4.6925    71.5130    30.0
20230614.2300     0.5124     4.6811    71.4855    30.0
20230615.0000     0.5022     4.6725    71.3813    30.0
20230615.0100     0.4908     4.6760    71.0193    30.0
20230615.0200     0.4826     4.6497    71.1838    30.0
20230615.0300     0.4758     4.6160    71.4691    30.0
20230615.0400     0.4694     4.5806    71.5898    30.0
20230615.0500     0.4684     4.5068    72.0286    30.0
20230615.0600     0.4723     4.3997    72.1932    30.0
20230615.0700     0.4817     4.2698    71.8531    30.0
20230615.0800     0.4910     4.1686    71.3484    30.0
20230615.0900     0.4951     4.1160    70.8767    30.0
20230615.1000     0.4866     4.1422    70.2184    30.0
20230615.1100     0.4816     4.1460    69.9606    30.0
20230615.1200     0.4774     4.1448    69.7247    30.0
20230615.1300     0.4730     4.1467    69.5656    30.0
20230615.1400     0.4681     4.1554    69.5602    30.0
20230615.1500     0.4615     4.1758    69.4834    30.0
20230615.1600     0.4550     4.1954    69.1597    30.0
20230615.1700     0.4503     4.1930    69.1926    30.0
20230615.1800     0.4452     4.1949    69.0720    30.0
20230615.1900     0.4443     4.1634    69.9661    30.0
20230615.2000     0.4429     4.1304    70.8767    30.0
20230615.2100     0.4417     4.0975    71.8970    30.0
20230615.2200     0.4304     4.1451    71.5788    30.0
20230615.2300     0.4251     4.1361    71.0851    30.0
20230616.0000     0.4210     4.1149    70.5640    30.0
20230616.0100     0.4181     4.0851    70.0703    30.0
20230616.0200     0.4135     4.0716    69.3627    30.0
20230616.0300     0.4076     4.0704    68.7099    30.0
20230616.0400     0.4017     4.0731    68.0023    30.0
20230616.0500     0.3987     4.0472    66.9601    30.0
20230616.0600     0.3982     3.9959    65.5064    30.0
20230616.0700     0.3978     3.9571    64.1570    30.0
20230616.0800     0.3893     3.9889    64.3271    30.0
20230616.0900     0.3828     3.9983    64.4093    30.0
20230616.1000     0.3973     3.8256    60.3062    30.0
20230616.1100     0.4288     3.8722    56.8833    30.0
20230616.1200     0.4232     3.9458    57.6074    30.0
20230616.1300     0.4168     4.0466    59.3792    30.0
20230616.1400     0.4182     4.0835    62.6650    30.0
20230616.1500     0.4277     4.0602    67.7719    30.0
20230616.1600     0.4341     4.0446    71.3813    30.0
20230616.1700     0.4492     3.9530    76.5925    30.0
20230616.1800     0.4630     3.8607    80.8656    30.0
20230616.1900     0.4746     3.7879    84.0636    30.0
20230616.2000     0.4818     3.7436    85.3692    30.0
20230616.2100     0.4862     3.7121    85.3747    30.0
20230616.2200     0.4773     3.7413    84.6615    30.0
20230616.2300     0.4661     3.7801    82.6923    30.0
20230617.0000     0.4525     3.8317    80.3555    30.0
20230617.0100     0.4446     3.8497    78.4027    30.0
20230617.0200     0.4477     3.8070    76.9765    30.0
20230617.0300     0.4554     3.7652    75.9178    30.0
20230617.0400     0.4612     3.7618    74.9688    30.0
20230617.0500     0.4649     3.7813    74.1240    30.0
20230617.0600     0.4665     3.8131    73.3835    30.0
20230617.0700     0.4663     3.8500    72.7582    30.0
20230617.0800     0.4640     3.8932    72.2096    30.0
20230617.0900     0.4597     3.9448    71.5898    30.0
20230617.1000     0.4533     4.0003    70.7834    30.0
20230617.1100     0.4491     4.0393    70.2349    30.0
20230617.1200     0.4451     4.0756    69.6973    30.0
20230617.1300     0.4432     4.0866    69.3353    30.0
20230617.1400     0.4418     4.0958    69.3078    30.0
20230617.1500     0.4394     4.1200    69.0829    30.0
20230617.1600     0.4361     4.1539    68.6825    30.0
20230617.1700     0.4330     4.1892    68.1998    30.0
20230617.1800     0.4305     4.2193    67.8103    30.0
20230617.1900     0.4302     4.2277    67.8158    30.0
20230617.2000     0.4309     4.2263    68.0242    30.0
20230617.2100     0.4307     4.2281    68.0956    30.0
20230617.2200     0.4264     4.2639    68.0791    30.0
20230617.2300     0.4247     4.2747    67.9036    30.0
20230618.0000     0.4242     4.2734    67.8761    30.0
20230618.0100     0.4273     4.2410    68.1559    30.0
20230618.0200     0.4317     4.2037    68.3259    30.0
20230618.0300     0.4377     4.1621    68.5344    30.0
20230618.0400     0.4465     4.1092    68.7044    30.0
20230618.0500     0.4574     4.0527    68.6880    30.0
20230618.0600     0.4692     4.0013    68.3918    30.0
20230618.0700     0.4815     3.9542    67.6512    30.0
20230618.0800     0.4907     3.9323    67.0040    30.0
20230618.0900     0.4973     3.9301    66.6474    30.0
20230618.1000     0.4972     3.9658    66.3951    30.0
20230618.1100     0.5016     3.9754    66.3238    30.0
20230618.1200     0.5047     3.9929    66.3622    30.0
20230618.1300     0.5060     4.0169    66.5541    30.0
20230618.1400     0.5050     4.0458    66.5487    30.0
20230618.1500     0.5018     4.0827    66.5103    30.0
20230618.1600     0.4976     4.1114    66.4993    30.0
20230618.1700     0.4925     4.1355    66.5212    30.0
20230618.1800     0.4866     4.1525    66.5761    30.0
20230618.1900     0.4798     4.1638    66.6419    30.0
20230618.2000     0.4773     4.1159    67.3440    30.0
20230618.2100     0.4686     4.1176    67.5580    30.0
20230618.2200     0.4538     4.1610    67.5415    30.0
20230618.2300     0.4444     4.1553    67.6238    30.0
20230619.0000     0.4399     4.0890    68.4137    30.0
20230619.0100     0.4297     4.0787    68.6057    30.0
20230619.0200     0.4180     4.0815    68.6386    30.0
20230619.0300     0.4066     4.0792    68.6825    30.0
20230619.0400     0.3957     4.0736    68.7373    30.0
20230619.0500     0.3849     4.0651    68.7922    30.0
20230619.0600     0.3745     4.0545    68.8471    30.0
20230619.0700     0.3683     3.9939    68.8141    30.0
20230619.0800     0.3593     3.9718    68.8690    30.0
20230619.0900     0.3496     3.9599    68.9184    30.0
20230619.1000     0.3328     4.0282    68.6606    30.0
20230619.1100     0.3282     4.0266    68.7538    30.0
20230619.1200     0.3302     3.8662    69.2036    30.0
20230619.1300     0.3318     3.7549    72.3906    30.0
20230619.1400     0.3336     3.6458    76.5486    30.0
20230619.1500     0.3332     3.5806    80.8547    30.0
20230619.1600     0.3245     3.5635    82.4948    30.0
20230619.1700     0.3148     3.5575    83.5425    30.0
20230619.1800     0.3046     3.5547    83.5864    30.0
20230619.1900     0.2936     3.5683    82.7471    30.0
20230619.2000     0.2838     3.5699    82.1163    30.0
20230619.2100     0.2753     3.5678    82.1163    30.0
20230619.2200     0.2573     3.6623    82.6868    30.0
20230619.2300     0.2525     3.6257    82.6649    30.0
20230620.0000     0.2508     3.5706    83.6906    30.0
20230620.0100     0.2481     3.5212    83.1092    30.0
20230620.0200     0.2494     3.4449    83.6303    30.0
20230620.0300     0.2499     3.3830    83.5096    30.0
20230620.0400     0.2519     3.3184    83.3944    30.0
20230620.0500     0.2546     3.2526    82.3193    30.0
20230620.0600     0.2566     3.2011    80.7779    30.0
20230620.0700     0.2683     3.1047    77.5853    30.0
20230620.0800     0.2675     3.0961    75.9068    30.0
20230620.0900     0.2571     3.1519    75.3747    30.0
20230620.1000     0.2472     3.1776    75.6051    30.0
20230620.1100     0.2500     3.1259    78.4136    30.0
20230620.1200     0.2711     3.0001    83.5754    30.0
20230620.1300     0.2836     2.9391    85.8464    30.0
20230620.1400     0.2880     2.9386    86.0274    30.0
20230620.1500     0.2888     2.9665    84.5464    30.0
20230620.1600     0.2903     2.9994    82.7252    30.0
20230620.1700     0.2953     3.0183    81.6720    30.0
20230620.1800     0.3000     3.0453    80.5804    30.0
20230620.1900     0.3038     3.0791    79.3078    30.0
20230620.2000     0.3114     3.0996    79.6808    30.0
20230620.2100     0.3160     3.1298    79.3133    30.0
20230620.2200     0.3100     3.2267    77.5085    30.0
20230620.2300     0.3144     3.2514    76.4937    30.0
20230621.0000     0.3204     3.3101    75.3747    30.0
20230621.0100     0.3277     3.3736    74.7274    30.0
20230621.0200     0.3426     3.3979    77.2946    30.0
20230621.0300     0.3498     3.4557    77.0478    30.0
20230621.0400     0.3545     3.5261    76.1482    30.0
20230621.0500     0.3569     3.6043    74.6671    30.0
20230621.0600     0.3584     3.6792    73.1037    30.0
20230621.0700     0.3616     3.7298    71.5294    30.0
20230621.0800     0.3678     3.7366    69.3737    30.0
20230621.0900     0.3691     3.7751    68.4740    30.0
20230621.1000     0.3665     3.8270    66.4280    30.0
20230621.1100     0.3656     3.8629    66.4225    30.0
20230621.1200     0.3657     3.8724    66.9765    30.0
20230621.1300     0.3695     3.8381    68.6606    30.0
20230621.1400     0.3792     3.7588    72.6430    30.0
20230621.1500     0.3887     3.6876    77.1520    30.0
20230621.1600     0.3938     3.6458    80.3719    30.0
20230621.1700     0.3894     3.6619    80.1361    30.0
20230621.1800     0.3831     3.7003    78.1119    30.0
20230621.1900     0.3792     3.7341    75.5832    30.0
20230621.2000     0.3798     3.7570    73.2957    30.0
20230621.2100     0.3837     3.7767    71.3045    30.0
20230621.2200     0.3857     3.8259    69.8619    30.0
20230621.2300     0.3965     3.8245    68.9952    30.0
20230622.0000     0.4057     3.8451    68.1175    30.0
20230622.0100     0.4130     3.8873    67.1521    30.0
20230622.0200     0.4202     3.9288    66.4499    30.0
20230622.0300     0.4278     3.9638    66.1208    30.0
20230622.0400     0.4349     3.9946    65.9837    30.0
20230622.0500     0.4399     4.0336    65.4625    30.0
20230622.0600     0.4444     4.0691    64.8811    30.0
20230622.0700     0.4494     4.0909    64.3874    30.0
20230622.0800     0.4537     4.1099    63.7840    30.0
20230622.0900     0.4572     4.1239    63.1258    30.0
20230622.1000     0.4699     4.0532    61.6721    30.0
20230622.1100     0.4925     4.0462    61.6282    30.0
20230622.1200     0.4932     4.0590    61.6611    30.0
20230622.1300     0.4874     4.1058    61.8696    30.0
20230622.1400     0.4812     4.1425    62.3962    30.0
20230622.1500     0.4811     4.1252    64.0692    30.0
20230622.1600     0.4846     4.0823    66.8723    30.0
20230622.1700     0.4812     4.0748    67.9858    30.0
20230622.1800     0.4759     4.0806    68.6935    30.0
20230622.1900     0.4683     4.1014    68.6770    30.0
20230622.2000     0.4606     4.1222    68.5015    30.0
20230622.2100     0.4534     4.1404    68.2601    30.0
20230622.2200     0.4473     4.1506    69.2310    30.0
20230622.2300     0.4420     4.1514    68.9952    30.0
20230623.0000     0.4359     4.1617    68.4466    30.0
20230623.0100     0.4299     4.1715    67.7390    30.0
20230623.0200     0.4254     4.1713    67.1795    30.0
20230623.0300     0.4221     4.1617    66.6748    30.0
20230623.0400     0.4214     4.1348    66.3238    30.0
20230623.0500     0.4219     4.1035    65.7917    30.0
20230623.0600     0.4241     4.0635    65.1883    30.0
20230623.0700     0.4285     4.0095    64.9414    30.0
20230623.0800     0.4321     3.9670    65.1444    30.0
20230623.0900     0.4311     3.9605    65.4296    30.0
20230623.1000     0.4256     3.9750    65.8026    30.0
20230623.1100     0.4187     4.0040    65.8136    30.0
20230623.1200     0.4104     4.0387    65.9288    30.0
20230623.1300     0.4040     4.0467    66.4773    30.0
20230623.1400     0.3989     4.0366    67.3879    30.0
20230623.1500     0.3977     3.9914    69.5656    30.0
20230623.1600     0.3953     3.9517    71.6611    30.0
20230623.1700     0.4022     3.8524    76.9216    30.0
20230623.1800     0.3966     3.8253    78.7976    30.0
20230623.1900     0.3878     3.8229    79.7247    30.0
20230623.2000     0.3792     3.8177    80.5584    30.0
20230623.2100     0.3719     3.8008    81.7707    30.0
20230623.2200     0.3589     3.8340    82.8952    30.0
20230623.2300     0.3828     4.0064    83.1531    30.0
20230624.0000     0.3777     4.0651    81.7927    30.0
20230624.0100     0.3703     4.1195    80.2897    30.0
20230624.0200     0.3629     4.1409    79.0554    30.0
20230624.0300     0.3548     4.1397    77.9254    30.0
20230624.0400     0.3469     4.1166    76.8064    30.0
20230624.0500     0.3397     4.0771    75.7587    30.0
20230624.0600     0.3317     4.0416    74.6726    30.0
20230624.0700     0.3264     3.9762    73.5042    30.0
20230624.0800     0.3209     3.9128    72.1932    30.0
20230624.0900     0.3154     3.8590    70.8876    30.0
20230624.1000     0.3122     3.7796    67.1959    30.0
20230624.1100     0.3147     3.6726    65.9014    30.0
20230624.1200     0.3102     3.6427    65.7588    30.0
20230624.1300     0.3045     3.6328    66.3238    30.0
20230624.1400     0.3061     3.5450    68.6989    30.0
20230624.1500     0.3068     3.4856    71.2990    30.0
20230624.1600     0.3028     3.4730    71.9354    30.0
20230624.1700     0.2974     3.4807    71.7434    30.0
20230624.1800     0.2935     3.4863    71.7598    30.0
20230624.1900     0.2956     3.4513    74.0418    30.0
20230624.2000     0.3020     3.3982    78.1174    30.0
20230624.2100     0.3057     3.3701    81.1180    30.0
20230624.2200     0.2967     3.4338    82.6210    30.0
20230624.2300     0.2949     3.4408    81.9627    30.0
20230625.0000     0.2961     3.4298    82.6319    30.0
20230625.0100     0.2956     3.4302    82.7416    30.0
20230625.0200     0.2943     3.4367    82.4399    30.0
20230625.0300     0.2919     3.4498    81.5294    30.0
20230625.0400     0.2896     3.4583    80.2677    30.0
20230625.0500     0.2903     3.4398    78.8470    30.0
20230625.0600     0.2986     3.3750    77.4976    30.0
20230625.0700     0.3094     3.2987    74.2667    30.0
20230625.0800     0.3289     3.1975    69.2585    30.0
20230625.0900     0.3446     3.1382    65.8081    30.0
20230625.1000     0.3891     3.0644    58.3863    30.0
20230625.1100     0.3854     3.1174    58.7758    30.0
20230625.1200     0.3657     3.1980    60.4050    30.0
20230625.1300     0.3521     3.2273    62.6321    30.0
20230625.1400     0.3380     3.2703    64.0473    30.0
20230625.1500     0.3247     3.3278    64.7275    30.0
20230625.1600     0.3142     3.3819    65.2706    30.0
20230625.1700     0.3062     3.4318    65.7258    30.0
20230625.1800     0.3000     3.4774    66.0989    30.0
20230625.1900     0.2950     3.5210    66.3951    30.0
20230625.2000     0.2908     3.5630    66.6309    30.0
20230625.2100     0.2873     3.6023    66.8339    30.0
20230625.2200     0.2728     3.7703    66.7845    30.0
20230625.2300     0.2722     3.7792    67.0588    30.0
20230626.0000     0.2769     3.7001    67.8871    30.0
20230626.0100     0.2843     3.5958    70.1800    30.0
20230626.0200     0.2820     3.6060    70.4049    30.0
20230626.0300     0.2776     3.6421    70.3171    30.0
20230626.0400     0.2728     3.6815    70.2074    30.0
20230626.0500     0.2680     3.7181    70.1197    30.0
20230626.0600     0.2633     3.7507    70.0374    30.0
20230626.0700     0.2586     3.7778    69.9496    30.0
20230626.0800     0.2660     3.6312    68.0791    30.0
20230626.0900     0.2652     3.6040    67.4812    30.0
20230626.1000     0.2596     3.6383    65.4132    30.0
20230626.1100     0.2530     3.6718    66.1208    30.0
20230626.1200     0.2472     3.6981    66.9491    30.0
20230626.1300     0.2540     3.5423    70.4927    30.0
20230626.1400     0.2682     3.3725    81.9792    30.0
20230626.1500     0.2842     3.2649    96.2577    30.0
20230626.1600     0.2905     3.2068   103.7124    30.0
20230626.1700     0.3061     3.1235   115.0289    30.0
20230626.1800     0.3178     3.0578   124.2883    30.0
20230626.1900     0.3246     3.0355   130.4923    30.0
20230626.2000     0.3336     3.0160   136.8609    30.0
20230626.2100     0.3408     2.9996   142.1598    30.0
20230626.2200     0.3334     3.0267   143.4270    30.0
20230626.2300     0.3348     3.0149   145.2152    30.0
20230627.0000     0.3374     3.0002   147.9415    30.0
20230627.0100     0.3388     2.9914   150.0095    30.0
20230627.0200     0.3431     2.9763   151.3589    30.0
20230627.0300     0.3366     2.9889   149.6365    30.0
20230627.0400     0.3241     3.0081   145.5443    30.0
20230627.0500     0.3043     3.0450   139.4116    30.0
20230627.0600     0.2863     3.0670   132.0392    30.0
20230627.0700     0.2747     3.0616   122.9169    30.0
20230627.0800     0.2649     3.0478   113.9702    30.0
20230627.0900     0.2563     3.0455   107.5358    30.0
20230627.1000     0.2402     3.0970   103.0871    30.0
20230627.1100     0.2426     3.0378   105.2868    30.0
20230627.1200     0.2760     2.8879   122.0502    30.0
20230627.1300     0.3251     2.8086   142.5328    30.0
20230627.1400     0.3703     2.7992   156.6688    30.0
20230627.1500     0.4062     2.8252   165.6923    30.0
20230627.1600     0.4327     2.8659   170.5524    30.0
20230627.1700     0.4569     2.9114   173.3116    30.0
20230627.1800     0.4751     2.9517   174.3648    30.0
20230627.1900     0.4819     2.9745   175.1492    30.0
20230627.2000     0.4768     2.9885   175.5057    30.0
20230627.2100     0.4642     2.9954   174.8694    30.0
20230627.2200     0.4321     3.0072   172.4394    30.0
20230627.2300     0.4119     2.9869   170.2452    30.0
20230628.0000     0.4058     2.9532   168.4954    30.0
20230628.0100     0.4022     2.9330   166.8607    30.0
20230628.0200     0.3929     2.9278   164.5075    30.0
20230628.0300     0.3748     2.9350   160.8816    30.0
20230628.0400     0.3495     2.9592   155.4126    30.0
20230628.0500     0.3214     3.0139   146.9376    30.0
20230628.0600     0.3023     3.0566   135.3743    30.0
20230628.0700     0.2939     3.0815   120.2400    30.0
20230628.0800     0.2890     3.1107   106.6910    30.0
20230628.0900     0.2874     3.1667    96.1316    30.0
20230628.1000     0.2750     3.3146    88.9621    30.0
20230628.1100     0.2766     3.3641    86.0439    30.0
20230628.1200     0.2923     3.3110    90.5639    30.0
20230628.1300     0.3410     3.1635   112.2478    30.0
20230628.1400     0.3985     3.0684   136.3233    30.0
20230628.1500     0.4434     3.0507   150.3057    30.0
20230628.1600     0.4691     3.0851   155.5223    30.0
20230628.1700     0.4756     3.1365   155.5607    30.0
20230628.1800     0.4692     3.1804   153.0265    30.0
20230628.1900     0.4586     3.2062   149.6529    30.0
20230628.2000     0.4476     3.2218   145.7692    30.0
20230628.2100     0.4372     3.2348   141.8417    30.0
20230628.2200     0.4199     3.2707   138.1555    30.0
20230628.2300     0.4086     3.2788   135.9064    30.0
20230629.0000     0.4051     3.2628   135.9174    30.0
20230629.0100     0.4047     3.2498   135.9997    30.0
20230629.0200     0.4029     3.2524   134.6228    30.0
20230629.0300     0.3960     3.2732   130.6733    30.0
20230629.0400     0.3886     3.2939   126.0656    30.0
20230629.0500     0.3743     3.3470   119.5544    30.0
20230629.0600     0.3566     3.4186   111.8857    30.0
20230629.0700     0.3379     3.5096   104.2390    30.0
20230629.0800     0.3227     3.5909    97.7059    30.0
20230629.0900     0.3107     3.6565    92.6044    30.0
20230629.1000     0.2947     3.7732    86.8941    30.0
20230629.1100     0.2913     3.7714    84.7219    30.0
20230629.1200     0.3001     3.6563    88.0077    30.0
20230629.1300     0.3304     3.4335   103.6905    30.0
20230629.1400     0.3805     3.2347   132.4835    30.0
20230629.1500     0.4217     3.1450   151.0133    30.0
20230629.1600     0.4666     3.1048   164.0193    30.0
20230629.1700     0.4996     3.1162   170.1958    30.0
20230629.1800     0.5179     3.1467   173.0318    30.0
20230629.1900     0.5269     3.1600   174.2496    30.0
20230629.2000     0.5314     3.1648   175.0669    30.0
20230629.2100     0.5292     3.1758   175.1492    30.0
20230629.2200     0.4849     3.2249   172.2584    30.0
20230629.2300     0.4565     3.2249   169.1591    30.0
20230630.0000     0.4323     3.2188   165.7252    30.0
20230630.0100     0.4092     3.2172   161.4137    30.0
20230630.0200     0.3878     3.2158   156.4274    30.0
20230630.0300     0.3635     3.2356   150.0204    30.0
20230630.0400     0.3397     3.2678   141.1450    30.0
20230630.0500     0.3174     3.3105   130.9586    30.0
20230630.0600     0.3009     3.3399   119.7299    30.0
20230630.0700     0.2910     3.3431   107.5687    30.0
20230630.0800     0.2909     3.2845    94.5298    30.0
20230630.0900     0.2849     3.2969    86.9215    30.0
20230630.1000     0.2709     3.3850    80.0538    30.0
20230630.1100     0.2660     3.4131    78.7537    30.0
20230630.1200     0.2656     3.4089    79.0335    30.0
20230630.1300     0.2779     3.3194    85.4953    30.0
20230630.1400     0.3048     3.1709   100.2566    30.0
20230630.1500     0.3357     3.0800   119.5873    30.0
20230630.1600     0.3599     3.0294   137.2668    30.0
20230630.1700     0.3827     3.0059   151.2492    30.0
20230630.1800     0.4078     3.0045   160.6457    30.0
20230630.1900     0.4255     3.0207   164.8421    30.0
20230630.2000     0.4318     3.0481   165.8569    30.0
20230630.2100     0.4288     3.0762   165.2754    30.0
20230630.2200     0.4101     3.1152   163.8657    30.0
20230630.2300     0.4075     3.1038   163.4488    30.0
