TPAR
20230501.0000     0.1510     2.3903    42.6541    30.0
20230501.0100     0.1475     2.4077    38.6498    30.0
20230501.0200     0.1445     2.4192    34.5028    30.0
20230501.0300     0.1673     2.3139   358.7794    30.0
20230501.0400     0.1688     2.3330   342.9814    30.0
20230501.0500     0.1716     2.3483   331.7472    30.0
20230501.0600     0.1869     2.3209   327.3973    30.0
20230501.0700     0.2043     2.3670   317.3480    30.0
20230501.0800     0.1991     2.3788   315.9273    30.0
20230501.0900     0.1937     2.3816   311.4457    30.0
20230501.1000     0.2026     2.4209   289.0102    30.0
20230501.1100     0.1939     2.4502   289.6411    30.0
20230501.1200     0.1857     2.4712   291.3361    30.0
20230501.1300     0.1783     2.4894   293.0695    30.0
20230501.1400     0.1816     2.4042   291.7255    30.0
20230501.1500     0.1944     2.3414   264.9457    30.0
20230501.1600     0.1970     2.3336   255.0554    30.0
20230501.1700     0.1912     2.3378   263.7224    30.0
20230501.1800     0.1851     2.3465   266.6900    30.0
20230501.1900     0.1806     2.3420   265.2419    30.0
20230501.2000     0.1805     2.3405   240.3545    30.0
20230501.2100     0.1836     2.3478   203.7996    30.0
20230501.2200     0.1756     2.3456   144.9464    30.0
20230501.2300     0.1874     2.3629   104.9686    30.0
20230502.0000     0.1862     2.3626    90.6736    30.0
20230502.0100     0.1789     2.3641    84.1404    30.0
20230502.0200     0.1728     2.3591    81.1783    30.0
20230502.0300     0.1686     2.3394    74.7549    30.0
20230502.0400     0.1730     2.2800    60.2733    30.0
20230502.0500     0.1822     2.2949    47.0150    30.0
20230502.0600     0.2083     2.3443    42.5993    30.0
20230502.0700     0.2180     2.3601    38.1945    30.0
20230502.0800     0.2517     2.4409    49.5658    30.0
20230502.0900     0.2460     2.4752    53.8883    30.0
20230502.1000     0.2293     2.5002    58.1944    30.0
20230502.1100     0.2209     2.5156    59.0501    30.0
20230502.1200     0.2199     2.5148    64.3216    30.0
20230502.1300     0.2274     2.5163    75.0072    30.0
20230502.1400     0.2213     2.5200    76.2195    30.0
20230502.1500     0.2156     2.5256    76.6528    30.0
20230502.1600     0.2159     2.5243    80.4103    30.0
20230502.1700     0.2139     2.5288    81.8640    30.0
20230502.1800     0.2090     2.5431    81.9517    30.0
20230502.1900     0.2026     2.5638    81.0137    30.0
20230502.2000     0.1989     2.5708    81.5623    30.0
20230502.2100     0.1999     2.5638    84.4147    30.0
20230502.2200     0.1909     2.5617    94.6450    30.0
20230502.2300     0.1937     2.5590    96.5265    30.0
20230503.0000     0.2109     2.5318    97.0202    30.0
20230503.0100     0.2194     2.5410    95.6598    30.0
20230503.0200     0.2181     2.5650    95.1003    30.0
20230503.0300     0.2164     2.5958    92.7800    30.0
20230503.0400     0.2201     2.6007    87.1739    30.0
20230503.0500     0.2212     2.6168    81.3703    30.0
20230503.0600     0.2338     2.6228    69.0116    30.0
20230503.0700     0.2350     2.6595    63.9486    30.0
20230503.0800     0.2687     2.6770    54.8428    30.0
20230503.0900     0.2680     2.7366    56.3567    30.0
20230503.1000     0.2560     2.8136    60.3282    30.0
20230503.1100     0.2541     2.8299    61.7928    30.0
20230503.1200     0.2490     2.8728    62.8954    30.0
20230503.1300     0.2428     2.9244    63.1641    30.0
20230503.1400     0.2385     2.9649    63.7675    30.0
20230503.1500     0.2349     3.0063    64.4971    30.0
20230503.1600     0.2289     3.0822    64.3161    30.0
20230503.1700     0.2295     3.0783    65.0895    30.0
20230503.1800     0.2323     3.0705    68.8087    30.0
20230503.1900     0.2291     3.1219    68.7703    30.0
20230503.2000     0.2401     3.0697    80.5530    30.0
20230503.2100     0.2416     3.1021    85.4021    30.0
20230503.2200     0.2358     3.1846    92.5386    30.0
20230503.2300     0.2340     3.2293    91.0411    30.0
20230504.0000     0.2394     3.2273    91.3318    30.0
20230504.0100     0.2353     3.2910    89.4613    30.0
20230504.0200     0.2340     3.3091    88.0241    30.0
20230504.0300     0.2277     3.4147    85.7202    30.0
20230504.0400     0.2226     3.5108    83.5425    30.0
20230504.0500     0.2200     3.5741    81.2990    30.0
20230504.0600     0.2191     3.6158    79.0829    30.0
20230504.0700     0.2436     3.2802    60.8877    30.0
20230504.0800     0.2510     3.2421    56.8285    30.0
20230504.0900     0.2457     3.3025    57.4264    30.0
20230504.1000     0.2230     3.5895    57.8049    30.0
20230504.1100     0.2379     3.3444    66.4773    30.0
20230504.1200     0.2394     3.3402    72.0725    30.0
20230504.1300     0.2405     3.3447    77.3440    30.0
20230504.1400     0.2482     3.2973    86.4553    30.0
20230504.1500     0.2432     3.3304    86.0329    30.0
20230504.1600     0.2383     3.3544    84.6561    30.0
20230504.1700     0.2339     3.3798    84.3434    30.0
20230504.1800     0.2307     3.3889    85.1223    30.0
20230504.1900     0.2285     3.3787    86.5705    30.0
20230504.2000     0.2246     3.3904    86.7296    30.0
20230504.2100     0.2247     3.3682    91.4690    30.0
20230504.2200     0.2327     3.3022   105.6488    30.0
20230504.2300     0.2350     3.2628   101.8309    30.0
20230505.0000     0.2391     3.2272    99.6477    30.0
20230505.0100     0.2332     3.2457    98.3258    30.0
20230505.0200     0.2302     3.2410    98.5616    30.0
20230505.0300     0.2242     3.2710    97.5633    30.0
20230505.0400     0.2236     3.2166    95.2539    30.0
20230505.0500     0.2193     3.2266    92.3741    30.0
20230505.0600     0.2179     3.2056    88.4849    30.0
20230505.0700     0.2191     3.1757    81.3648    30.0
20230505.0800     0.2128     3.2431    79.8234    30.0
20230505.0900     0.2097     3.2703    78.3698    30.0
20230505.1000     0.2162     3.1461    82.6265    30.0
20230505.1100     0.2225     3.1123    86.7405    30.0
20230505.1200     0.2219     3.1477    85.3308    30.0
20230505.1300     0.2218     3.1718    84.0417    30.0
20230505.1400     0.2214     3.1821    82.0121    30.0
20230505.1500     0.2172     3.2635    79.5820    30.0
20230505.1600     0.2184     3.2499    78.3094    30.0
20230505.1700     0.2294     3.1482    86.7350    30.0
20230505.1800     0.2292     3.1590    86.1262    30.0
20230505.1900     0.2260     3.1973    84.0527    30.0
20230505.2000     0.2257     3.2151    86.2743    30.0
20230505.2100     0.2254     3.2006    85.3033    30.0
20230505.2200     0.2399     3.1387   120.6734    30.0
20230505.2300     0.2386     3.1595   122.8511    30.0
20230506.0000     0.2340     3.1939   119.7080    30.0
20230506.0100     0.2268     3.2628   114.7052    30.0
20230506.0200     0.2207     3.3199   109.1046    30.0
20230506.0300     0.2156     3.3615   103.2956    30.0
20230506.0400     0.2127     3.3678    96.8282    30.0
20230506.0500     0.2092     3.3923    91.8200    30.0
20230506.0600     0.2142     3.2611    83.2463    30.0
20230506.0700     0.2207     3.1549    66.4225    30.0
20230506.0800     0.2183     3.1550    63.3397    30.0
20230506.0900     0.2128     3.1967    63.6688    30.0
20230506.1000     0.1902     3.4233    68.6167    30.0
20230506.1100     0.1880     3.4425    69.6918    30.0
20230506.1200     0.1856     3.4591    70.5091    30.0
20230506.1300     0.1834     3.4758    71.0906    30.0
20230506.1400     0.1812     3.4915    71.5020    30.0
20230506.1500     0.1894     3.2866    75.5557    30.0
20230506.1600     0.1972     3.1620    84.1953    30.0
20230506.1700     0.1924     3.2166    82.7087    30.0
20230506.1800     0.1888     3.2517    81.4471    30.0
20230506.1900     0.2005     3.1067    91.9188    30.0
20230506.2000     0.2041     3.0857    95.7915    30.0
20230506.2100     0.2025     3.1005    96.1700    30.0
20230506.2200     0.1890     3.2151    96.4991    30.0
20230506.2300     0.1872     3.2258    93.8990    30.0
20230507.0000     0.1883     3.1749    91.2715    30.0
20230507.0100     0.1861     3.1939    88.9347    30.0
20230507.0200     0.1812     3.2639    86.6308    30.0
20230507.0300     0.1768     3.3340    84.4476    30.0
20230507.0400     0.1737     3.3771    82.5551    30.0
20230507.0500     0.1721     3.3964    80.3774    30.0
20230507.0600     0.1823     3.1823    76.5212    30.0
20230507.0700     0.1819     3.1857    73.8169    30.0
20230507.0800     0.1803     3.2106    71.9902    30.0
20230507.0900     0.1772     3.2690    71.2990    30.0
20230507.1000     0.1526     3.8525    72.3413    30.0
20230507.1100     0.1531     3.8361    71.8860    30.0
20230507.1200     0.1532     3.8271    71.3868    30.0
20230507.1300     0.1543     3.7927    71.2222    30.0
20230507.1400     0.1893     3.0896    98.5781    30.0
20230507.1500     0.1999     3.0326   113.3942    30.0
20230507.1600     0.1958     3.0653   109.9987    30.0
20230507.1700     0.1955     3.0419   106.9982    30.0
20230507.1800     0.1935     3.0468   102.5386    30.0
20230507.1900     0.1928     3.0402    97.7114    30.0
20230507.2000     0.1965     2.9940    95.5611    30.0
20230507.2100     0.1944     3.0163    93.3944    30.0
20230507.2200     0.1741     3.2258    90.0976    30.0
20230507.2300     0.1732     3.2539    87.1026    30.0
20230508.0000     0.1723     3.2881    84.7987    30.0
20230508.0100     0.1704     3.3388    82.5003    30.0
20230508.0200     0.1690     3.3858    80.3226    30.0
20230508.0300     0.1679     3.4292    78.2655    30.0
20230508.0400     0.1679     3.4442    75.8465    30.0
20230508.0500     0.1699     3.4307    73.3670    30.0
20230508.0600     0.1808     3.2079    66.1537    30.0
20230508.0700     0.1961     3.0583    42.0946    30.0
20230508.0800     0.1954     3.0722    41.2992    30.0
20230508.0900     0.1919     3.1294    43.1478    30.0
20230508.1000     0.1677     3.4281    52.1330    30.0
20230508.1100     0.1666     3.4772    53.9761    30.0
20230508.1200     0.1656     3.5273    55.3529    30.0
20230508.1300     0.1651     3.5644    56.5323    30.0
20230508.1400     0.1641     3.6140    57.2783    30.0
20230508.1500     0.1632     3.6581    57.7775    30.0
20230508.1600     0.1640     3.6606    58.6880    30.0
20230508.1700     0.1644     3.6649    59.2476    30.0
20230508.1800     0.1634     3.7082    58.9075    30.0
20230508.1900     0.1625     3.7456    58.4577    30.0
20230508.2000     0.1616     3.7790    57.9201    30.0
20230508.2100     0.1608     3.8066    57.2947    30.0
20230508.2200     0.1598     3.6695    70.0758    30.0
20230508.2300     0.1605     3.6597    69.4285    30.0
20230509.0000     0.1590     3.7019    67.8323    30.0
20230509.0100     0.1571     3.7490    66.2031    30.0
20230509.0200     0.1552     3.7827    64.7878    30.0
20230509.0300     0.1539     3.7985    63.4220    30.0
20230509.0400     0.1525     3.8144    61.8970    30.0
20230509.0500     0.1513     3.8169    60.2404    30.0
20230509.0600     0.1501     3.8163    58.6771    30.0
20230509.0700     0.1501     3.7867    57.2618    30.0
20230509.0800     0.1646     3.3829    45.7150    30.0
20230509.0900     0.1640     3.3738    45.9234    30.0
20230509.1000     0.1507     3.5459    43.1862    30.0
20230509.1100     0.1501     3.5533    46.8944    30.0
20230509.1200     0.1505     3.5217    50.1747    30.0
20230509.1300     0.1521     3.4626    53.1697    30.0
20230509.1400     0.1651     3.1306    60.2898    30.0
20230509.1500     0.1837     2.9060    75.5557    30.0
20230509.1600     0.2007     2.8389    83.0159    30.0
20230509.1700     0.2239     2.7980    89.0115    30.0
20230509.1800     0.2404     2.7723    90.6626    30.0
20230509.1900     0.2634     2.7535    93.6522    30.0
20230509.2000     0.2934     2.7554    98.7810    30.0
20230509.2100     0.3127     2.7633    99.7081    30.0
20230509.2200     0.3121     2.8277   101.2330    30.0
20230509.2300     0.3228     2.8525    99.7574    30.0
20230510.0000     0.3384     2.8703    97.8101    30.0
20230510.0100     0.3487     2.9111    94.8535    30.0
20230510.0200     0.3576     2.9703    91.4361    30.0
20230510.0300     0.3733     3.0342    87.9747    30.0
20230510.0400     0.4042     3.0941    85.5941    30.0
20230510.0500     0.4418     3.1839    83.5699    30.0
20230510.0600     0.4766     3.2991    81.3813    30.0
20230510.0700     0.5039     3.4263    79.0445    30.0
20230510.0800     0.5317     3.5387    76.8448    30.0
20230510.0900     0.5830     3.5739    77.5799    30.0
20230510.1000     0.6170     3.6382    78.2984    30.0
20230510.1100     0.6298     3.7246    78.9512    30.0
20230510.1200     0.6234     3.8275    78.8689    30.0
20230510.1300     0.6115     3.9061    79.0500    30.0
20230510.1400     0.6038     3.9271    80.1361    30.0
20230510.1500     0.5990     3.9067    81.9463    30.0
20230510.1600     0.5965     3.8756    83.1201    30.0
20230510.1700     0.5882     3.8749    82.8952    30.0
20230510.1800     0.5793     3.8732    82.4180    30.0
20230510.1900     0.5813     3.7922    83.6742    30.0
20230510.2000     0.5910     3.7187    84.3050    30.0
20230510.2100     0.6071     3.6652    84.9029    30.0
20230510.2200     0.6054     3.6653    83.8332    30.0
20230510.2300     0.6093     3.6710    81.2770    30.0
20230511.0000     0.5991     3.7012    79.2255    30.0
20230511.0100     0.5834     3.7141    78.0845    30.0
20230511.0200     0.5668     3.7079    76.9106    30.0
20230511.0300     0.5575     3.6749    75.8081    30.0
20230511.0400     0.5361     3.6776    74.0966    30.0
20230511.0500     0.5155     3.6656    73.0544    30.0
20230511.0600     0.5196     3.5804    73.4877    30.0
20230511.0700     0.5281     3.5259    76.3292    30.0
20230511.0800     0.5192     3.5150    79.0993    30.0
20230511.0900     0.5068     3.5019    80.8876    30.0
20230511.1000     0.5063     3.4585    85.2759    30.0
20230511.1100     0.5174     3.4011    91.3263    30.0
20230511.1200     0.5481     3.3452    96.3455    30.0
20230511.1300     0.5836     3.3421    98.1612    30.0
20230511.1400     0.5993     3.3877    97.9527    30.0
20230511.1500     0.5833     3.4603    96.4991    30.0
20230511.1600     0.5601     3.5247    94.6999    30.0
20230511.1700     0.5427     3.5712    92.8513    30.0
20230511.1800     0.5273     3.6165    91.0850    30.0
20230511.1900     0.5155     3.6536    89.9330    30.0
20230511.2000     0.5089     3.6673    90.0482    30.0
20230511.2100     0.5065     3.6656    91.0466    30.0
20230511.2200     0.4950     3.7069    90.8875    30.0
20230511.2300     0.4871     3.7273    90.0757    30.0
20230512.0000     0.4825     3.7333    89.7027    30.0
20230512.0100     0.4727     3.7710    88.4355    30.0
20230512.0200     0.4623     3.8224    86.4333    30.0
20230512.0300     0.4577     3.8568    84.2995    30.0
20230512.0400     0.4626     3.8611    82.4125    30.0
20230512.0500     0.4742     3.8569    80.2403    30.0
20230512.0600     0.4879     3.8597    77.7554    30.0
20230512.0700     0.5008     3.8716    75.7477    30.0
20230512.0800     0.5057     3.9376    73.8169    30.0
20230512.0900     0.5044     4.0297    72.0999    30.0
20230512.1000     0.5060     4.0717    71.6227    30.0
20230512.1100     0.5825     4.4168    71.5569    30.0
20230512.1200     0.5592     4.3346    71.4307    30.0
20230512.1300     0.5406     4.3129    71.1180    30.0
20230512.1400     0.5271     4.3222    70.6518    30.0
20230512.1500     0.5183     4.3400    70.4159    30.0
20230512.1600     0.5130     4.3531    70.6792    30.0
20230512.1700     0.5066     4.3853    70.7176    30.0
20230512.1800     0.4997     4.4160    70.8712    30.0
20230512.1900     0.4902     4.4688    70.5750    30.0
20230512.2000     0.4811     4.5176    70.3775    30.0
20230512.2100     0.4713     4.5711    70.1361    30.0
20230512.2200     0.4586     4.6472    70.2623    30.0
20230512.2300     0.4519     4.6522    70.6847    30.0
20230513.0000     0.4488     4.6111    72.5333    30.0
20230513.0100     0.4563     4.4629    78.0845    30.0
20230513.0200     0.4523     4.4182    80.5968    30.0
20230513.0300     0.4391     4.4689    80.4213    30.0
20230513.0400     0.4232     4.5561    78.7812    30.0
20230513.0500     0.4102     4.6099    77.3001    30.0
20230513.0600     0.3958     4.7023    75.6819    30.0
20230513.0700     0.3832     4.7757    74.3325    30.0
20230513.0800     0.3723     4.8341    73.2683    30.0
20230513.0900     0.3628     4.8805    72.4400    30.0
20230513.1000     0.3455     5.0816    71.1509    30.0
20230513.1100     0.3401     5.0754    70.7944    30.0
20230513.1200     0.3354     5.0675    70.5695    30.0
20230513.1300     0.3436     4.7786    73.7620    30.0
20230513.1400     0.3509     4.5830    78.4191    30.0
20230513.1500     0.3696     4.2899    88.0790    30.0
20230513.1600     0.4077     3.9232   104.2939    30.0
20230513.1700     0.4493     3.6752   118.3201    30.0
20230513.1800     0.4865     3.5466   127.3930    30.0
20230513.1900     0.5196     3.4810   132.4396    30.0
20230513.2000     0.5443     3.4563   135.2262    30.0
20230513.2100     0.5570     3.4618   136.6579    30.0
20230513.2200     0.5502     3.4772   135.9393    30.0
20230513.2300     0.6043     3.6144   135.7090    30.0
20230514.0000     0.6008     3.6357   135.3634    30.0
20230514.0100     0.5917     3.6620   135.7254    30.0
20230514.0200     0.5723     3.6981   135.6870    30.0
20230514.0300     0.5421     3.7515   134.6887    30.0
20230514.0400     0.5075     3.8197   132.6207    30.0
20230514.0500     0.4705     3.9143   129.4446    30.0
20230514.0600     0.4342     4.0391   125.1714    30.0
20230514.0700     0.4013     4.1844   120.0755    30.0
20230514.0800     0.3759     4.2919   114.5023    30.0
20230514.0900     0.3546     4.3892   108.9291    30.0
20230514.1000     0.3310     4.5365   102.3521    30.0
20230514.1100     0.3255     4.4440    94.5737    30.0
20230514.1200     0.3158     4.4311    89.5436    30.0
20230514.1300     0.3109     4.3425    85.9945    30.0
20230514.1400     0.3111     4.1793    85.6928    30.0
20230514.1500     0.3290     3.8808    94.6779    30.0
20230514.1600     0.3568     3.6243   107.3657    30.0
20230514.1700     0.3752     3.4735   115.2977    30.0
20230514.1800     0.3899     3.3950   120.6569    30.0
20230514.1900     0.4042     3.3295   124.4199    30.0
20230514.2000     0.4197     3.2779   126.3453    30.0
20230514.2100     0.4369     3.2382   127.6125    30.0
20230514.2200     0.4480     3.2263   129.1045    30.0
20230514.2300     0.4542     3.2227   130.0151    30.0
20230515.0000     0.4663     3.2027   131.4632    30.0
20230515.0100     0.4743     3.1820   133.8494    30.0
20230515.0200     0.4659     3.1800   134.8039    30.0
20230515.0300     0.4347     3.1975   134.0853    30.0
20230515.0400     0.3924     3.2266   132.3738    30.0
20230515.0500     0.3500     3.2698   130.3223    30.0
20230515.0600     0.3133     3.3123   127.9910    30.0
20230515.0700     0.2859     3.3168   125.1276    30.0
20230515.0800     0.2705     3.2415   118.9729    30.0
20230515.0900     0.2616     3.1745   106.2028    30.0
20230515.1000     0.2543     3.1335    82.9940    30.0
20230515.1100     0.2517     3.0777    71.7159    30.0
20230515.1200     0.2438     3.0981    67.3221    30.0
20230515.1300     0.2359     3.1068    64.8207    30.0
20230515.1400     0.2255     3.1425    63.3891    30.0
20230515.1500     0.2171     3.1563    62.5717    30.0
20230515.1600     0.2326     2.9392    76.4334    30.0
20230515.1700     0.2353     2.9024    88.1722    30.0
20230515.1800     0.2364     2.8778    96.1809    30.0
20230515.1900     0.2317     2.8749    98.0954    30.0
20230515.2000     0.2328     2.8677   103.7728    30.0
20230515.2100     0.2363     2.8574   107.0037    30.0
20230515.2200     0.2282     2.8771   106.0602    30.0
20230515.2300     0.2344     2.8559   104.3872    30.0
20230516.0000     0.2351     2.8394   103.6466    30.0
20230516.0100     0.2343     2.8330   103.4437    30.0
20230516.0200     0.2283     2.8478   102.7690    30.0
20230516.0300     0.2177     2.8849   101.0410    30.0
20230516.0400     0.2083     2.9114    99.3625    30.0
20230516.0500     0.2004     2.9214    97.0641    30.0
20230516.0600     0.1901     2.9790    94.1294    30.0
20230516.0700     0.1817     3.0260    91.1563    30.0
20230516.0800     0.1754     3.0599    88.0186    30.0
20230516.0900     0.1700     3.0893    85.1443    30.0
20230516.1000     0.1650     3.0090    74.5519    30.0
20230516.1100     0.1654     3.0071    71.6227    30.0
20230516.1200     0.1658     3.0112    69.4011    30.0
20230516.1300     0.1719     2.8968    68.6935    30.0
20230516.1400     0.1800     2.7926    69.4834    30.0
20230516.1500     0.1849     2.7604    70.4982    30.0
20230516.1600     0.1891     2.7373    74.0966    30.0
20230516.1700     0.2008     2.6998    83.3450    30.0
20230516.1800     0.2073     2.6873    89.6588    30.0
20230516.1900     0.2186     2.6850    98.3203    30.0
20230516.2000     0.2233     2.6862   100.9642    30.0
20230516.2100     0.2305     2.6777   103.9044    30.0
20230516.2200     0.2289     2.6759   109.2198    30.0
20230516.2300     0.2658     2.7790   111.7596    30.0
20230517.0000     0.2736     2.7623   111.7651    30.0
20230517.0100     0.2796     2.7661   113.9537    30.0
20230517.0200     0.2839     2.7665   117.2669    30.0
20230517.0300     0.2743     2.7914   118.0568    30.0
20230517.0400     0.2579     2.8251   116.5374    30.0
20230517.0500     0.2423     2.8479   113.5259    30.0
20230517.0600     0.2300     2.8437   110.3059    30.0
20230517.0700     0.2147     2.8853   106.8007    30.0
20230517.0800     0.2030     2.9108   102.7251    30.0
20230517.0900     0.2078     2.7731    94.3708    30.0
20230517.1000     0.1960     2.7716    82.9446    30.0
20230517.1100     0.1978     2.7514    75.6216    30.0
20230517.1200     0.2034     2.7201    72.6375    30.0
20230517.1300     0.2086     2.7033    71.6611    30.0
20230517.1400     0.2187     2.6941    70.9973    30.0
20230517.1500     0.2306     2.6965    71.5569    30.0
20230517.1600     0.2454     2.7117    76.3182    30.0
20230517.1700     0.2566     2.7357    80.0373    30.0
20230517.1800     0.2615     2.7594    82.5497    30.0
20230517.1900     0.2593     2.7947    82.9775    30.0
20230517.2000     0.2554     2.8218    83.7071    30.0
20230517.2100     0.2502     2.8424    84.5738    30.0
20230517.2200     0.2446     2.8673    89.6149    30.0
20230517.2300     0.2487     2.8465    93.0104    30.0
20230518.0000     0.2486     2.8281    94.5902    30.0
20230518.0100     0.2490     2.8099    96.3400    30.0
20230518.0200     0.2495     2.7980    98.2544    30.0
20230518.0300     0.2473     2.8068    98.9730    30.0
20230518.0400     0.2381     2.8587    97.1080    30.0
20230518.0500     0.2282     2.9140    93.9813    30.0
20230518.0600     0.2177     2.9986    90.6352    30.0
20230518.0700     0.2094     3.0710    87.4756    30.0
20230518.0800     0.2042     3.1153    84.2227    30.0
20230518.0900     0.1988     3.1733    81.6226    30.0
20230518.1000     0.1800     3.4122    76.3895    30.0
20230518.1100     0.1788     3.4321    74.5519    30.0
20230518.1200     0.1776     3.4408    73.1312    30.0
20230518.1300     0.1947     3.0968    76.8668    30.0
20230518.1400     0.2077     3.0095    84.8261    30.0
20230518.1500     0.2264     2.9323    94.6725    30.0
20230518.1600     0.2437     2.8798   102.2698    30.0
20230518.1700     0.2567     2.8424   107.5358    30.0
20230518.1800     0.2586     2.8306   108.4628    30.0
20230518.1900     0.2600     2.8201   108.5451    30.0
20230518.2000     0.2673     2.8008   110.0591    30.0
20230518.2100     0.2726     2.7922   111.0026    30.0
20230518.2200     0.2773     2.8061   112.6537    30.0
20230518.2300     0.2770     2.8232   110.5144    30.0
20230519.0000     0.2727     2.8468   108.5177    30.0
20230519.0100     0.2641     2.8769   106.4881    30.0
20230519.0200     0.2540     2.9073   104.9083    30.0
20230519.0300     0.2434     2.9425   102.6702    30.0
20230519.0400     0.2340     2.9748    99.7574    30.0
20230519.0500     0.2251     3.0057    96.2029    30.0
20230519.0600     0.2190     3.0197    92.2589    30.0
20230519.0700     0.2227     2.9482    85.1936    30.0
20230519.0800     0.2252     2.9456    77.1520    30.0
20230519.0900     0.2255     2.9540    73.9924    30.0
20230519.1000     0.2231     2.9742    65.5613    30.0
20230519.1100     0.2211     3.0122    64.6342    30.0
20230519.1200     0.2194     3.0432    64.2009    30.0
20230519.1300     0.2201     3.0460    64.7769    30.0
20230519.1400     0.2307     2.9874    66.5871    30.0
20230519.1500     0.2361     2.9698    67.8377    30.0
20230519.1600     0.2395     2.9704    68.8471    30.0
20230519.1700     0.2459     2.9579    71.5020    30.0
20230519.1800     0.2534     2.9458    75.0840    30.0
20230519.1900     0.2587     2.9481    76.9106    30.0
20230519.2000     0.2626     2.9656    77.5250    30.0
20230519.2100     0.2693     2.9793    79.5546    30.0
20230519.2200     0.2739     3.0055    83.2847    30.0
20230519.2300     0.2806     3.0359    83.2353    30.0
20230520.0000     0.2871     3.1635    80.8821    30.0
20230520.0100     0.2883     3.2589    78.2546    30.0
20230520.0200     0.2914     3.2964    77.2068    30.0
20230520.0300     0.2963     3.3058    78.0077    30.0
20230520.0400     0.2951     3.3360    77.3714    30.0
20230520.0500     0.2910     3.3819    75.6490    30.0
20230520.0600     0.2860     3.4250    73.8936    30.0
20230520.0700     0.2828     3.4409    72.3468    30.0
20230520.0800     0.2787     3.4744    70.7944    30.0
20230520.0900     0.2775     3.4782    69.5821    30.0
20230520.1000     0.2689     3.5525    67.6512    30.0
20230520.1100     0.2700     3.5277    66.7626    30.0
20230520.1200     0.2686     3.5516    66.2579    30.0
20230520.1300     0.2675     3.5697    65.8410    30.0
20230520.1400     0.2673     3.5818    65.4735    30.0
20230520.1500     0.2734     3.4825    65.3364    30.0
20230520.1600     0.2799     3.4027    66.5157    30.0
20230520.1700     0.2853     3.3663    68.9239    30.0
20230520.1800     0.2856     3.3764    69.1652    30.0
20230520.1900     0.2845     3.3963    69.0829    30.0
20230520.2000     0.2860     3.3897    70.3446    30.0
20230520.2100     0.2848     3.4008    70.4104    30.0
20230520.2200     0.2931     3.3483    76.2469    30.0
20230520.2300     0.2994     3.3179    77.7444    30.0
20230521.0000     0.3023     3.3094    78.3368    30.0
20230521.0100     0.3035     3.3186    78.2381    30.0
20230521.0200     0.3165     3.2756    81.7872    30.0
20230521.0300     0.3216     3.2921    81.2551    30.0
20230521.0400     0.3214     3.3719    79.0335    30.0
20230521.0500     0.3209     3.4671    76.2085    30.0
20230521.0600     0.3208     3.5634    73.7017    30.0
20230521.0700     0.3214     3.6557    71.5185    30.0
20230521.0800     0.3240     3.7239    69.6370    30.0
20230521.0900     0.3269     3.7794    68.0188    30.0
20230521.1000     0.3268     3.8523    65.2102    30.0
20230521.1100     0.3296     3.8837    64.8646    30.0
20230521.1200     0.3318     3.8986    64.9030    30.0
20230521.1300     0.3339     3.9037    65.0182    30.0
20230521.1400     0.3367     3.8920    65.2760    30.0
20230521.1500     0.3387     3.8705    65.2980    30.0
20230521.1600     0.3376     3.8822    65.1608    30.0
20230521.1700     0.3477     3.7562    70.1252    30.0
20230521.1800     0.3549     3.6849    74.9962    30.0
20230521.1900     0.3508     3.6911    75.6435    30.0
20230521.2000     0.3461     3.6993    76.0275    30.0
20230521.2100     0.3412     3.7070    76.4115    30.0
20230521.2200     0.3288     3.7917    76.9545    30.0
20230521.2300     0.3245     3.7966    76.3347    30.0
20230522.0000     0.3262     3.7509    78.0626    30.0
20230522.0100     0.3253     3.7292    79.3407    30.0
20230522.0200     0.3240     3.7120    80.3994    30.0
20230522.0300     0.3197     3.7308    80.0264    30.0
20230522.0400     0.3142     3.7681    78.6989    30.0
20230522.0500     0.3097     3.7970    77.0478    30.0
20230522.0600     0.3060     3.8255    75.3857    30.0
20230522.0700     0.3048     3.8383    73.7730    30.0
20230522.0800     0.3073     3.8113    72.2645    30.0
20230522.0900     0.3113     3.7792    71.1400    30.0
20230522.1000     0.3119     3.7795    66.8339    30.0
20230522.1100     0.3137     3.7938    66.4444    30.0
20230522.1200     0.3163     3.7926    66.4006    30.0
20230522.1300     0.3192     3.7888    66.6913    30.0
20230522.1400     0.3225     3.7816    67.0369    30.0
20230522.1500     0.3254     3.7732    67.2618    30.0
20230522.1600     0.3302     3.7466    67.9255    30.0
20230522.1700     0.3349     3.7158    69.0006    30.0
20230522.1800     0.3411     3.6698    71.5239    30.0
20230522.1900     0.3404     3.6741    72.2590    30.0
20230522.2000     0.3369     3.6950    72.2809    30.0
20230522.2100     0.3323     3.7180    72.0121    30.0
20230522.2200     0.3277     3.7354    74.5684    30.0
20230522.2300     0.3339     3.6588    78.7318    30.0
20230523.0000     0.3393     3.6498    80.8272    30.0
20230523.0100     0.3372     3.6628    81.1564    30.0
20230523.0200     0.3315     3.6917    80.5749    30.0
20230523.0300     0.3232     3.7386    79.0170    30.0
20230523.0400     0.3166     3.7568    77.2836    30.0
20230523.0500     0.3080     3.8214    75.6216    30.0
20230523.0600     0.3003     3.8843    74.0911    30.0
20230523.0700     0.3016     3.8000    71.6007    30.0
20230523.0800     0.2980     3.8036    69.8619    30.0
20230523.0900     0.2912     3.8650    69.2639    30.0
20230523.1000     0.2832     3.9147    67.3824    30.0
20230523.1100     0.2789     3.9602    67.1630    30.0
20230523.1200     0.2759     3.9883    66.9930    30.0
20230523.1300     0.2776     3.9135    67.2398    30.0
20230523.1400     0.2817     3.8039    68.8580    30.0
20230523.1500     0.2781     3.8314    68.5728    30.0
20230523.1600     0.2832     3.7249    71.5020    30.0
20230523.1700     0.2896     3.6350    75.7477    30.0
20230523.1800     0.2920     3.5892    77.9858    30.0
20230523.1900     0.2913     3.5677    78.8031    30.0
20230523.2000     0.2943     3.5175    81.3977    30.0
20230523.2100     0.3031     3.4340    86.3236    30.0
20230523.2200     0.2999     3.4324    89.2803    30.0
20230523.2300     0.3137     3.3318    93.7674    30.0
20230524.0000     0.3255     3.2468    96.6856    30.0
20230524.0100     0.3318     3.2023    97.7004    30.0
20230524.0200     0.3324     3.2044    97.0531    30.0
20230524.0300     0.3245     3.2570    93.7783    30.0
20230524.0400     0.3142     3.3245    89.3351    30.0
20230524.0500     0.3075     3.3706    84.8590    30.0
20230524.0600     0.3031     3.4116    80.9479    30.0
20230524.0700     0.3030     3.4257    77.1191    30.0
20230524.0800     0.3025     3.4455    74.5135    30.0
20230524.0900     0.3015     3.4674    73.2080    30.0
20230524.1000     0.2948     3.5270    71.1071    30.0
20230524.1100     0.2959     3.5434    70.7450    30.0
20230524.1200     0.3015     3.5096    71.2606    30.0
20230524.1300     0.3057     3.4815    72.2316    30.0
20230524.1400     0.3076     3.4811    72.8569    30.0
20230524.1500     0.3084     3.4904    73.1751    30.0
20230524.1600     0.3134     3.4657    75.4460    30.0
20230524.1700     0.3193     3.4378    78.2162    30.0
20230524.1800     0.3263     3.4057    81.5733    30.0
20230524.1900     0.3396     3.3488    87.3768    30.0
20230524.2000     0.3499     3.3021    91.3593    30.0
20230524.2100     0.3524     3.2998    92.6867    30.0
20230524.2200     0.3462     3.3523    93.2408    30.0
20230524.2300     0.3472     3.3703    93.3834    30.0
20230525.0000     0.3512     3.3695    95.1607    30.0
20230525.0100     0.3509     3.3932    96.1480    30.0
20230525.0200     0.3467     3.4348    96.0054    30.0
20230525.0300     0.3381     3.5045    94.2994    30.0
20230525.0400     0.3267     3.5952    91.2166    30.0
20230525.0500     0.3198     3.6386    88.0570    30.0
20230525.0600     0.3155     3.6654    84.6615    30.0
20230525.0700     0.3190     3.6369    79.4449    30.0
20230525.0800     0.3328     3.5441    73.0215    30.0
20230525.0900     0.3504     3.4577    69.2749    30.0
20230525.1000     0.3526     3.4784    66.4938    30.0
20230525.1100     0.3648     3.4786    66.1482    30.0
20230525.1200     0.3663     3.5709    66.6255    30.0
20230525.1300     0.3632     3.6723    66.6748    30.0
20230525.1400     0.3647     3.7158    67.2234    30.0
20230525.1500     0.3717     3.7101    69.0555    30.0
20230525.1600     0.3748     3.7359    69.8180    30.0
20230525.1700     0.3744     3.7791    70.0155    30.0
20230525.1800     0.3725     3.8197    70.2678    30.0
20230525.1900     0.3801     3.7788    74.7000    30.0
20230525.2000     0.3880     3.7274    79.5711    30.0
20230525.2100     0.3948     3.6667    84.5409    30.0
20230525.2200     0.3932     3.6497    88.5507    30.0
20230525.2300     0.3930     3.6335    90.4103    30.0
20230526.0000     0.3916     3.6258    91.6719    30.0
20230526.0100     0.3918     3.6109    93.1201    30.0
20230526.0200     0.3935     3.5962    94.5298    30.0
20230526.0300     0.3853     3.6410    93.2901    30.0
20230526.0400     0.3727     3.7167    90.3774    30.0
20230526.0500     0.3606     3.7959    86.6692    30.0
20230526.0600     0.3527     3.8416    82.6978    30.0
20230526.0700     0.3499     3.8555    77.9858    30.0
20230526.0800     0.3537     3.8190    72.6265    30.0
20230526.0900     0.3578     3.7944    68.8800    30.0
20230526.1000     0.3806     3.6425    64.7714    30.0
20230526.1100     0.4029     3.5461    64.0199    30.0
20230526.1200     0.4156     3.5494    63.9047    30.0
20230526.1300     0.4176     3.6123    63.9486    30.0
20230526.1400     0.4138     3.6968    63.7730    30.0
20230526.1500     0.4096     3.7603    63.7566    30.0
20230526.1600     0.4046     3.8022    64.1460    30.0
20230526.1700     0.4033     3.7949    66.2524    30.0
20230526.1800     0.4038     3.7681    69.3572    30.0
20230526.1900     0.4090     3.7078    73.9924    30.0
20230526.2000     0.4154     3.6346    79.0938    30.0
20230526.2100     0.4224     3.5689    84.9139    30.0
20230526.2200     0.4232     3.5451    90.2512    30.0
20230526.2300     0.4459     3.5785    93.3176    30.0
20230527.0000     0.4530     3.7367    91.1947    30.0
20230527.0100     0.4586     3.8337    89.9660    30.0
20230527.0200     0.4696     3.8673    90.5858    30.0
20230527.0300     0.4683     3.9656    88.7372    30.0
20230527.0400     0.4535     4.1521    84.4970    30.0
20230527.0500     0.4403     4.3328    80.8053    30.0
20230527.0600     0.4297     4.4950    77.8486    30.0
20230527.0700     0.4219     4.6296    75.5064    30.0
20230527.0800     0.4155     4.7442    73.6907    30.0
20230527.0900     0.4098     4.8425    72.3138    30.0
20230527.1000     0.4067     4.8732    69.2585    30.0
20230527.1100     0.4024     4.9332    68.6606    30.0
20230527.1200     0.3973     4.9745    68.3424    30.0
20230527.1300     0.3918     4.9989    68.2217    30.0
20230527.1400     0.3846     5.0340    68.1230    30.0
20230527.1500     0.3771     5.0516    68.1285    30.0
20230527.1600     0.3695     5.0542    68.1833    30.0
20230527.1700     0.3735     4.7983    70.9096    30.0
20230527.1800     0.3699     4.7025    73.0818    30.0
20230527.1900     0.3790     4.4540    79.6643    30.0
20230527.2000     0.4023     4.1265    90.3938    30.0
20230527.2100     0.4376     3.8158   101.7487    30.0
20230527.2200     0.4743     3.6287   108.9949    30.0
20230527.2300     0.5030     3.5355   112.3136    30.0
20230528.0000     0.5075     3.5141   113.0102    30.0
20230528.0100     0.4947     3.5195   113.3942    30.0
20230528.0200     0.4727     3.5306   113.1090    30.0
20230528.0300     0.4360     3.5892   110.4540    30.0
20230528.0400     0.3994     3.6698   106.5978    30.0
20230528.0500     0.3707     3.7416   102.3411    30.0
20230528.0600     0.3476     3.8206    98.0186    30.0
20230528.0700     0.3316     3.8865    93.4602    30.0
20230528.0800     0.3298     3.8201    86.6089    30.0
20230528.0900     0.3313     3.7962    78.5618    30.0
20230528.1000     0.3236     3.9086    72.5936    30.0
20230528.1100     0.3641     4.0838    70.4433    30.0
20230528.1200     0.3758     4.2029    69.1597    30.0
20230528.1300     0.3797     4.2931    68.0956    30.0
20230528.1400     0.3808     4.3338    67.3660    30.0
20230528.1500     0.3807     4.3483    67.1850    30.0
20230528.1600     0.3835     4.3019    69.1707    30.0
20230528.1700     0.3864     4.2391    71.5788    30.0
20230528.1800     0.3909     4.1537    75.2047    30.0
20230528.1900     0.4032     4.0058    81.7214    30.0
20230528.2000     0.4064     3.9108    85.4460    30.0
20230528.2100     0.4126     3.8119    90.8162    30.0
20230528.2200     0.4140     3.7593    95.3910    30.0
20230528.2300     0.4163     3.7047    97.5468    30.0
20230529.0000     0.4192     3.6516    99.3241    30.0
20230529.0100     0.4203     3.6073   101.0410    30.0
20230529.0200     0.4217     3.5684   102.6483    30.0
20230529.0300     0.4169     3.5679   101.9900    30.0
20230529.0400     0.4019     3.6295    98.8249    30.0
20230529.0500     0.3839     3.7272    94.3872    30.0
20230529.0600     0.3739     3.7703    89.2364    30.0
20230529.0700     0.3752     3.7552    81.1125    30.0
20230529.0800     0.3850     3.7041    73.0324    30.0
20230529.0900     0.3892     3.6967    69.8893    30.0
20230529.1000     0.4000     3.6589    65.4955    30.0
20230529.1100     0.4046     3.6634    65.3035    30.0
20230529.1200     0.4036     3.7017    65.4406    30.0
20230529.1300     0.4012     3.7418    65.7642    30.0
20230529.1400     0.3982     3.7757    65.9727    30.0
20230529.1500     0.3969     3.7914    66.4060    30.0
20230529.1600     0.3967     3.7946    67.1301    30.0
20230529.1700     0.3958     3.7991    67.7335    30.0
20230529.1800     0.3983     3.7776    69.3078    30.0
20230529.1900     0.4056     3.7244    72.1219    30.0
20230529.2000     0.4213     3.6214    76.7406    30.0
20230529.2100     0.4239     3.6098    78.1942    30.0
20230529.2200     0.4224     3.6329    79.7082    30.0
20230529.2300     0.4217     3.6643    79.5875    30.0
20230530.0000     0.4176     3.7067    79.2090    30.0
20230530.0100     0.4161     3.7396    79.1706    30.0
20230530.0200     0.4189     3.7441    80.0264    30.0
20230530.0300     0.4213     3.7541    80.0154    30.0
20230530.0400     0.4217     3.7898    79.1816    30.0
20230530.0500     0.4190     3.8639    77.3440    30.0
20230530.0600     0.4155     3.9490    75.0072    30.0
20230530.0700     0.4183     3.9677    72.1219    30.0
20230530.0800     0.4308     3.9048    69.7741    30.0
20230530.0900     0.4450     3.8339    68.6989    30.0
20230530.1000     0.4693     3.7351    67.2014    30.0
20230530.1100     0.4747     3.7571    66.8778    30.0
20230530.1200     0.4686     3.8132    66.8888    30.0
20230530.1300     0.4587     3.8737    67.0369    30.0
20230530.1400     0.4475     3.9346    67.1685    30.0
20230530.1500     0.4382     3.9734    67.6293    30.0
20230530.1600     0.4289     4.0000    68.2107    30.0
20230530.1700     0.4201     4.0173    68.9293    30.0
20230530.1800     0.4127     4.0182    70.3117    30.0
20230530.1900     0.4083     3.9888    73.1860    30.0
20230530.2000     0.4060     3.9397    77.0587    30.0
20230530.2100     0.4032     3.8935    80.3555    30.0
20230530.2200     0.3935     3.8968    82.9391    30.0
20230530.2300     0.3941     3.8256    86.4443    30.0
20230531.0000     0.4024     3.7164    91.5622    30.0
20230531.0100     0.4076     3.6390    95.1607    30.0
20230531.0200     0.4039     3.6369    96.2961    30.0
20230531.0300     0.3921     3.6893    94.8535    30.0
20230531.0400     0.3771     3.7689    91.9627    30.0
20230531.0500     0.3643     3.8400    88.7263    30.0
20230531.0600     0.3530     3.9221    85.7422    30.0
20230531.0700     0.3560     3.8478    79.2090    30.0
20230531.0800     0.3586     3.8224    73.3232    30.0
20230531.0900     0.3568     3.8423    71.3374    30.0
20230531.1000     0.3577     3.8618    67.9749    30.0
20230531.1100     0.3710     3.8972    68.0517    30.0
20230531.1200     0.3866     4.0136    67.9145    30.0
20230531.1300     0.3987     4.0257    67.5909    30.0
20230531.1400     0.4035     4.0553    67.1630    30.0
20230531.1500     0.4040     4.0820    66.6035    30.0
20230531.1600     0.4019     4.1052    66.1811    30.0
20230531.1700     0.4067     4.0306    68.7044    30.0
20230531.1800     0.4178     3.9162    74.5793    30.0
20230531.1900     0.4180     3.8845    76.9984    30.0
20230531.2000     0.4117     3.8926    77.5250    30.0
20230531.2100     0.4082     3.8764    78.9622    30.0
20230531.2200     0.3952     3.9316    79.8069    30.0
20230531.2300     0.3918     3.9033    80.6736    30.0
20230601.0000     0.3986     3.8076    84.1240    30.0
20230601.0100     0.3976     3.7705    85.2265    30.0
20230601.0200     0.3930     3.7746    85.2759    30.0
20230601.0300     0.3837     3.8228    83.8113    30.0
20230601.0400     0.3728     3.8926    81.7268    30.0
20230601.0500     0.3640     3.9515    79.2858    30.0
20230601.0600     0.3593     3.9734    76.0823    30.0
20230601.0700     0.3624     3.9282    71.6446    30.0
20230601.0800     0.3761     3.8118    66.6364    30.0
20230601.0900     0.3964     3.6700    63.9376    30.0
20230601.1000     0.4286     3.5490    61.6941    30.0
20230601.1100     0.4364     3.5656    62.8241    30.0
20230601.1200     0.4308     3.6347    63.7237    30.0
20230601.1300     0.4208     3.7195    64.0089    30.0
20230601.1400     0.4105     3.7953    64.0528    30.0
20230601.1500     0.4013     3.8465    64.2064    30.0
20230601.1600     0.3950     3.8560    65.4022    30.0
20230601.1700     0.3890     3.8547    66.8833    30.0
20230601.1800     0.3864     3.8247    69.8015    30.0
20230601.1900     0.3816     3.8080    72.1383    30.0
20230601.2000     0.3778     3.7828    74.7494    30.0
20230601.2100     0.3690     3.7942    75.3583    30.0
20230601.2200     0.3513     3.8945    74.9962    30.0
20230601.2300     0.3586     3.9860    74.3599    30.0
20230602.0000     0.3606     4.0940    73.7894    30.0
20230602.0100     0.3598     4.1553    73.6797    30.0
20230602.0200     0.3577     4.1885    73.7894    30.0
20230602.0300     0.3530     4.2220    73.3561    30.0
20230602.0400     0.3478     4.2475    72.8624    30.0
20230602.0500     0.3420     4.2596    72.1877    30.0
20230602.0600     0.3387     4.2267    71.3265    30.0
20230602.0700     0.3386     4.1571    69.1926    30.0
20230602.0800     0.3529     3.9557    64.7824    30.0
20230602.0900     0.3667     3.7986    62.2700    30.0
20230602.1000     0.3782     3.6916    59.6699    30.0
20230602.1100     0.4076     3.5383    60.0375    30.0
20230602.1200     0.4366     3.4637    60.8164    30.0
20230602.1300     0.4578     3.4508    61.9464    30.0
20230602.1400     0.4716     3.4742    62.8076    30.0
20230602.1500     0.4790     3.5240    63.7950    30.0
20230602.1600     0.4842     3.5795    65.3638    30.0
20230602.1700     0.4892     3.6203    68.1504    30.0
20230602.1800     0.4862     3.6647    69.8948    30.0
20230602.1900     0.4850     3.6818    72.7527    30.0
20230602.2000     0.4846     3.6861    76.2579    30.0
20230602.2100     0.4777     3.7215    78.1339    30.0
20230602.2200     0.4597     3.8166    77.9090    30.0
20230602.2300     0.4435     3.9072    76.1043    30.0
20230603.0000     0.4279     3.9987    74.2283    30.0
20230603.0100     0.4155     4.0708    73.0763    30.0
20230603.0200     0.4060     4.1244    72.4839    30.0
20230603.0300     0.3962     4.1886    71.7324    30.0
20230603.0400     0.3866     4.2568    70.6408    30.0
20230603.0500     0.3767     4.3491    69.4395    30.0
20230603.0600     0.3682     4.4259    68.4137    30.0
20230603.0700     0.3715     4.3277    65.3857    30.0
20230603.0800     0.3750     4.2685    61.7709    30.0
20230603.0900     0.3741     4.2509    60.7451    30.0
20230603.1000     0.3676     4.2924    59.7796    30.0
20230603.1100     0.3709     4.2701    61.0577    30.0
20230603.1200     0.3775     4.3384    62.0506    30.0
20230603.1300     0.3817     4.3449    62.3852    30.0
20230603.1400     0.3825     4.3595    62.4017    30.0
20230603.1500     0.3818     4.3569    62.4017    30.0
20230603.1600     0.3830     4.2906    62.7582    30.0
20230603.1700     0.3905     4.1488    67.0643    30.0
20230603.1800     0.3877     4.1223    68.6167    30.0
20230603.1900     0.3843     4.0932    70.4159    30.0
20230603.2000     0.3810     4.0592    72.4729    30.0
20230603.2100     0.3783     4.0153    74.9359    30.0
20230603.2200     0.3698     4.0247    78.2875    30.0
20230603.2300     0.3680     3.9667    81.3429    30.0
20230604.0000     0.3595     3.9664    81.5678    30.0
20230604.0100     0.3489     3.9900    81.1180    30.0
20230604.0200     0.3389     4.0121    80.8876    30.0
20230604.0300     0.3270     4.0631    79.6259    30.0
20230604.0400     0.3176     4.0823    78.4136    30.0
20230604.0500     0.3063     4.1466    76.9545    30.0
20230604.0600     0.2976     4.1816    75.4899    30.0
20230604.0700     0.2905     4.2094    74.1789    30.0
20230604.0800     0.3042     3.9105    64.8866    30.0
20230604.0900     0.3022     3.8798    62.5333    30.0
20230604.1000     0.2889     3.9799    61.0523    30.0
20230604.1100     0.2858     3.9730    61.7873    30.0
20230604.1200     0.2794     4.0290    62.2755    30.0
20230604.1300     0.2743     4.0703    62.8515    30.0
20230604.1400     0.2700     4.0960    63.4439    30.0
20230604.1500     0.2653     4.1296    63.8827    30.0
20230604.1600     0.2612     4.1559    64.2503    30.0
20230604.1700     0.2637     4.0305    65.5174    30.0
20230604.1800     0.2587     4.0658    65.6545    30.0
20230604.1900     0.2534     4.1010    65.6984    30.0
20230604.2000     0.2485     4.1288    65.6929    30.0
20230604.2100     0.2435     4.1503    65.6545    30.0
20230604.2200     0.2260     4.4509    66.8065    30.0
20230604.2300     0.2462     4.6415    67.1082    30.0
20230605.0000     0.2419     4.6119    66.9162    30.0
20230605.0100     0.2532     4.1594    71.0083    30.0
20230605.0200     0.2532     4.0216    74.1679    30.0
20230605.0300     0.2530     3.9032    76.6857    30.0
20230605.0400     0.2491     3.8293    76.6418    30.0
20230605.0500     0.2422     3.8292    76.0110    30.0
20230605.0600     0.2357     3.8336    75.2540    30.0
20230605.0700     0.2308     3.8229    74.2721    30.0
20230605.0800     0.2278     3.7980    73.0434    30.0
20230605.0900     0.2336     3.6200    70.9699    30.0
20230605.1000     0.2446     3.4345    62.8241    30.0
20230605.1100     0.2575     3.2905    64.6781    30.0
20230605.1200     0.2618     3.2447    66.8942    30.0
20230605.1300     0.2604     3.2595    67.4702    30.0
20230605.1400     0.2624     3.2697    67.0972    30.0
20230605.1500     0.2699     3.2642    66.8723    30.0
20230605.1600     0.2812     3.2519    67.8761    30.0
20230605.1700     0.2932     3.2377    70.3885    30.0
20230605.1800     0.2997     3.2551    71.7488    30.0
20230605.1900     0.3049     3.2836    73.7949    30.0
20230605.2000     0.3053     3.3256    74.2502    30.0
20230605.2100     0.3048     3.3695    74.2941    30.0
20230605.2200     0.2994     3.4432    74.9633    30.0
20230605.2300     0.3082     3.4178    77.2068    30.0
20230606.0000     0.3102     3.4254    77.4427    30.0
20230606.0100     0.3138     3.4242    79.3900    30.0
20230606.0200     0.3163     3.4244    81.3264    30.0
20230606.0300     0.3133     3.4653    81.1509    30.0
20230606.0400     0.3061     3.5384    78.9951    30.0
20230606.0500     0.2988     3.6119    76.6418    30.0
20230606.0600     0.3003     3.5750    72.8459    30.0
20230606.0700     0.2995     3.5907    68.7757    30.0
20230606.0800     0.3045     3.5620    64.3325    30.0
20230606.0900     0.3019     3.5874    63.8279    30.0
20230606.1000     0.2994     3.5853    67.1027    30.0
20230606.1100     0.3051     3.5478    71.4417    30.0
20230606.1200     0.3129     3.5084    77.3769    30.0
20230606.1300     0.3102     3.5414    77.9254    30.0
20230606.1400     0.3090     3.5598    78.6605    30.0
20230606.1500     0.3138     3.5378    82.5277    30.0
20230606.1600     0.3192     3.5149    86.6089    30.0
20230606.1700     0.3217     3.5016    88.7866    30.0
20230606.1800     0.3203     3.5235    89.2309    30.0
20230606.1900     0.3192     3.5417    89.2748    30.0
20230606.2000     0.3222     3.5382    90.1689    30.0
20230606.2100     0.3245     3.5358    90.3170    30.0
20230606.2200     0.3194     3.5899    88.9073    30.0
20230606.2300     0.3259     3.5653    88.4026    30.0
20230607.0000     0.3355     3.5218    90.2073    30.0
20230607.0100     0.3489     3.4615    93.7564    30.0
20230607.0200     0.3589     3.4304    96.5869    30.0
20230607.0300     0.3590     3.4530    96.0932    30.0
20230607.0400     0.3501     3.5173    93.0049    30.0
20230607.0500     0.3401     3.5865    88.8360    30.0
20230607.0600     0.3329     3.6373    84.6122    30.0
20230607.0700     0.3301     3.6642    80.3281    30.0
20230607.0800     0.3347     3.6477    75.6545    30.0
20230607.0900     0.3468     3.6129    72.9063    30.0
20230607.1000     0.3707     3.5319    69.8125    30.0
20230607.1100     0.3994     3.5018    71.2661    30.0
20230607.1200     0.4102     3.6197    71.0632    30.0
20230607.1300     0.4183     3.7449    70.3885    30.0
20230607.1400     0.4263     3.8509    70.1690    30.0
20230607.1500     0.4348     3.9291    70.6792    30.0
20230607.1600     0.4432     3.9828    71.5459    30.0
20230607.1700     0.4521     4.0069    72.9227    30.0
20230607.1800     0.4610     4.0098    74.7823    30.0
20230607.1900     0.4717     3.9986    77.0642    30.0
20230607.2000     0.4832     3.9888    79.4888    30.0
20230607.2100     0.4948     3.9849    81.7049    30.0
20230607.2200     0.5014     4.0164    82.5113    30.0
20230607.2300     0.5341     4.1226    82.4674    30.0
20230608.0000     0.5415     4.2584    80.3829    30.0
20230608.0100     0.5383     4.3749    78.3259    30.0
20230608.0200     0.5299     4.4899    76.0714    30.0
20230608.0300     0.5198     4.6032    73.7839    30.0
20230608.0400     0.5105     4.6999    71.6995    30.0
20230608.0500     0.5019     4.7767    69.8673    30.0
20230608.0600     0.4942     4.8239    68.1723    30.0
20230608.0700     0.4876     4.8432    66.7516    30.0
20230608.0800     0.4808     4.8423    65.7807    30.0
20230608.0900     0.4747     4.8131    65.1718    30.0
20230608.1000     0.4684     4.7666    64.2009    30.0
20230608.1100     0.4634     4.7054    64.1406    30.0
20230608.1200     0.4560     4.6678    63.9705    30.0
20230608.1300     0.4486     4.6291    63.7182    30.0
20230608.1400     0.4408     4.5979    63.3287    30.0
20230608.1500     0.4344     4.5438    63.2903    30.0
20230608.1600     0.4295     4.4729    63.8279    30.0
20230608.1700     0.4288     4.3669    65.6984    30.0
20230608.1800     0.4376     4.1951    70.8163    30.0
20230608.1900     0.4472     4.0397    77.1026    30.0
20230608.2000     0.4466     3.9547    80.7833    30.0
20230608.2100     0.4419     3.9115    83.8662    30.0
20230608.2200     0.4301     3.9193    85.5392    30.0
20230608.2300     0.4234     3.8878    86.6857    30.0
20230609.0000     0.4163     3.8615    87.5853    30.0
20230609.0100     0.4059     3.8608    87.7498    30.0
20230609.0200     0.3916     3.8919    86.6857    30.0
20230609.0300     0.3748     3.9495    84.2776    30.0
20230609.0400     0.3607     3.9904    81.7268    30.0
20230609.0500     0.3494     4.0091    79.1158    30.0
20230609.0600     0.3414     4.0010    75.9452    30.0
20230609.0700     0.3387     3.9470    72.0725    30.0
20230609.0800     0.3365     3.8950    68.8964    30.0
20230609.0900     0.3345     3.8519    66.4773    30.0
20230609.1000     0.3368     3.7764    62.6046    30.0
20230609.1100     0.3358     3.7575    62.1329    30.0
20230609.1200     0.3306     3.7843    61.9628    30.0
20230609.1300     0.3240     3.8240    61.6831    30.0
20230609.1400     0.3186     3.8366    61.5240    30.0
20230609.1500     0.3117     3.8623    61.2826    30.0
20230609.1600     0.3041     3.8868    61.1729    30.0
20230609.1700     0.3099     3.7117    64.0418    30.0
20230609.1800     0.3125     3.6327    69.7138    30.0
20230609.1900     0.3087     3.6150    72.1657    30.0
20230609.2000     0.3107     3.5593    77.8870    30.0
20230609.2100     0.3155     3.4864    84.5628    30.0
20230609.2200     0.3128     3.4645    89.7301    30.0
20230609.2300     0.3135     3.4009    91.6280    30.0
20230610.0000     0.3149     3.3432    95.0784    30.0
20230610.0100     0.3156     3.2995    99.0005    30.0
20230610.0200     0.3113     3.2866   101.6938    30.0
20230610.0300     0.2967     3.3352   100.6241    30.0
20230610.0400     0.2796     3.3996    97.6072    30.0
20230610.0500     0.2645     3.4555    94.1678    30.0
20230610.0600     0.2515     3.5124    90.7449    30.0
20230610.0700     0.2418     3.5402    87.2452    30.0
20230610.0800     0.2553     3.2929    72.4839    30.0
20230610.0900     0.2618     3.2179    60.5531    30.0
20230610.1000     0.2635     3.1890    46.9986    30.0
20230610.1100     0.2614     3.1719    48.0024    30.0
20230610.1200     0.2583     3.1695    50.3447    30.0
20230610.1300     0.2580     3.1390    52.4785    30.0
20230610.1400     0.2548     3.1665    53.8663    30.0
20230610.1500     0.2598     3.1062    57.1686    30.0
20230610.1600     0.2646     3.0772    61.9354    30.0
20230610.1700     0.2769     3.0352    71.7708    30.0
20230610.1800     0.2878     3.0160    80.5859    30.0
20230610.1900     0.2937     3.0156    86.1975    30.0
20230610.2000     0.2999     3.0129    91.1069    30.0
20230610.2100     0.2997     3.0246    91.4745    30.0
20230610.2200     0.2993     3.0517    93.9264    30.0
20230610.2300     0.3000     3.0673    93.4218    30.0
20230611.0000     0.3091     3.0607    97.0147    30.0
20230611.0100     0.3172     3.0578   100.8052    30.0
20230611.0200     0.3193     3.0880   102.7744    30.0
20230611.0300     0.3101     3.1709   101.2385    30.0
20230611.0400     0.2964     3.2827    97.5249    30.0
20230611.0500     0.2862     3.3706    93.5095    30.0
20230611.0600     0.2763     3.4886    89.5436    30.0
20230611.0700     0.2695     3.5910    85.9781    30.0
20230611.0800     0.2647     3.6842    82.8459    30.0
20230611.0900     0.2621     3.7639    80.1141    30.0
20230611.1000     0.2732     3.6423    71.1948    30.0
20230611.1100     0.2825     3.6214    70.1087    30.0
20230611.1200     0.2996     3.5699    70.3775    30.0
20230611.1300     0.3288     3.4716    73.0599    30.0
20230611.1400     0.3585     3.4139    77.8541    30.0
20230611.1500     0.3768     3.4611    80.1580    30.0
20230611.1600     0.3943     3.5260    82.9117    30.0
20230611.1700     0.4049     3.6070    83.3121    30.0
20230611.1800     0.4093     3.7147    82.7197    30.0
20230611.1900     0.4129     3.8036    82.8239    30.0
20230611.2000     0.4159     3.8815    83.2079    30.0
20230611.2100     0.4172     3.9587    83.1311    30.0
20230611.2200     0.4119     4.0847    81.5349    30.0
20230611.2300     0.4146     4.1908    79.5052    30.0
20230612.0000     0.4265     4.2215    79.5875    30.0
20230612.0100     0.4376     4.2301    79.8399    30.0
20230612.0200     0.4533     4.1991    81.0741    30.0
20230612.0300     0.4665     4.1970    81.0083    30.0
20230612.0400     0.4737     4.2596    79.2310    30.0
20230612.0500     0.4767     4.3669    76.4992    30.0
20230612.0600     0.4817     4.4560    73.3067    30.0
20230612.0700     0.4891     4.5077    70.2129    30.0
20230612.0800     0.4968     4.5406    67.8816    30.0
20230612.0900     0.5012     4.5855    66.6639    30.0
20230612.1000     0.5012     4.6491    65.7094    30.0
20230612.1100     0.5152     4.5635    66.1318    30.0
20230612.1200     0.5312     4.4709    66.3018    30.0
20230612.1300     0.5403     4.4465    66.6639    30.0
20230612.1400     0.5412     4.4820    67.0149    30.0
20230612.1500     0.5424     4.4959    68.0626    30.0
20230612.1600     0.5442     4.4784    70.0593    30.0
20230612.1700     0.5435     4.4583    71.8147    30.0
20230612.1800     0.5380     4.4604    72.6814    30.0
20230612.1900     0.5316     4.4619    73.3122    30.0
20230612.2000     0.5226     4.4789    73.3670    30.0
20230612.2100     0.5127     4.4990    73.2793    30.0
20230612.2200     0.4968     4.5772    72.6430    30.0
20230612.2300     0.4895     4.5745    72.1767    30.0
20230613.0000     0.4867     4.5357    72.2480    30.0
20230613.0100     0.4869     4.4832    72.6375    30.0
20230613.0200     0.4905     4.4186    73.3616    30.0
20230613.0300     0.4927     4.3913    73.5206    30.0
20230613.0400     0.4896     4.4324    72.4839    30.0
20230613.0500     0.4876     4.4775    71.1838    30.0
20230613.0600     0.4898     4.4959    70.0100    30.0
20230613.0700     0.4969     4.4862    68.8635    30.0
20230613.0800     0.5112     4.4200    68.0681    30.0
20230613.0900     0.5291     4.3387    67.7993    30.0
20230613.1000     0.5284     4.3993    67.2508    30.0
20230613.1100     0.5598     4.5288    66.9162    30.0
20230613.1200     0.5573     4.5455    66.2250    30.0
20230613.1300     0.5605     4.5342    65.6600    30.0
20230613.1400     0.5678     4.5005    65.3967    30.0
20230613.1500     0.5721     4.4888    65.4735    30.0
20230613.1600     0.5793     4.4407    66.6035    30.0
20230613.1700     0.5840     4.3992    67.6019    30.0
20230613.1800     0.5827     4.3922    68.2821    30.0
20230613.1900     0.5821     4.3691    69.6150    30.0
20230613.2000     0.5812     4.3354    71.0467    30.0
20230613.2100     0.5902     4.2405    74.2063    30.0
20230613.2200     0.5910     4.2019    76.4608    30.0
20230613.2300     0.5928     4.1583    78.6550    30.0
20230614.0000     0.5925     4.1198    80.8766    30.0
20230614.0100     0.5918     4.0849    83.6797    30.0
20230614.0200     0.5788     4.1031    84.9413    30.0
20230614.0300     0.5511     4.1975    83.2957    30.0
20230614.0400     0.5213     4.3168    80.4323    30.0
20230614.0500     0.4977     4.4121    77.8596    30.0
20230614.0600     0.4802     4.4767    75.5119    30.0
20230614.0700     0.4732     4.4565    72.5333    30.0
20230614.0800     0.4752     4.3813    69.6534    30.0
20230614.0900     0.4833     4.2781    68.0572    30.0
20230614.1000     0.4821     4.2612    65.8301    30.0
20230614.1100     0.4910     4.1777    65.6984    30.0
20230614.1200     0.4882     4.1935    65.3803    30.0
20230614.1300     0.4761     4.2662    64.8427    30.0
20230614.1400     0.4638     4.3235    64.3435    30.0
20230614.1500     0.4505     4.3725    63.8992    30.0
20230614.1600     0.4365     4.4130    63.5591    30.0
20230614.1700     0.4228     4.4425    63.3232    30.0
20230614.1800     0.4170     4.3511    64.3545    30.0
20230614.1900     0.4102     4.2961    66.4170    30.0
20230614.2000     0.4082     4.2016    70.1087    30.0
20230614.2100     0.4021     4.1489    72.8020    30.0
20230614.2200     0.3854     4.1981    73.8553    30.0
20230614.2300     0.3817     4.2040    73.6523    30.0
20230615.0000     0.3760     4.2324    73.1257    30.0
20230615.0100     0.3821     4.1243    76.2743    30.0
20230615.0200     0.3833     4.0532    78.0406    30.0
20230615.0300     0.3772     4.0421    77.8212    30.0
20230615.0400     0.3654     4.0919    76.2743    30.0
20230615.0500     0.3549     4.1310    74.5025    30.0
20230615.0600     0.3464     4.1539    73.0708    30.0
20230615.0700     0.3403     4.1564    71.4801    30.0
20230615.0800     0.3381     4.1131    69.1488    30.0
20230615.0900     0.3425     4.0066    66.4773    30.0
20230615.1000     0.3456     3.9121    61.1455    30.0
20230615.1100     0.3591     3.7547    61.5569    30.0
20230615.1200     0.3692     3.6495    61.8038    30.0
20230615.1300     0.3764     3.5879    62.0451    30.0
20230615.1400     0.3780     3.5746    62.3413    30.0
20230615.1500     0.3747     3.5927    62.6101    30.0
20230615.1600     0.3694     3.6189    62.8021    30.0
20230615.1700     0.3649     3.6298    63.0599    30.0
20230615.1800     0.3612     3.6288    63.7127    30.0
20230615.1900     0.3567     3.6259    64.2448    30.0
20230615.2000     0.3560     3.5926    66.4773    30.0
20230615.2100     0.3598     3.5363    70.8986    30.0
20230615.2200     0.3462     3.5862    71.4252    30.0
20230615.2300     0.3486     3.5278    73.8607    30.0
20230616.0000     0.3563     3.4503    76.5760    30.0
20230616.0100     0.3654     3.3769    79.0829    30.0
20230616.0200     0.3615     3.3899    78.8909    30.0
20230616.0300     0.3474     3.4691    76.4553    30.0
20230616.0400     0.3357     3.5340    73.7510    30.0
20230616.0500     0.3286     3.5563    70.7834    30.0
20230616.0600     0.3251     3.5550    66.9436    30.0
20230616.0700     0.3218     3.5511    64.2996    30.0
20230616.0800     0.3170     3.5617    63.2464    30.0
20230616.0900     0.3101     3.6009    62.4510    30.0
20230616.1000     0.2958     3.7062    61.1455    30.0
20230616.1100     0.3292     4.0462    60.7012    30.0
20230616.1200     0.3253     4.1283    60.4927    30.0
20230616.1300     0.3200     4.1258    59.7083    30.0
20230616.1400     0.3190     4.0180    58.4631    30.0
20230616.1500     0.3178     3.9225    56.7023    30.0
20230616.1600     0.3109     3.9140    55.7862    30.0
20230616.1700     0.3111     3.8053    56.3951    30.0
20230616.1800     0.3164     3.6712    63.7895    30.0
20230616.1900     0.3240     3.5674    72.0505    30.0
20230616.2000     0.3330     3.4825    79.2200    30.0
20230616.2100     0.3468     3.3737    86.6582    30.0
20230616.2200     0.3661     3.2869    94.5298    30.0
20230616.2300     0.3825     3.2378    96.1809    30.0
20230617.0000     0.3984     3.2040    95.3526    30.0
20230617.0100     0.4136     3.1829    92.8294    30.0
20230617.0200     0.4342     3.1726    90.1250    30.0
20230617.0300     0.4378     3.2335    86.2633    30.0
20230617.0400     0.4286     3.3461    81.5897    30.0
20230617.0500     0.4249     3.4347    76.0549    30.0
20230617.0600     0.4295     3.4891    71.0138    30.0
20230617.0700     0.4396     3.5225    67.4208    30.0
20230617.0800     0.4504     3.5585    65.3090    30.0
20230617.0900     0.4605     3.5866    64.3764    30.0
20230617.1000     0.4714     3.5988    62.3139    30.0
20230617.1100     0.4742     3.6423    61.5898    30.0
20230617.1200     0.4709     3.6952    61.3156    30.0
20230617.1300     0.4677     3.7249    61.2662    30.0
20230617.1400     0.4591     3.7753    61.3320    30.0
20230617.1500     0.4456     3.8467    61.0413    30.0
20230617.1600     0.4315     3.9162    60.8548    30.0
20230617.1700     0.4183     3.9679    60.7890    30.0
20230617.1800     0.4066     4.0047    60.8767    30.0
20230617.1900     0.3980     4.0091    62.0177    30.0
20230617.2000     0.3906     3.9983    63.1203    30.0
20230617.2100     0.3852     3.9725    64.5245    30.0
20230617.2200     0.3790     3.9566    66.1976    30.0
20230617.2300     0.3899     3.8723    68.7264    30.0
20230618.0000     0.4040     3.7991    70.6902    30.0
20230618.0100     0.4210     3.7064    72.4236    30.0
20230618.0200     0.4350     3.6547    72.4510    30.0
20230618.0300     0.4416     3.6651    70.9699    30.0
20230618.0400     0.4450     3.6873    69.0281    30.0
20230618.0500     0.4516     3.6783    67.0643    30.0
20230618.0600     0.4680     3.6184    64.7714    30.0
20230618.0700     0.4959     3.5398    62.8789    30.0
20230618.0800     0.5328     3.4865    61.6502    30.0
20230618.0900     0.5549     3.4908    61.5021    30.0
20230618.1000     0.5329     3.5647    61.4198    30.0
20230618.1100     0.5163     3.5851    62.0067    30.0
20230618.1200     0.4944     3.6075    62.1987    30.0
20230618.1300     0.4760     3.6075    62.4181    30.0
20230618.1400     0.4613     3.5948    62.6046    30.0
20230618.1500     0.4475     3.5872    62.4675    30.0
20230618.1600     0.4348     3.5828    62.7308    30.0
20230618.1700     0.4190     3.5997    62.8076    30.0
20230618.1800     0.4007     3.6313    62.6266    30.0
20230618.1900     0.3835     3.6473    62.7582    30.0
20230618.2000     0.3690     3.6390    63.4329    30.0
20230618.2100     0.3575     3.6113    65.0511    30.0
20230618.2200     0.3486     3.5683    69.5053    30.0
20230618.2300     0.3368     3.5513    70.3117    30.0
20230619.0000     0.3242     3.5468    70.1800    30.0
20230619.0100     0.3132     3.5334    69.9003    30.0
20230619.0200     0.3032     3.5169    69.8728    30.0
20230619.0300     0.2936     3.5051    69.5656    30.0
20230619.0400     0.2831     3.5071    68.9403    30.0
20230619.0500     0.2721     3.5318    68.2491    30.0
20230619.0600     0.2673     3.4667    66.8229    30.0
20230619.0700     0.2673     3.3737    61.3759    30.0
20230619.0800     0.2650     3.3296    58.0188    30.0
20230619.0900     0.2574     3.3294    57.9420    30.0
20230619.1000     0.2399     3.4276    54.1955    30.0
20230619.1100     0.2360     3.3834    55.0402    30.0
20230619.1200     0.2282     3.4169    55.8795    30.0
20230619.1300     0.2206     3.4465    56.7023    30.0
20230619.1400     0.2136     3.4676    57.5196    30.0
20230619.1500     0.2084     3.4590    58.6442    30.0
20230619.1600     0.2125     3.2795    61.9519    30.0
20230619.1700     0.2207     3.1098    70.7231    30.0
20230619.1800     0.2147     3.1093    71.4965    30.0
20230619.1900     0.2067     3.1433    71.3704    30.0
20230619.2000     0.2002     3.1653    71.1564    30.0
20230619.2100     0.2119     2.9927    80.9095    30.0
20230619.2200     0.1950     3.0958    86.3730    30.0
20230619.2300     0.2027     3.0175    88.3916    30.0
20230620.0000     0.1997     3.0083    87.6127    30.0
20230620.0100     0.1957     3.0002    85.5557    30.0
20230620.0200     0.1921     2.9931    84.2611    30.0
20230620.0300     0.1911     2.9492    82.1108    30.0
20230620.0400     0.1860     2.9724    79.7576    30.0
20230620.0500     0.1819     2.9858    77.1849    30.0
20230620.0600     0.1844     2.8953    73.1751    30.0
20230620.0700     0.1912     2.8040    63.6524    30.0
20230620.0800     0.2010     2.7648    58.2108    30.0
20230620.0900     0.2024     2.7485    60.4653    30.0
20230620.1000     0.1948     2.7637    64.3874    30.0
20230620.1100     0.1972     2.7575    65.3364    30.0
20230620.1200     0.1999     2.7671    64.8537    30.0
20230620.1300     0.2159     2.7359    69.2914    30.0
20230620.1400     0.2388     2.7147    73.3341    30.0
20230620.1500     0.2549     2.7388    73.4274    30.0
20230620.1600     0.2667     2.7859    72.3084    30.0
20230620.1700     0.2838     2.8289    73.4987    30.0
20230620.1800     0.2987     2.8817    74.3380    30.0
20230620.1900     0.3139     2.9236    76.4334    30.0
20230620.2000     0.3366     2.9461    82.9995    30.0
20230620.2100     0.3605     2.9546    90.9588    30.0
20230620.2200     0.3607     3.0069    93.1365    30.0
20230620.2300     0.4133     3.2259    95.9670    30.0
20230621.0000     0.4082     3.2769    94.8096    30.0
20230621.0100     0.3968     3.3279    93.4163    30.0
20230621.0200     0.3825     3.3741    92.1272    30.0
20230621.0300     0.3642     3.4347    89.7191    30.0
20230621.0400     0.3466     3.4915    86.8941    30.0
20230621.0500     0.3313     3.5347    84.1020    30.0
20230621.0600     0.3170     3.5953    81.0850    30.0
20230621.0700     0.3146     3.5478    77.3879    30.0
20230621.0800     0.3249     3.4294    68.8855    30.0
20230621.0900     0.3298     3.3993    65.2322    30.0
20230621.1000     0.3275     3.4299    59.8345    30.0
20230621.1100     0.3313     3.4283    59.5602    30.0
20230621.1200     0.3356     3.4276    59.6535    30.0
20230621.1300     0.3370     3.4442    59.9387    30.0
20230621.1400     0.3386     3.4478    61.4033    30.0
20230621.1500     0.3386     3.4681    62.4236    30.0
20230621.1600     0.3492     3.4267    65.6929    30.0
20230621.1700     0.3570     3.4104    67.2398    30.0
20230621.1800     0.3629     3.4133    67.9090    30.0
20230621.1900     0.3684     3.4339    68.6770    30.0
20230621.2000     0.3725     3.4656    69.4943    30.0
20230621.2100     0.3775     3.4942    71.2058    30.0
20230621.2200     0.3746     3.5632    72.2809    30.0
20230621.2300     0.3818     3.5622    74.0472    30.0
20230622.0000     0.3868     3.5660    74.7494    30.0
20230622.0100     0.3905     3.5803    74.8207    30.0
20230622.0200     0.3912     3.6199    74.0088    30.0
20230622.0300     0.3869     3.6949    72.0670    30.0
20230622.0400     0.3801     3.7884    69.6205    30.0
20230622.0500     0.3743     3.8664    67.3934    30.0
20230622.0600     0.3695     3.9369    65.4680    30.0
20230622.0700     0.3705     3.9307    62.4840    30.0
20230622.0800     0.3756     3.8982    58.6167    30.0
20230622.0900     0.3802     3.8673    56.1428    30.0
20230622.1000     0.3844     3.8310    53.8499    30.0
20230622.1100     0.3898     3.7857    53.9486    30.0
20230622.1200     0.3921     3.7911    54.3710    30.0
20230622.1300     0.3935     3.8000    54.9634    30.0
20230622.1400     0.3923     3.8237    55.5229    30.0
20230622.1500     0.3894     3.8465    55.7478    30.0
20230622.1600     0.3862     3.8584    56.0605    30.0
20230622.1700     0.3918     3.7873    59.3573    30.0
20230622.1800     0.3990     3.7142    63.6524    30.0
20230622.1900     0.3961     3.6934    65.2870    30.0
20230622.2000     0.3912     3.6860    66.3896    30.0
20230622.2100     0.3842     3.6947    66.7461    30.0
20230622.2200     0.3712     3.7513    66.6529    30.0
20230622.2300     0.3644     3.7602    66.3128    30.0
20230623.0000     0.3623     3.7328    67.0862    30.0
20230623.0100     0.3639     3.6817    68.7373    30.0
20230623.0200     0.3635     3.6501    69.6918    30.0
20230623.0300     0.3562     3.6830    69.0994    30.0
20230623.0400     0.3468     3.7309    67.8432    30.0
20230623.0500     0.3360     3.7993    66.7352    30.0
20230623.0600     0.3262     3.8516    65.8410    30.0
20230623.0700     0.3171     3.8940    65.1334    30.0
20230623.0800     0.3115     3.8778    64.3874    30.0
20230623.0900     0.3034     3.9038    63.9815    30.0
20230623.1000     0.2941     3.9094    62.0232    30.0
20230623.1100     0.2879     3.9118    62.1603    30.0
20230623.1200     0.2818     3.9058    62.3249    30.0
20230623.1300     0.2766     3.8876    62.4894    30.0
20230623.1400     0.2726     3.8454    62.7911    30.0
20230623.1500     0.2669     3.8316    62.9722    30.0
20230623.1600     0.2604     3.8342    63.0490    30.0
20230623.1700     0.2544     3.8278    63.1751    30.0
20230623.1800     0.2623     3.5833    67.2124    30.0
20230623.1900     0.2653     3.4896    72.7253    30.0
20230623.2000     0.2695     3.3986    78.2984    30.0
20230623.2100     0.2676     3.3597    79.6424    30.0
20230623.2200     0.2657     3.3248    84.4366    30.0
20230623.2300     0.2639     3.2961    85.5282    30.0
20230624.0000     0.2647     3.2981    85.8135    30.0
20230624.0100     0.2630     3.2949    86.3346    30.0
20230624.0200     0.2578     3.3129    85.6983    30.0
20230624.0300     0.2532     3.3093    83.9265    30.0
20230624.0400     0.2448     3.3764    81.6281    30.0
20230624.0500     0.2392     3.4169    79.2035    30.0
20230624.0600     0.2423     3.3253    75.5886    30.0
20230624.0700     0.2503     3.2184    66.6803    30.0
20230624.0800     0.2553     3.1862    60.8438    30.0
20230624.0900     0.2593     3.1621    58.3150    30.0
20230624.1000     0.2780     3.0853    49.6371    30.0
20230624.1100     0.2979     3.0128    52.5444    30.0
20230624.1200     0.3117     2.9991    54.7714    30.0
20230624.1300     0.3194     3.0222    56.0276    30.0
20230624.1400     0.3192     3.0768    57.3222    30.0
20230624.1500     0.3141     3.1383    58.4906    30.0
20230624.1600     0.3092     3.1756    60.4105    30.0
20230624.1700     0.3034     3.2025    61.7434    30.0
20230624.1800     0.2963     3.2340    62.8515    30.0
20230624.1900     0.2910     3.2526    65.1060    30.0
20230624.2000     0.2873     3.2548    67.6951    30.0
20230624.2100     0.2853     3.2416    71.2442    30.0
20230624.2200     0.2851     3.2272    81.1673    30.0
20230624.2300     0.2819     3.2148    82.9501    30.0
20230625.0000     0.2792     3.1935    84.5134    30.0
20230625.0100     0.2760     3.1764    85.5666    30.0
20230625.0200     0.2733     3.1571    86.8996    30.0
20230625.0300     0.2683     3.1633    87.1410    30.0
20230625.0400     0.2623     3.1740    85.3472    30.0
20230625.0500     0.2554     3.2348    82.8568    30.0
20230625.0600     0.2648     3.1171    76.6912    30.0
20230625.0700     0.2792     3.0643    66.2689    30.0
20230625.0800     0.3002     3.0239    58.5344    30.0
20230625.0900     0.3159     2.9952    58.1669    30.0
20230625.1000     0.3262     3.0158    57.9311    30.0
20230625.1100     0.3232     3.0805    59.3518    30.0
20230625.1200     0.3145     3.1565    60.4982    30.0
20230625.1300     0.3064     3.2117    61.1675    30.0
20230625.1400     0.2958     3.2856    61.1894    30.0
20230625.1500     0.2873     3.3354    61.2497    30.0
20230625.1600     0.2785     3.3893    61.2333    30.0
20230625.1700     0.2794     3.3191    63.7182    30.0
20230625.1800     0.2737     3.3247    64.5136    30.0
20230625.1900     0.2664     3.3497    64.7604    30.0
20230625.2000     0.2585     3.3862    64.5684    30.0
20230625.2100     0.2504     3.4275    64.2996    30.0
20230625.2200     0.2261     3.7385    63.8059    30.0
20230625.2300     0.2301     3.5586    65.1938    30.0
20230626.0000     0.2395     3.3742    73.1915    30.0
20230626.0100     0.2404     3.3210    77.7609    30.0
20230626.0200     0.2373     3.3007    79.4888    30.0
20230626.0300     0.2333     3.2697    79.3571    30.0
20230626.0400     0.2243     3.3203    77.9364    30.0
20230626.0500     0.2166     3.3596    76.4389    30.0
20230626.0600     0.2274     3.1439    69.8509    30.0
20230626.0700     0.2325     3.0836    53.3013    30.0
20230626.0800     0.2300     3.0698    47.5087    30.0
20230626.0900     0.2314     3.0378    39.5768    30.0
20230626.1000     0.2121     3.1677    37.6843    30.0
20230626.1100     0.2044     3.2228    41.0963    30.0
20230626.1200     0.1989     3.2457    45.2707    30.0
20230626.1300     0.1930     3.2845    48.8033    30.0
20230626.1400     0.2139     2.9914    75.1169    30.0
20230626.1500     0.2181     2.9743    92.7416    30.0
20230626.1600     0.2189     2.9675   102.1985    30.0
20230626.1700     0.2168     2.9551   104.1677    30.0
20230626.1800     0.2206     2.9287   108.3696    30.0
20230626.1900     0.2309     2.9054   114.5297    30.0
20230626.2000     0.2451     2.8809   119.2691    30.0
20230626.2100     0.2672     2.8342   123.4380    30.0
20230626.2200     0.2687     2.8323   124.1018    30.0
20230626.2300     0.2873     2.8125   125.7364    30.0
20230627.0000     0.3099     2.7983   128.7644    30.0
20230627.0100     0.3230     2.8018   131.6168    30.0
20230627.0200     0.3257     2.8032   135.4457    30.0
20230627.0300     0.3089     2.8266   136.5702    30.0
20230627.0400     0.2823     2.8602   136.0710    30.0
20230627.0500     0.2556     2.8919   134.2389    30.0
20230627.0600     0.2337     2.9113   131.6168    30.0
20230627.0700     0.2177     2.8973   128.5724    30.0
20230627.0800     0.2042     2.8929   124.8588    30.0
20230627.0900     0.1928     2.8891   120.7502    30.0
20230627.1000     0.1704     2.9922   117.0804    30.0
20230627.1100     0.1850     2.6970   118.8303    30.0
20230627.1200     0.1848     2.6660   119.0607    30.0
20230627.1300     0.1884     2.6084   116.9982    30.0
20230627.1400     0.1951     2.5838   116.7897    30.0
20230627.1500     0.2122     2.5997   124.1073    30.0
20230627.1600     0.2418     2.6174   131.8253    30.0
20230627.1700     0.2698     2.6201   134.1401    30.0
20230627.1800     0.2864     2.6301   135.7419    30.0
20230627.1900     0.3023     2.6628   137.6782    30.0
20230627.2000     0.3213     2.6864   138.4517    30.0
20230627.2100     0.3406     2.7125   138.2158    30.0
20230627.2200     0.3642     2.7447   136.6689    30.0
20230627.2300     0.3838     2.7871   136.3069    30.0
20230628.0000     0.3965     2.8312   136.6689    30.0
20230628.0100     0.4003     2.8685   137.1023    30.0
20230628.0200     0.3916     2.8913   137.3107    30.0
20230628.0300     0.3654     2.9122   136.7238    30.0
20230628.0400     0.3309     2.9426   135.4237    30.0
20230628.0500     0.2968     2.9908   133.2625    30.0
20230628.0600     0.2708     3.0245   130.5746    30.0
20230628.0700     0.2518     3.0443   127.0145    30.0
20230628.0800     0.2558     2.9206   111.6883    30.0
20230628.0900     0.2531     2.9125    95.9176    30.0
20230628.1000     0.2401     2.9651    77.7499    30.0
20230628.1100     0.2435     2.9667    69.3737    30.0
20230628.1200     0.2499     2.9600    64.7440    30.0
20230628.1300     0.2532     2.9903    62.7418    30.0
20230628.1400     0.2687     2.9366    70.3171    30.0
20230628.1500     0.2826     2.9383    79.5436    30.0
20230628.1600     0.2914     2.9672    86.4772    30.0
20230628.1700     0.3005     2.9733    92.9445    30.0
20230628.1800     0.3182     2.9617   103.8441    30.0
20230628.1900     0.3304     2.9465   112.4617    30.0
20230628.2000     0.3382     2.9552   119.6750    30.0
20230628.2100     0.3427     2.9694   124.7984    30.0
20230628.2200     0.3558     2.9734   129.6311    30.0
20230628.2300     0.3650     2.9771   129.6037    30.0
20230629.0000     0.3766     2.9725   130.1248    30.0
20230629.0100     0.3880     2.9746   132.1654    30.0
20230629.0200     0.3842     2.9966   133.8275    30.0
20230629.0300     0.3635     3.0295   133.7891    30.0
20230629.0400     0.3357     3.0689   132.6261    30.0
20230629.0500     0.3054     3.1263   130.0206    30.0
20230629.0600     0.2795     3.1816   126.5647    30.0
20230629.0700     0.2590     3.2234   122.7414    30.0
20230629.0800     0.2443     3.2363   118.1117    30.0
20230629.0900     0.2317     3.2620   112.8457    30.0
20230629.1000     0.2036     3.4995   105.9011    30.0
20230629.1100     0.1978     3.4972    98.7207    30.0
20230629.1200     0.1932     3.4990    92.4618    30.0
20230629.1300     0.1901     3.4916    87.4591    30.0
20230629.1400     0.1870     3.5002    83.4657    30.0
20230629.1500     0.2061     3.1507    87.7169    30.0
20230629.1600     0.2286     3.0137    98.9182    30.0
20230629.1700     0.2456     2.9537   106.8501    30.0
20230629.1800     0.2596     2.9112   113.5972    30.0
20230629.1900     0.2782     2.8944   119.0991    30.0
20230629.2000     0.2892     2.8780   122.3574    30.0
20230629.2100     0.2977     2.8870   124.2828    30.0
20230629.2200     0.3076     2.9021   124.0305    30.0
20230629.2300     0.3188     2.9101   124.2828    30.0
20230630.0000     0.3228     2.9247   123.6026    30.0
20230630.0100     0.3241     2.9333   123.7781    30.0
20230630.0200     0.3145     2.9583   123.9208    30.0
20230630.0300     0.2925     3.0119   122.5714    30.0
20230630.0400     0.2701     3.0686   120.4156    30.0
20230630.0500     0.2505     3.1263   117.9197    30.0
20230630.0600     0.2349     3.1719   114.9192    30.0
20230630.0700     0.2234     3.2011   111.2988    30.0
20230630.0800     0.2332     3.0208    94.8315    30.0
20230630.0900     0.2320     3.0097    80.1306    30.0
20230630.1000     0.2188     3.0594    64.6123    30.0
20230630.1100     0.2160     3.0669    61.9738    30.0
20230630.1200     0.2142     3.0701    60.8932    30.0
20230630.1300     0.2097     3.1175    60.8658    30.0
20230630.1400     0.2062     3.1568    61.3156    30.0
20230630.1500     0.2110     3.0725    63.6798    30.0
20230630.1600     0.2256     2.9616    78.7647    30.0
20230630.1700     0.2448     2.9168    96.2797    30.0
20230630.1800     0.2599     2.8913   108.7865    30.0
20230630.1900     0.2798     2.8569   119.9548    30.0
20230630.2000     0.3061     2.8239   127.9251    30.0
20230630.2100     0.3264     2.8224   132.4506    30.0
20230630.2200     0.3312     2.8567   132.7907    30.0
20230630.2300     0.3523     2.8569   133.9262    30.0
