TPAR
20230501.0000     0.1935     3.0903    77.1849    30.0
20230501.0100     0.1914     3.0925    77.3604    30.0
20230501.0200     0.1891     3.0970    77.4756    30.0
20230501.0300     0.1869     3.0992    77.5250    30.0
20230501.0400     0.1846     3.1004    77.5140    30.0
20230501.0500     0.1822     3.1083    77.5360    30.0
20230501.0600     0.1995     2.8817    68.1778    30.0
20230501.0700     0.2152     2.7897    55.4681    30.0
20230501.0800     0.2213     2.7564    47.1632    30.0
20230501.0900     0.2134     2.7889    49.4945    30.0
20230501.1000     0.2054     2.7649    47.6568    30.0
20230501.1100     0.1983     2.8071    50.0156    30.0
20230501.1200     0.1915     2.8524    52.6541    30.0
20230501.1300     0.1870     2.8744    55.4626    30.0
20230501.1400     0.1914     2.7840    60.7670    30.0
20230501.1500     0.2069     2.6661    84.1349    30.0
20230501.1600     0.2105     2.6590    93.9977    30.0
20230501.1700     0.2081     2.6705    95.2375    30.0
20230501.1800     0.2050     2.6897    96.0274    30.0
20230501.1900     0.2039     2.6988    98.6878    30.0
20230501.2000     0.2091     2.6845   105.0509    30.0
20230501.2100     0.2118     2.6862   107.9637    30.0
20230501.2200     0.2039     2.7039   109.0882    30.0
20230501.2300     0.2034     2.7171   105.5007    30.0
20230502.0000     0.2052     2.7103   101.0081    30.0
20230502.0100     0.2077     2.7015    96.4442    30.0
20230502.0200     0.2072     2.7084    95.2375    30.0
20230502.0300     0.2097     2.7021    92.1053    30.0
20230502.0400     0.2229     2.6661    85.5118    30.0
20230502.0500     0.2449     2.6440    78.7757    30.0
20230502.0600     0.2937     2.6341    70.4214    30.0
20230502.0700     0.3389     2.6751    69.6863    30.0
20230502.0800     0.3454     2.7583    72.7856    30.0
20230502.0900     0.3409     2.8095    74.9030    30.0
20230502.1000     0.3261     2.8599    77.5689    30.0
20230502.1100     0.3198     2.8775    78.9348    30.0
20230502.1200     0.3171     2.8824    81.4526    30.0
20230502.1300     0.3160     2.8867    83.6467    30.0
20230502.1400     0.3117     2.9033    84.2940    30.0
20230502.1500     0.3072     2.9246    84.3708    30.0
20230502.1600     0.3072     2.9315    85.1498    30.0
20230502.1700     0.3112     2.9320    86.4827    30.0
20230502.1800     0.3103     2.9605    87.3823    30.0
20230502.1900     0.3032     3.0217    86.7460    30.0
20230502.2000     0.3002     3.0589    86.7405    30.0
20230502.2100     0.3037     3.0598    88.0845    30.0
20230502.2200     0.3102     3.0566    91.5348    30.0
20230502.2300     0.3254     3.0324    92.5112    30.0
20230503.0000     0.3465     3.0139    93.2846    30.0
20230503.0100     0.3581     3.0499    93.0159    30.0
20230503.0200     0.3816     3.0525    94.3817    30.0
20230503.0300     0.3956     3.0994    93.4931    30.0
20230503.0400     0.3959     3.1816    91.6445    30.0
20230503.0500     0.3969     3.2483    89.5546    30.0
20230503.0600     0.4120     3.2560    85.1443    30.0
20230503.0700     0.4167     3.3008    84.0801    30.0
20230503.0800     0.4214     3.3474    81.8311    30.0
20230503.0900     0.4198     3.4102    81.2551    30.0
20230503.1000     0.4111     3.5137    81.1454    30.0
20230503.1100     0.4073     3.5943    81.2825    30.0
20230503.1200     0.4050     3.6696    81.5403    30.0
20230503.1300     0.4027     3.7540    81.5294    30.0
20230503.1400     0.4047     3.8072    82.0231    30.0
20230503.1500     0.4091     3.8437    82.4674    30.0
20230503.1600     0.4120     3.8947    82.7087    30.0
20230503.1700     0.4142     3.9548    82.6813    30.0
20230503.1800     0.4142     4.0317    82.4235    30.0
20230503.1900     0.4178     4.0716    82.7362    30.0
20230503.2000     0.4238     4.0864    83.7455    30.0
20230503.2100     0.4275     4.1198    84.4037    30.0
20230503.2200     0.4261     4.1994    84.7438    30.0
20230503.2300     0.4283     4.2427    84.6835    30.0
20230504.0000     0.4323     4.2664    84.9578    30.0
20230504.0100     0.4337     4.3095    84.8261    30.0
20230504.0200     0.4347     4.3505    84.7274    30.0
20230504.0300     0.4360     4.3819    84.5080    30.0
20230504.0400     0.4374     4.4047    84.1788    30.0
20230504.0500     0.4428     4.3812    83.4877    30.0
20230504.0600     0.4510     4.3259    82.3467    30.0
20230504.0700     0.4548     4.3100    81.3154    30.0
20230504.0800     0.4524     4.3427    81.1180    30.0
20230504.0900     0.4477     4.3899    81.4087    30.0
20230504.1000     0.4421     4.4319    81.8585    30.0
20230504.1100     0.4401     4.4410    82.4070    30.0
20230504.1200     0.4350     4.4763    82.4345    30.0
20230504.1300     0.4332     4.4629    82.8952    30.0
20230504.1400     0.4331     4.4367    84.2721    30.0
20230504.1500     0.4310     4.4249    84.8590    30.0
20230504.1600     0.4277     4.4207    85.1114    30.0
20230504.1700     0.4275     4.3869    86.1591    30.0
20230504.1800     0.4252     4.3715    86.8393    30.0
20230504.1900     0.4219     4.3657    87.2342    30.0
20230504.2000     0.4189     4.3554    87.6676    30.0
20230504.2100     0.4139     4.3695    87.5688    30.0
20230504.2200     0.4059     4.4167    87.7444    30.0
20230504.2300     0.4037     4.4044    87.5414    30.0
20230505.0000     0.4011     4.4009    87.4481    30.0
20230505.0100     0.3988     4.3955    87.4591    30.0
20230505.0200     0.4003     4.3539    88.2271    30.0
20230505.0300     0.4000     4.3300    88.2271    30.0
20230505.0400     0.4026     4.2817    88.0515    30.0
20230505.0500     0.4031     4.2606    87.1684    30.0
20230505.0600     0.4060     4.2166    85.7696    30.0
20230505.0700     0.4076     4.1903    84.6615    30.0
20230505.0800     0.4067     4.1901    84.2776    30.0
20230505.0900     0.4065     4.1841    83.9375    30.0
20230505.1000     0.4217     4.0534    81.1893    30.0
20230505.1100     0.4260     4.0280    81.4416    30.0
20230505.1200     0.4258     4.0410    81.4581    30.0
20230505.1300     0.4242     4.0624    81.3374    30.0
20230505.1400     0.4229     4.0759    81.2222    30.0
20230505.1500     0.4196     4.1084    81.0028    30.0
20230505.1600     0.4174     4.1208    80.9424    30.0
20230505.1700     0.4202     4.0802    82.1328    30.0
20230505.1800     0.4202     4.0703    83.0653    30.0
20230505.1900     0.4165     4.0836    82.9501    30.0
20230505.2000     0.4117     4.1051    82.7307    30.0
20230505.2100     0.4064     4.1266    82.3851    30.0
20230505.2200     0.4020     4.1337    83.1969    30.0
20230505.2300     0.4009     4.1096    83.7510    30.0
20230506.0000     0.3973     4.1087    83.8991    30.0
20230506.0100     0.3930     4.1120    83.5754    30.0
20230506.0200     0.3877     4.1269    83.1092    30.0
20230506.0300     0.3815     4.1524    82.6703    30.0
20230506.0400     0.3775     4.1482    82.2150    30.0
20230506.0500     0.3753     4.1247    81.6446    30.0
20230506.0600     0.3734     4.1014    80.8821    30.0
20230506.0700     0.3744     4.0417    79.4339    30.0
20230506.0800     0.3730     4.0117    78.5179    30.0
20230506.0900     0.3684     4.0114    78.4246    30.0
20230506.1000     0.3567     4.0752    78.3259    30.0
20230506.1100     0.3503     4.0997    78.6166    30.0
20230506.1200     0.3456     4.1147    78.8744    30.0
20230506.1300     0.3420     4.1198    79.1267    30.0
20230506.1400     0.3394     4.1218    79.4284    30.0
20230506.1500     0.3368     4.1294    79.7137    30.0
20230506.1600     0.3373     4.0951    80.0812    30.0
20230506.1700     0.3351     4.1066    80.2403    30.0
20230506.1800     0.3324     4.1230    80.2951    30.0
20230506.1900     0.3343     4.0726    80.7504    30.0
20230506.2000     0.3401     3.9843    83.3066    30.0
20230506.2100     0.3408     3.9628    84.4476    30.0
20230506.2200     0.3326     4.0181    84.6286    30.0
20230506.2300     0.3299     4.0306    84.0965    30.0
20230507.0000     0.3264     4.0522    83.5315    30.0
20230507.0100     0.3228     4.0736    82.9720    30.0
20230507.0200     0.3197     4.0916    82.4619    30.0
20230507.0300     0.3168     4.1060    81.9956    30.0
20230507.0400     0.3141     4.1176    81.5842    30.0
20230507.0500     0.3117     4.1264    81.2112    30.0
20230507.0600     0.3171     4.0160    80.1909    30.0
20230507.0700     0.3212     3.9501    78.2820    30.0
20230507.0800     0.3223     3.9212    77.2233    30.0
20230507.0900     0.3217     3.9095    77.2233    30.0
20230507.1000     0.3156     3.9406    77.4153    30.0
20230507.1100     0.3136     3.9580    77.8596    30.0
20230507.1200     0.3111     3.9778    78.2052    30.0
20230507.1300     0.3099     3.9859    78.5782    30.0
20230507.1400     0.3210     3.8247    81.2332    30.0
20230507.1500     0.3225     3.8052    82.8459    30.0
20230507.1600     0.3189     3.8442    82.5606    30.0
20230507.1700     0.3155     3.8870    82.2315    30.0
20230507.1800     0.3127     3.9259    81.9188    30.0
20230507.1900     0.3106     3.9599    81.6555    30.0
20230507.2000     0.3113     3.9524    81.5733    30.0
20230507.2100     0.3106     3.9731    81.4526    30.0
20230507.2200     0.3066     4.0152    81.4965    30.0
20230507.2300     0.3070     4.0267    81.5239    30.0
20230508.0000     0.3068     4.0466    81.4800    30.0
20230508.0100     0.3067     4.0663    81.4361    30.0
20230508.0200     0.3063     4.0865    81.3758    30.0
20230508.0300     0.3061     4.1064    81.3154    30.0
20230508.0400     0.3061     4.1240    81.2496    30.0
20230508.0500     0.3135     4.0193    80.4597    30.0
20230508.0600     0.3134     4.0278    80.3335    30.0
20230508.0700     0.3134     4.0350    80.2074    30.0
20230508.0800     0.3128     4.0428    80.1196    30.0
20230508.0900     0.3123     4.0488    80.0044    30.0
20230508.1000     0.3050     4.1323    79.7850    30.0
20230508.1100     0.3023     4.1669    80.0099    30.0
20230508.1200     0.3002     4.1904    80.1690    30.0
20230508.1300     0.2979     4.2115    80.3171    30.0
20230508.1400     0.2956     4.2261    80.4433    30.0
20230508.1500     0.2936     4.2362    80.5310    30.0
20230508.1600     0.2914     4.2404    80.5859    30.0
20230508.1700     0.2898     4.2345    80.5914    30.0
20230508.1800     0.2879     4.2216    80.6243    30.0
20230508.1900     0.2863     4.2040    80.8108    30.0
20230508.2000     0.2834     4.2085    80.8821    30.0
20230508.2100     0.2803     4.2134    80.9205    30.0
20230508.2200     0.2692     4.3373    81.0905    30.0
20230508.2300     0.2682     4.3074    81.2935    30.0
20230509.0000     0.2662     4.2992    81.3483    30.0
20230509.0100     0.2641     4.2913    81.3758    30.0
20230509.0200     0.2642     4.2518    81.6500    30.0
20230509.0300     0.2628     4.2401    81.5733    30.0
20230509.0400     0.2610     4.2326    81.4526    30.0
20230509.0500     0.2597     4.2204    81.2661    30.0
20230509.0600     0.2577     4.2207    81.1289    30.0
20230509.0700     0.2635     4.0801    79.9441    30.0
20230509.0800     0.2794     3.8456    73.4822    30.0
20230509.0900     0.2850     3.7610    73.3780    30.0
20230509.1000     0.2761     3.8376    74.1295    30.0
20230509.1100     0.2790     3.7902    75.4021    30.0
20230509.1200     0.2831     3.7342    77.1794    30.0
20230509.1300     0.2888     3.6721    79.2310    30.0
20230509.1400     0.2957     3.6085    80.5365    30.0
20230509.1500     0.3003     3.5692    80.7395    30.0
20230509.1600     0.3058     3.5339    80.8985    30.0
20230509.1700     0.3166     3.4709    81.9188    30.0
20230509.1800     0.3322     3.3950    83.6248    30.0
20230509.1900     0.3527     3.3157    86.7131    30.0
20230509.2000     0.3800     3.2377    91.3154    30.0
20230509.2100     0.4013     3.2016    93.5809    30.0
20230509.2200     0.3958     3.2772    93.2462    30.0
20230509.2300     0.4038     3.2909    92.3850    30.0
20230510.0000     0.4278     3.2697    92.5167    30.0
20230510.0100     0.4564     3.2856    92.0011    30.0
20230510.0200     0.4972     3.3233    91.1234    30.0
20230510.0300     0.5525     3.3967    90.0098    30.0
20230510.0400     0.6253     3.5067    88.7866    30.0
20230510.0500     0.7074     3.6544    87.4646    30.0
20230510.0600     0.7850     3.8194    86.3017    30.0
20230510.0700     0.8527     3.9787    85.5282    30.0
20230510.0800     0.9248     4.1109    85.8793    30.0
20230510.0900     1.0043     4.2195    88.2051    30.0
20230510.1000     1.0240     4.3598    88.2545    30.0
20230510.1100     1.0465     4.4445    89.1212    30.0
20230510.1200     1.0621     4.4964    90.2951    30.0
20230510.1300     1.0706     4.5207    91.5458    30.0
20230510.1400     1.0727     4.5302    92.3850    30.0
20230510.1500     1.0506     4.5580    91.8859    30.0
20230510.1600     1.0189     4.5708    90.8820    30.0
20230510.1700     1.0056     4.5290    90.3115    30.0
20230510.1800     1.0132     4.4658    90.2128    30.0
20230510.1900     0.9765     4.4801    89.5162    30.0
20230510.2000     0.9377     4.4840    88.7153    30.0
20230510.2100     0.9150     4.4441    88.3971    30.0
20230510.2200     0.8812     4.4329    87.7773    30.0
20230510.2300     0.8950     4.4520    86.8118    30.0
20230511.0000     0.8686     4.4435    86.0000    30.0
20230511.0100     0.8428     4.4393    85.1278    30.0
20230511.0200     0.8213     4.4258    84.1624    30.0
20230511.0300     0.8001     4.4153    83.1092    30.0
20230511.0400     0.7823     4.3950    82.2754    30.0
20230511.0500     0.7600     4.3925    81.6226    30.0
20230511.0600     0.7399     4.3804    81.0741    30.0
20230511.0700     0.7174     4.3811    80.5530    30.0
20230511.0800     0.6984     4.3658    80.3281    30.0
20230511.0900     0.6921     4.2936    81.2277    30.0
20230511.1000     0.6899     4.2131    82.9501    30.0
20230511.1100     0.6978     4.1131    85.7312    30.0
20230511.1200     0.7156     4.0163    88.5562    30.0
20230511.1300     0.7322     3.9651    90.4048    30.0
20230511.1400     0.7466     3.9483    91.3867    30.0
20230511.1500     0.7507     3.9695    91.3757    30.0
20230511.1600     0.7502     4.0013    90.8162    30.0
20230511.1700     0.7488     4.0332    90.2347    30.0
20230511.1800     0.7481     4.0574    90.0318    30.0
20230511.1900     0.7499     4.0738    90.1854    30.0
20230511.2000     0.7478     4.0981    90.2951    30.0
20230511.2100     0.7440     4.1239    90.3061    30.0
20230511.2200     0.7299     4.1772    89.4832    30.0
20230511.2300     0.7188     4.2150    88.6769    30.0
20230512.0000     0.7138     4.2264    88.3587    30.0
20230512.0100     0.7085     4.2470    87.7169    30.0
20230512.0200     0.7081     4.2646    86.8831    30.0
20230512.0300     0.7263     4.2375    86.3840    30.0
20230512.0400     0.7649     4.1918    85.7586    30.0
20230512.0500     0.8061     4.1867    84.4312    30.0
20230512.0600     0.8352     4.2232    83.2573    30.0
20230512.0700     0.8394     4.3015    82.2096    30.0
20230512.0800     0.8338     4.3819    81.4416    30.0
20230512.0900     0.8290     4.4425    80.8876    30.0
20230512.1000     0.8244     4.4893    80.9095    30.0
20230512.1100     0.8198     4.5482    80.6572    30.0
20230512.1200     0.8145     4.5989    80.2951    30.0
20230512.1300     0.8171     4.6180    80.3335    30.0
20230512.1400     0.8310     4.5987    80.8985    30.0
20230512.1500     0.8469     4.5836    81.5239    30.0
20230512.1600     0.8589     4.5849    82.2754    30.0
20230512.1700     0.8646     4.6045    82.9391    30.0
20230512.1800     0.8572     4.6627    82.9720    30.0
20230512.1900     0.8443     4.7304    82.7362    30.0
20230512.2000     0.8312     4.7842    82.6484    30.0
20230512.2100     0.8168     4.8331    82.5771    30.0
20230512.2200     0.8024     4.8709    82.7581    30.0
20230512.2300     0.7854     4.9184    82.4783    30.0
20230513.0000     0.7702     4.9491    82.3906    30.0
20230513.0100     0.7567     4.9627    82.6210    30.0
20230513.0200     0.7401     4.9915    82.4893    30.0
20230513.0300     0.7221     5.0352    82.0340    30.0
20230513.0400     0.7049     5.0753    81.5458    30.0
20230513.0500     0.6897     5.1034    81.1564    30.0
20230513.0600     0.6756     5.1274    80.7779    30.0
20230513.0700     0.6616     5.1566    80.3994    30.0
20230513.0800     0.6498     5.1738    80.1306    30.0
20230513.0900     0.6393     5.1832    79.9715    30.0
20230513.1000     0.6297     5.1850    79.9605    30.0
20230513.1100     0.6267     5.1386    80.0922    30.0
20230513.1200     0.6263     5.0753    80.6188    30.0
20230513.1300     0.6287     4.9955    81.6830    30.0
20230513.1400     0.6311     4.9166    83.1366    30.0
20230513.1500     0.6363     4.8161    85.4844    30.0
20230513.1600     0.6433     4.7089    88.6659    30.0
20230513.1700     0.6540     4.5809    93.3121    30.0
20230513.1800     0.6656     4.4629    99.2802    30.0
20230513.1900     0.6747     4.3749   105.1332    30.0
20230513.2000     0.6794     4.3161   109.9768    30.0
20230513.2100     0.6804     4.2782   113.8550    30.0
20230513.2200     0.6670     4.3011   114.5187    30.0
20230513.2300     0.7694     4.6525   115.2538    30.0
20230514.0000     0.7502     4.7081   112.4891    30.0
20230514.0100     0.7350     4.7578   110.3279    30.0
20230514.0200     0.7196     4.8111   107.9911    30.0
20230514.0300     0.6989     4.8899   104.7327    30.0
20230514.0400     0.6730     4.9951   100.8655    30.0
20230514.0500     0.6449     5.1169    96.9599    30.0
20230514.0600     0.6191     5.2137    93.7838    30.0
20230514.0700     0.5967     5.2705    91.3373    30.0
20230514.0800     0.5773     5.2844    89.3406    30.0
20230514.0900     0.5601     5.2681    87.5085    30.0
20230514.1000     0.5431     5.2435    85.4131    30.0
20230514.1100     0.5344     5.1241    83.7016    30.0
20230514.1200     0.5245     5.0147    82.5826    30.0
20230514.1300     0.5133     4.9223    81.9463    30.0
20230514.1400     0.4982     4.8743    81.9847    30.0
20230514.1500     0.4848     4.8061    82.6813    30.0
20230514.1600     0.4755     4.6985    84.4147    30.0
20230514.1700     0.4697     4.5709    87.2123    30.0
20230514.1800     0.4620     4.4686    89.6588    30.0
20230514.1900     0.4610     4.3256    94.0032    30.0
20230514.2000     0.4569     4.2150    97.8430    30.0
20230514.2100     0.4554     4.1065   102.5221    30.0
20230514.2200     0.4517     4.0350   108.1063    30.0
20230514.2300     0.4468     3.9760   111.1233    30.0
20230515.0000     0.4449     3.9044   114.3048    30.0
20230515.0100     0.4470     3.8208   118.3311    30.0
20230515.0200     0.4403     3.7997   118.9949    30.0
20230515.0300     0.4227     3.8437   116.1808    30.0
20230515.0400     0.4012     3.9148   111.7980    30.0
20230515.0500     0.3816     3.9826   107.4261    30.0
20230515.0600     0.3642     4.0449   103.4382    30.0
20230515.0700     0.3517     4.0711    99.5380    30.0
20230515.0800     0.3451     4.0469    95.2759    30.0
20230515.0900     0.3415     4.0022    91.2605    30.0
20230515.1000     0.3350     3.9924    86.1262    30.0
20230515.1100     0.3356     3.9223    83.7126    30.0
20230515.1200     0.3348     3.8722    82.7965    30.0
20230515.1300     0.3314     3.8579    82.7307    30.0
20230515.1400     0.3274     3.8542    82.9995    30.0
20230515.1500     0.3254     3.8326    83.5590    30.0
20230515.1600     0.3283     3.7588    85.7806    30.0
20230515.1700     0.3335     3.6764    89.3077    30.0
20230515.1800     0.3372     3.6172    92.8513    30.0
20230515.1900     0.3346     3.6100    94.2885    30.0
20230515.2000     0.3286     3.6280    94.6286    30.0
20230515.2100     0.3225     3.6477    94.4640    30.0
20230515.2200     0.3088     3.7375    94.3708    30.0
20230515.2300     0.3065     3.7229    94.0416    30.0
20230516.0000     0.3042     3.7121    93.5370    30.0
20230516.0100     0.3016     3.7042    92.9829    30.0
20230516.0200     0.2993     3.6990    92.3795    30.0
20230516.0300     0.2960     3.7014    91.5567    30.0
20230516.0400     0.2927     3.7092    90.8436    30.0
20230516.0500     0.2895     3.7128    89.9934    30.0
20230516.0600     0.2867     3.7061    88.9841    30.0
20230516.0700     0.2839     3.7026    87.9418    30.0
20230516.0800     0.2832     3.6834    86.4224    30.0
20230516.0900     0.2825     3.6562    85.4295    30.0
20230516.1000     0.2867     3.5693    82.6429    30.0
20230516.1100     0.2935     3.4844    81.9737    30.0
20230516.1200     0.2981     3.4238    82.0285    30.0
20230516.1300     0.3003     3.3893    82.2754    30.0
20230516.1400     0.3010     3.3657    82.7581    30.0
20230516.1500     0.3005     3.3538    83.8387    30.0
20230516.1600     0.3014     3.3235    86.1865    30.0
20230516.1700     0.3031     3.2852    89.3022    30.0
20230516.1800     0.3015     3.2675    91.2331    30.0
20230516.1900     0.3011     3.2445    93.9977    30.0
20230516.2000     0.2970     3.2370    95.1552    30.0
20230516.2100     0.2938     3.2233    96.6308    30.0
20230516.2200     0.2866     3.2334    99.5545    30.0
20230516.2300     0.3132     3.3460   102.5440    30.0
20230517.0000     0.3088     3.2903   103.3998    30.0
20230517.0100     0.3053     3.2371   104.7492    30.0
20230517.0200     0.3054     3.1780   107.1299    30.0
20230517.0300     0.2996     3.1692   107.0531    30.0
20230517.0400     0.2908     3.1851   104.9138    30.0
20230517.0500     0.2829     3.1994   102.1656    30.0
20230517.0600     0.2758     3.2148    99.3460    30.0
20230517.0700     0.2699     3.2265    96.4113    30.0
20230517.0800     0.2713     3.1882    92.0120    30.0
20230517.0900     0.2806     3.1177    86.8502    30.0
20230517.1000     0.2843     3.0839    80.6517    30.0
20230517.1100     0.2968     3.0259    78.1284    30.0
20230517.1200     0.3146     2.9690    77.6731    30.0
20230517.1300     0.3329     2.9454    78.1778    30.0
20230517.1400     0.3495     2.9480    78.5014    30.0
20230517.1500     0.3600     2.9765    79.6204    30.0
20230517.1600     0.3617     3.0153    82.1657    30.0
20230517.1700     0.3608     3.0380    85.1607    30.0
20230517.1800     0.3556     3.0648    87.3659    30.0
20230517.1900     0.3509     3.0828    89.5600    30.0
20230517.2000     0.3490     3.0852    92.5496    30.0
20230517.2100     0.3453     3.0911    94.2830    30.0
20230517.2200     0.3417     3.1075    97.7882    30.0
20230517.2300     0.3415     3.1056    98.6439    30.0
20230518.0000     0.3413     3.1129    99.0169    30.0
20230518.0100     0.3413     3.1257    98.8140    30.0
20230518.0200     0.3414     3.1422    98.2874    30.0
20230518.0300     0.3412     3.1657    97.4810    30.0
20230518.0400     0.3382     3.2062    96.0658    30.0
20230518.0500     0.3327     3.2650    94.0471    30.0
20230518.0600     0.3271     3.3283    91.9517    30.0
20230518.0700     0.3230     3.3777    90.1031    30.0
20230518.0800     0.3202     3.4189    88.4575    30.0
20230518.0900     0.3202     3.4348    86.9490    30.0
20230518.1000     0.3152     3.4781    84.6341    30.0
20230518.1100     0.3140     3.5009    83.9265    30.0
20230518.1200     0.3124     3.5225    83.4657    30.0
20230518.1300     0.3126     3.5266    83.2518    30.0
20230518.1400     0.3152     3.5029    83.6303    30.0
20230518.1500     0.3178     3.4759    84.3544    30.0
20230518.1600     0.3243     3.4221    86.5540    30.0
20230518.1700     0.3309     3.3762    88.6988    30.0
20230518.1800     0.3349     3.3539    89.9056    30.0
20230518.1900     0.3412     3.3251    92.0614    30.0
20230518.2000     0.3479     3.2984    94.6231    30.0
20230518.2100     0.3503     3.2964    95.6160    30.0
20230518.2200     0.3459     3.3381    95.8902    30.0
20230518.2300     0.3438     3.3662    94.7547    30.0
20230519.0000     0.3417     3.3941    93.5644    30.0
20230519.0100     0.3396     3.4199    92.3576    30.0
20230519.0200     0.3383     3.4393    91.5019    30.0
20230519.0300     0.3366     3.4608    90.5529    30.0
20230519.0400     0.3357     3.4770    89.5655    30.0
20230519.0500     0.3344     3.4992    88.2161    30.0
20230519.0600     0.3353     3.5056    86.3840    30.0
20230519.0700     0.3409     3.4840    84.1514    30.0
20230519.0800     0.3431     3.4896    82.8514    30.0
20230519.0900     0.3434     3.5087    82.1657    30.0
20230519.1000     0.3436     3.5247    80.2842    30.0
20230519.1100     0.3458     3.5380    80.2238    30.0
20230519.1200     0.3488     3.5476    80.1909    30.0
20230519.1300     0.3517     3.5589    79.9715    30.0
20230519.1400     0.3573     3.5516    79.7521    30.0
20230519.1500     0.3647     3.5346    79.8783    30.0
20230519.1600     0.3765     3.4988    80.4487    30.0
20230519.1700     0.3912     3.4620    81.4581    30.0
20230519.1800     0.4060     3.4392    82.8239    30.0
20230519.1900     0.4245     3.4075    84.6670    30.0
20230519.2000     0.4412     3.3906    86.3620    30.0
20230519.2100     0.4508     3.4045    87.3933    30.0
20230519.2200     0.4624     3.4027    88.6440    30.0
20230519.2300     0.4804     3.4797    88.8689    30.0
20230520.0000     0.4779     3.5276    88.3039    30.0
20230520.0100     0.4728     3.5705    87.5304    30.0
20230520.0200     0.4684     3.5971    86.8996    30.0
20230520.0300     0.4610     3.6326    86.0494    30.0
20230520.0400     0.4540     3.6578    85.2595    30.0
20230520.0500     0.4481     3.6750    84.4531    30.0
20230520.0600     0.4425     3.6919    83.5041    30.0
20230520.0700     0.4386     3.7002    82.5277    30.0
20230520.0800     0.4378     3.6928    81.6281    30.0
20230520.0900     0.4390     3.6782    81.0466    30.0
20230520.1000     0.4424     3.6534    79.9167    30.0
20230520.1100     0.4536     3.6031    79.4175    30.0
20230520.1200     0.4629     3.5769    79.3955    30.0
20230520.1300     0.4716     3.5602    79.5162    30.0
20230520.1400     0.4808     3.5500    79.6314    30.0
20230520.1500     0.4871     3.5585    79.5162    30.0
20230520.1600     0.4877     3.5903    79.3791    30.0
20230520.1700     0.4876     3.6203    79.5272    30.0
20230520.1800     0.4861     3.6516    79.9880    30.0
20230520.1900     0.4845     3.6792    80.4981    30.0
20230520.2000     0.4810     3.7168    80.5036    30.0
20230520.2100     0.4776     3.7501    80.5365    30.0
20230520.2200     0.4806     3.7404    81.5129    30.0
20230520.2300     0.4900     3.7135    83.1092    30.0
20230521.0000     0.5013     3.6903    84.6725    30.0
20230521.0100     0.5142     3.6841    85.7422    30.0
20230521.0200     0.5290     3.6912    86.1700    30.0
20230521.0300     0.5465     3.7052    86.1042    30.0
20230521.0400     0.5604     3.7478    85.2265    30.0
20230521.0500     0.5666     3.8187    83.7455    30.0
20230521.0600     0.5680     3.9002    82.2918    30.0
20230521.0700     0.5667     3.9790    81.0247    30.0
20230521.0800     0.5672     4.0278    79.9112    30.0
20230521.0900     0.5718     4.0382    78.9348    30.0
20230521.1000     0.5783     4.0278    78.0845    30.0
20230521.1100     0.5815     4.0276    77.9693    30.0
20230521.1200     0.5806     4.0381    78.1613    30.0
20230521.1300     0.5827     4.0273    78.4850    30.0
20230521.1400     0.5878     4.0019    78.8964    30.0
20230521.1500     0.5907     3.9924    79.2749    30.0
20230521.1600     0.5917     3.9911    79.8289    30.0
20230521.1700     0.5909     3.9990    81.1070    30.0
20230521.1800     0.5880     4.0150    82.5442    30.0
20230521.1900     0.5807     4.0517    83.2024    30.0
20230521.2000     0.5707     4.1039    83.1750    30.0
20230521.2100     0.5632     4.1398    83.3341    30.0
20230521.2200     0.5538     4.1882    83.3780    30.0
20230521.2300     0.5485     4.2132    83.5480    30.0
20230522.0000     0.5450     4.2260    83.8003    30.0
20230522.0100     0.5420     4.2360    84.0307    30.0
20230522.0200     0.5384     4.2515    84.0527    30.0
20230522.0300     0.5338     4.2762    83.7345    30.0
20230522.0400     0.5306     4.2926    83.2847    30.0
20230522.0500     0.5280     4.3044    82.7032    30.0
20230522.0600     0.5263     4.3101    82.1163    30.0
20230522.0700     0.5255     4.3078    81.6171    30.0
20230522.0800     0.5243     4.3047    81.1728    30.0
20230522.0900     0.5251     4.2878    80.7943    30.0
20230522.1000     0.5210     4.3032    80.2622    30.0
20230522.1100     0.5247     4.2974    80.0264    30.0
20230522.1200     0.5263     4.2768    79.8453    30.0
20230522.1300     0.5273     4.2615    79.6917    30.0
20230522.1400     0.5288     4.2471    79.5217    30.0
20230522.1500     0.5328     4.2200    79.2365    30.0
20230522.1600     0.5414     4.1712    79.0225    30.0
20230522.1700     0.5487     4.1413    79.3462    30.0
20230522.1800     0.5549     4.1204    80.4433    30.0
20230522.1900     0.5591     4.1101    81.6555    30.0
20230522.2000     0.5609     4.1079    82.7307    30.0
20230522.2100     0.5619     4.1073    83.7729    30.0
20230522.2200     0.5635     4.0960    85.4295    30.0
20230522.2300     0.5655     4.0965    86.5485    30.0
20230523.0000     0.5683     4.1010    87.4591    30.0
20230523.0100     0.5672     4.1111    87.9912    30.0
20230523.0200     0.5608     4.1460    87.7005    30.0
20230523.0300     0.5507     4.2004    86.7625    30.0
20230523.0400     0.5413     4.2468    85.6983    30.0
20230523.0500     0.5345     4.2721    84.7493    30.0
20230523.0600     0.5294     4.2807    83.7510    30.0
20230523.0700     0.5248     4.2843    82.8294    30.0
20230523.0800     0.5183     4.2991    82.2534    30.0
20230523.0900     0.5128     4.3033    81.8256    30.0
20230523.1000     0.5092     4.2887    81.2057    30.0
20230523.1100     0.5083     4.2528    80.9534    30.0
20230523.1200     0.5084     4.2086    80.8272    30.0
20230523.1300     0.5083     4.1677    80.7504    30.0
20230523.1400     0.5072     4.1355    80.8601    30.0
20230523.1500     0.5044     4.1178    80.9644    30.0
20230523.1600     0.5038     4.0844    81.4197    30.0
20230523.1700     0.5059     4.0354    82.4235    30.0
20230523.1800     0.5065     4.0003    83.2682    30.0
20230523.1900     0.5072     3.9678    84.2940    30.0
20230523.2000     0.5066     3.9437    85.2485    30.0
20230523.2100     0.5055     3.9234    86.2194    30.0
20230523.2200     0.5014     3.9154    87.1464    30.0
20230523.2300     0.5050     3.8704    88.8579    30.0
20230524.0000     0.5075     3.8383    90.1579    30.0
20230524.0100     0.5080     3.8268    90.8162    30.0
20230524.0200     0.5045     3.8451    90.5419    30.0
20230524.0300     0.4977     3.8866    89.4284    30.0
20230524.0400     0.4933     3.9189    88.0241    30.0
20230524.0500     0.4945     3.9180    86.5266    30.0
20230524.0600     0.5020     3.8880    84.9687    30.0
20230524.0700     0.5120     3.8572    83.6797    30.0
20230524.0800     0.5190     3.8513    82.8349    30.0
20230524.0900     0.5190     3.8812    82.4070    30.0
20230524.1000     0.5175     3.9068    82.1218    30.0
20230524.1100     0.5244     3.8906    82.2150    30.0
20230524.1200     0.5312     3.8801    82.3577    30.0
20230524.1300     0.5337     3.8919    82.7142    30.0
20230524.1400     0.5368     3.8997    83.1640    30.0
20230524.1500     0.5437     3.8907    83.7290    30.0
20230524.1600     0.5556     3.8702    84.8261    30.0
20230524.1700     0.5701     3.8513    86.2523    30.0
20230524.1800     0.5874     3.8321    88.2710    30.0
20230524.1900     0.6037     3.8239    90.6407    30.0
20230524.2000     0.6098     3.8530    92.0285    30.0
20230524.2100     0.6074     3.9050    92.4947    30.0
20230524.2200     0.5924     3.9997    91.3977    30.0
20230524.2300     0.5819     4.0650    90.5803    30.0
20230525.0000     0.5758     4.0943    90.5364    30.0
20230525.0100     0.5718     4.1062    90.8820    30.0
20230525.0200     0.5662     4.1251    90.8765    30.0
20230525.0300     0.5562     4.1698    90.0921    30.0
20230525.0400     0.5452     4.2250    88.8579    30.0
20230525.0500     0.5374     4.2593    87.4756    30.0
20230525.0600     0.5387     4.2320    85.8354    30.0
20230525.0700     0.5498     4.1479    84.0911    30.0
20230525.0800     0.5630     4.0749    82.8568    30.0
20230525.0900     0.5678     4.0609    82.2809    30.0
20230525.1000     0.5650     4.0825    81.6994    30.0
20230525.1100     0.5795     4.1392    81.3374    30.0
20230525.1200     0.5799     4.1553    81.2990    30.0
20230525.1300     0.5803     4.1697    81.1838    30.0
20230525.1400     0.5853     4.1594    80.9753    30.0
20230525.1500     0.5952     4.1293    81.0960    30.0
20230525.1600     0.6004     4.1274    81.3209    30.0
20230525.1700     0.5960     4.1715    81.2880    30.0
20230525.1800     0.5876     4.2252    81.2167    30.0
20230525.1900     0.5823     4.2490    81.7488    30.0
20230525.2000     0.5822     4.2303    83.3012    30.0
20230525.2100     0.5828     4.1985    85.1443    30.0
20230525.2200     0.5780     4.1935    86.5047    30.0
20230525.2300     0.5714     4.2088    86.8338    30.0
20230526.0000     0.5628     4.2392    86.4663    30.0
20230526.0100     0.5548     4.2702    85.8958    30.0
20230526.0200     0.5484     4.2923    85.4240    30.0
20230526.0300     0.5423     4.3193    84.7713    30.0
20230526.0400     0.5385     4.3338    84.1459    30.0
20230526.0500     0.5371     4.3341    83.4164    30.0
20230526.0600     0.5387     4.3177    82.4564    30.0
20230526.0700     0.5457     4.2667    81.2222    30.0
20230526.0800     0.5569     4.2016    80.1470    30.0
20230526.0900     0.5667     4.1575    79.4120    30.0
20230526.1000     0.5882     4.0706    78.1723    30.0
20230526.1100     0.6072     4.0186    77.6951    30.0
20230526.1200     0.6169     4.0119    77.3824    30.0
20230526.1300     0.6194     4.0250    77.1794    30.0
20230526.1400     0.6194     4.0398    77.0587    30.0
20230526.1500     0.6165     4.0606    77.0423    30.0
20230526.1600     0.6089     4.0976    77.1575    30.0
20230526.1700     0.6008     4.1284    77.6402    30.0
20230526.1800     0.5988     4.1199    78.8086    30.0
20230526.1900     0.6049     4.0704    81.0631    30.0
20230526.2000     0.6156     4.0098    83.8223    30.0
20230526.2100     0.6299     3.9529    86.9435    30.0
20230526.2200     0.6361     3.9422    89.1102    30.0
20230526.2300     0.7458     4.2692    90.6132    30.0
20230527.0000     0.7486     4.4130    89.2090    30.0
20230527.0100     0.7464     4.5534    87.6456    30.0
20230527.0200     0.7470     4.6567    86.6418    30.0
20230527.0300     0.7457     4.7565    85.6599    30.0
20230527.0400     0.7382     4.8912    84.2117    30.0
20230527.0500     0.7313     5.0185    82.9336    30.0
20230527.0600     0.7262     5.1259    81.9627    30.0
20230527.0700     0.7226     5.2075    81.1289    30.0
20230527.0800     0.7206     5.2589    80.3555    30.0
20230527.0900     0.7180     5.2932    79.7905    30.0
20230527.1000     0.7172     5.2835    78.8799    30.0
20230527.1100     0.7153     5.2588    78.6385    30.0
20230527.1200     0.7086     5.2483    78.7757    30.0
20230527.1300     0.6992     5.2380    79.0829    30.0
20230527.1400     0.6882     5.2192    79.4449    30.0
20230527.1500     0.6759     5.1903    79.9880    30.0
20230527.1600     0.6620     5.1590    80.5694    30.0
20230527.1700     0.6466     5.1281    81.0741    30.0
20230527.1800     0.6312     5.0871    81.6446    30.0
20230527.1900     0.6228     4.9825    83.5206    30.0
20230527.2000     0.6159     4.8641    85.8080    30.0
20230527.2100     0.6133     4.7180    89.1651    30.0
20230527.2200     0.6062     4.6182    92.3137    30.0
20230527.2300     0.6064     4.4854    95.3691    30.0
20230528.0000     0.5996     4.4142    96.6253    30.0
20230528.0100     0.5865     4.3886    96.5156    30.0
20230528.0200     0.5716     4.3827    95.7311    30.0
20230528.0300     0.5539     4.4141    93.8496    30.0
20230528.0400     0.5394     4.4474    91.7323    30.0
20230528.0500     0.5304     4.4670    89.7630    30.0
20230528.0600     0.5266     4.4810    87.9199    30.0
20230528.0700     0.5294     4.4759    85.9835    30.0
20230528.0800     0.5385     4.4503    83.9704    30.0
20230528.0900     0.5561     4.3838    82.2041    30.0
20230528.1000     0.5756     4.3227    80.5091    30.0
20230528.1100     0.6956     4.5013    79.5601    30.0
20230528.1200     0.7111     4.4344    79.5052    30.0
20230528.1300     0.7092     4.4515    79.5766    30.0
20230528.1400     0.6961     4.5083    79.6095    30.0
20230528.1500     0.6807     4.5613    79.7301    30.0
20230528.1600     0.6686     4.5739    80.4378    30.0
20230528.1700     0.6567     4.5721    81.2990    30.0
20230528.1800     0.6466     4.5514    82.5497    30.0
20230528.1900     0.6393     4.5073    84.3928    30.0
20230528.2000     0.6327     4.4563    86.3730    30.0
20230528.2100     0.6265     4.4104    88.3532    30.0
20230528.2200     0.6133     4.4186    89.3132    30.0
20230528.2300     0.6047     4.4138    89.6149    30.0
20230529.0000     0.6009     4.3935    90.0318    30.0
20230529.0100     0.6027     4.3609    90.5090    30.0
20230529.0200     0.6116     4.3132    91.2441    30.0
20230529.0300     0.6204     4.2955    91.2441    30.0
20230529.0400     0.6233     4.3319    90.0208    30.0
20230529.0500     0.6235     4.3877    88.3148    30.0
20230529.0600     0.6288     4.4068    86.3675    30.0
20230529.0700     0.6426     4.3677    84.3434    30.0
20230529.0800     0.6599     4.3111    82.8733    30.0
20230529.0900     0.6729     4.2769    82.1053    30.0
20230529.1000     0.6790     4.2634    81.2002    30.0
20230529.1100     0.6789     4.2632    80.9589    30.0
20230529.1200     0.6768     4.2570    80.7614    30.0
20230529.1300     0.6748     4.2394    80.6078    30.0
20230529.1400     0.6739     4.2121    80.4103    30.0
20230529.1500     0.6764     4.1744    80.3500    30.0
20230529.1600     0.6803     4.1436    80.6791    30.0
20230529.1700     0.6837     4.1224    81.4306    30.0
20230529.1800     0.6898     4.0968    82.6210    30.0
20230529.1900     0.7003     4.0664    84.0582    30.0
20230529.2000     0.7106     4.0526    85.4405    30.0
20230529.2100     0.7220     4.0525    86.7680    30.0
20230529.2200     0.7336     4.0631    88.0899    30.0
20230529.2300     0.7438     4.1302    88.4136    30.0
20230530.0000     0.7460     4.1805    88.5068    30.0
20230530.0100     0.7522     4.2119    88.8250    30.0
20230530.0200     0.7572     4.2449    88.7756    30.0
20230530.0300     0.7611     4.2757    88.3148    30.0
20230530.0400     0.7680     4.2890    87.8431    30.0
20230530.0500     0.7745     4.3004    87.2671    30.0
20230530.0600     0.7753     4.3254    86.3511    30.0
20230530.0700     0.7735     4.3471    85.2595    30.0
20230530.0800     0.7690     4.3654    84.3160    30.0
20230530.0900     0.7611     4.3857    83.5096    30.0
20230530.1000     0.7509     4.4012    82.6484    30.0
20230530.1100     0.7399     4.4139    82.0615    30.0
20230530.1200     0.7322     4.4047    81.7323    30.0
20230530.1300     0.7294     4.3752    81.4800    30.0
20230530.1400     0.7280     4.3441    81.1618    30.0
20230530.1500     0.7240     4.3293    81.0083    30.0
20230530.1600     0.7153     4.3355    81.1618    30.0
20230530.1700     0.7081     4.3343    81.9517    30.0
20230530.1800     0.7013     4.3320    83.2134    30.0
20230530.1900     0.6936     4.3345    84.7109    30.0
20230530.2000     0.6843     4.3436    86.1207    30.0
20230530.2100     0.6772     4.3429    87.7334    30.0
20230530.2200     0.6699     4.3422    89.2693    30.0
20230530.2300     0.6626     4.3534    90.2128    30.0
20230531.0000     0.6560     4.3644    90.9588    30.0
20230531.0100     0.6529     4.3613    91.7926    30.0
20230531.0200     0.6490     4.3691    92.0998    30.0
20230531.0300     0.6426     4.3926    91.6610    30.0
20230531.0400     0.6363     4.4176    90.8107    30.0
20230531.0500     0.6317     4.4364    89.6807    30.0
20230531.0600     0.6295     4.4424    88.3971    30.0
20230531.0700     0.6313     4.4285    86.8009    30.0
20230531.0800     0.6364     4.3964    85.2320    30.0
20230531.0900     0.6437     4.3585    84.0417    30.0
20230531.1000     0.6607     4.2845    82.9172    30.0
20230531.1100     0.7263     4.3499    82.6813    30.0
20230531.1200     0.7462     4.2679    82.6484    30.0
20230531.1300     0.7656     4.2137    82.5222    30.0
20230531.1400     0.7742     4.2034    82.4564    30.0
20230531.1500     0.7727     4.2222    82.3741    30.0
20230531.1600     0.7651     4.2543    82.4454    30.0
20230531.1700     0.7573     4.2754    83.0104    30.0
20230531.1800     0.7450     4.2997    83.7455    30.0
20230531.1900     0.7323     4.3115    84.7493    30.0
20230531.2000     0.7205     4.3144    85.7806    30.0
20230531.2100     0.7107     4.3054    87.0422    30.0
20230531.2200     0.6930     4.3338    87.4207    30.0
20230531.2300     0.6744     4.3732    87.1903    30.0
20230601.0000     0.6584     4.3992    87.0093    30.0
20230601.0100     0.6439     4.4215    86.7460    30.0
20230601.0200     0.6304     4.4417    86.3346    30.0
20230601.0300     0.6173     4.4650    85.6654    30.0
20230601.0400     0.6058     4.4830    84.9303    30.0
20230601.0500     0.5960     4.4920    84.0582    30.0
20230601.0600     0.5884     4.4878    82.9611    30.0
20230601.0700     0.5861     4.4491    81.6007    30.0
20230601.0800     0.5913     4.3661    80.2403    30.0
20230601.0900     0.6022     4.2683    79.1871    30.0
20230601.1000     0.6105     4.2026    78.2820    30.0
20230601.1100     0.6169     4.1577    78.1558    30.0
20230601.1200     0.6184     4.1357    78.3204    30.0
20230601.1300     0.6136     4.1403    78.3588    30.0
20230601.1400     0.6041     4.1647    78.2930    30.0
20230601.1500     0.5926     4.1980    78.1778    30.0
20230601.1600     0.5854     4.2054    78.5343    30.0
20230601.1700     0.5831     4.1886    79.5382    30.0
20230601.1800     0.5835     4.1609    81.0028    30.0
20230601.1900     0.5810     4.1529    82.1547    30.0
20230601.2000     0.5762     4.1589    83.0488    30.0
20230601.2100     0.5675     4.1874    83.3286    30.0
20230601.2200     0.5519     4.2582    82.7197    30.0
20230601.2300     0.6232     4.6163    82.2809    30.0
20230602.0000     0.6096     4.6547    81.6555    30.0
20230602.0100     0.5958     4.6850    81.0741    30.0
20230602.0200     0.5835     4.6973    80.7450    30.0
20230602.0300     0.5714     4.7004    80.4049    30.0
20230602.0400     0.5610     4.6903    80.2622    30.0
20230602.0500     0.5497     4.6833    79.9002    30.0
20230602.0600     0.5404     4.6643    79.4065    30.0
20230602.0700     0.5346     4.6162    78.6989    30.0
20230602.0800     0.5374     4.5057    77.4592    30.0
20230602.0900     0.5423     4.3906    76.6089    30.0
20230602.1000     0.5590     4.2249    74.6068    30.0
20230602.1100     0.5837     4.0725    74.0582    30.0
20230602.1200     0.6062     3.9756    74.3928    30.0
20230602.1300     0.6299     3.9072    75.0730    30.0
20230602.1400     0.6571     3.8632    75.8410    30.0
20230602.1500     0.6739     3.8668    76.5815    30.0
20230602.1600     0.6837     3.8875    77.8761    30.0
20230602.1700     0.6906     3.9023    80.3171    30.0
20230602.1800     0.6887     3.9379    82.1273    30.0
20230602.1900     0.6804     3.9948    83.0543    30.0
20230602.2000     0.6719     4.0560    83.5480    30.0
20230602.2100     0.6620     4.1294    83.4054    30.0
20230602.2200     0.6490     4.2208    82.6484    30.0
20230602.2300     0.6374     4.3150    81.4745    30.0
20230603.0000     0.6276     4.3984    80.4487    30.0
20230603.0100     0.6190     4.4690    79.6369    30.0
20230603.0200     0.6120     4.5244    79.0390    30.0
20230603.0300     0.6056     4.5687    78.6715    30.0
20230603.0400     0.5984     4.6135    78.1394    30.0
20230603.0500     0.5914     4.6528    77.5908    30.0
20230603.0600     0.5846     4.6839    77.0752    30.0
20230603.0700     0.5799     4.6931    76.6035    30.0
20230603.0800     0.5762     4.6890    76.0549    30.0
20230603.0900     0.5716     4.6849    75.7752    30.0
20230603.1000     0.5679     4.6661    75.4735    30.0
20230603.1100     0.5822     4.6290    75.5393    30.0
20230603.1200     0.5890     4.5304    75.6380    30.0
20230603.1300     0.5976     4.4441    75.7806    30.0
20230603.1400     0.6026     4.3930    75.9781    30.0
20230603.1500     0.6022     4.3738    76.4883    30.0
20230603.1600     0.6001     4.3622    77.2836    30.0
20230603.1700     0.5971     4.3528    78.5453    30.0
20230603.1800     0.5910     4.3592    79.5656    30.0
20230603.1900     0.5841     4.3682    80.5036    30.0
20230603.2000     0.5755     4.3877    81.1234    30.0
20230603.2100     0.5656     4.4152    81.3922    30.0
20230603.2200     0.5629     4.3869    83.3999    30.0
20230603.2300     0.5541     4.4003    84.0143    30.0
20230604.0000     0.5411     4.4513    83.6248    30.0
20230604.0100     0.5284     4.5021    82.9117    30.0
20230604.0200     0.5184     4.5304    82.4783    30.0
20230604.0300     0.5094     4.5517    82.0395    30.0
20230604.0400     0.5014     4.5654    81.5458    30.0
20230604.0500     0.4944     4.5719    80.9863    30.0
20230604.0600     0.4883     4.5710    80.3829    30.0
20230604.0700     0.4861     4.5364    79.4230    30.0
20230604.0800     0.4829     4.5134    78.5234    30.0
20230604.0900     0.4779     4.5097    77.8980    30.0
20230604.1000     0.4663     4.5698    77.6073    30.0
20230604.1100     0.4621     4.5594    77.8102    30.0
20230604.1200     0.4594     4.5321    78.0516    30.0
20230604.1300     0.4560     4.5091    78.2217    30.0
20230604.1400     0.4523     4.4869    78.3698    30.0
20230604.1500     0.4482     4.4699    78.6495    30.0
20230604.1600     0.4447     4.4384    78.9896    30.0
20230604.1700     0.4418     4.4001    79.4888    30.0
20230604.1800     0.4365     4.3834    79.7576    30.0
20230604.1900     0.4289     4.3941    79.6917    30.0
20230604.2000     0.4215     4.3995    79.6040    30.0
20230604.2100     0.4142     4.4049    79.4504    30.0
20230604.2200     0.3999     4.4938    79.0884    30.0
20230604.2300     0.4006     4.5069    79.0664    30.0
20230605.0000     0.3947     4.4869    78.9951    30.0
20230605.0100     0.3950     4.3818    79.6040    30.0
20230605.0200     0.3926     4.3316    80.6298    30.0
20230605.0300     0.3916     4.2727    81.5787    30.0
20230605.0400     0.3882     4.2385    81.5239    30.0
20230605.0500     0.3846     4.2098    81.2770    30.0
20230605.0600     0.3807     4.1933    80.8711    30.0
20230605.0700     0.3807     4.1409    79.9880    30.0
20230605.0800     0.3877     4.0315    78.1558    30.0
20230605.0900     0.4011     3.8908    76.4663    30.0
20230605.1000     0.4073     3.8239    76.5267    30.0
20230605.1100     0.4021     3.8529    77.3714    30.0
20230605.1200     0.3997     3.8635    77.6951    30.0
20230605.1300     0.4016     3.8500    77.5963    30.0
20230605.1400     0.4098     3.8062    77.5744    30.0
20230605.1500     0.4278     3.7154    79.1322    30.0
20230605.1600     0.4417     3.6690    80.3500    30.0
20230605.1700     0.4488     3.6690    80.7559    30.0
20230605.1800     0.4536     3.6847    81.2496    30.0
20230605.1900     0.4539     3.7209    81.1728    30.0
20230605.2000     0.4533     3.7572    80.9315    30.0
20230605.2100     0.4529     3.7895    80.7888    30.0
20230605.2200     0.4460     3.8645    80.1141    30.0
20230605.2300     0.4467     3.8830    80.1635    30.0
20230606.0000     0.4485     3.8925    80.6298    30.0
20230606.0100     0.4513     3.8936    81.5897    30.0
20230606.0200     0.4516     3.9044    81.9463    30.0
20230606.0300     0.4501     3.9312    81.8640    30.0
20230606.0400     0.4455     3.9817    81.0247    30.0
20230606.0500     0.4422     4.0227    79.9002    30.0
20230606.0600     0.4440     4.0213    78.2930    30.0
20230606.0700     0.4519     3.9743    76.1975    30.0
20230606.0800     0.4726     3.8611    73.5206    30.0
20230606.0900     0.4702     3.8999    74.0088    30.0
20230606.1000     0.4676     3.9254    75.2595    30.0
20230606.1100     0.4696     3.9267    77.2836    30.0
20230606.1200     0.4699     3.9413    78.7976    30.0
20230606.1300     0.4650     3.9905    78.7044    30.0
20230606.1400     0.4637     4.0157    78.9293    30.0
20230606.1500     0.4623     4.0457    78.9567    30.0
20230606.1600     0.4602     4.0847    78.6001    30.0
20230606.1700     0.4597     4.1172    78.3423    30.0
20230606.1800     0.4600     4.1492    78.1065    30.0
20230606.1900     0.4602     4.1834    77.8377    30.0
20230606.2000     0.4618     4.2093    77.7499    30.0
20230606.2100     0.4649     4.2239    78.0900    30.0
20230606.2200     0.4619     4.2871    78.1613    30.0
20230606.2300     0.4648     4.2995    77.9584    30.0
20230607.0000     0.4676     4.3084    78.0681    30.0
20230607.0100     0.4736     4.2853    79.2749    30.0
20230607.0200     0.4799     4.2578    80.5804    30.0
20230607.0300     0.4831     4.2436    80.9589    30.0
20230607.0400     0.4846     4.2437    80.8163    30.0
20230607.0500     0.4856     4.2455    80.2842    30.0
20230607.0600     0.4882     4.2352    79.6698    30.0
20230607.0700     0.4962     4.1926    78.9732    30.0
20230607.0800     0.5184     4.0823    78.2217    30.0
20230607.0900     0.5632     3.9318    77.6347    30.0
20230607.1000     0.5953     3.9110    77.6292    30.0
20230607.1100     0.6358     3.9458    78.1942    30.0
20230607.1200     0.6597     4.0023    78.6221    30.0
20230607.1300     0.6760     4.0711    79.0390    30.0
20230607.1400     0.6885     4.1376    79.6863    30.0
20230607.1500     0.7012     4.1887    80.7175    30.0
20230607.1600     0.7145     4.2296    81.8256    30.0
20230607.1700     0.7237     4.2854    82.4399    30.0
20230607.1800     0.7265     4.3674    82.2480    30.0
20230607.1900     0.7296     4.4461    81.8640    30.0
20230607.2000     0.7349     4.5089    81.7543    30.0
20230607.2100     0.7409     4.5608    81.9243    30.0
20230607.2200     0.7440     4.6208    81.7927    30.0
20230607.2300     0.7951     4.7890    81.7543    30.0
20230608.0000     0.7964     4.8260    81.3045    30.0
20230608.0100     0.7954     4.8653    80.6682    30.0
20230608.0200     0.7929     4.9019    79.9002    30.0
20230608.0300     0.7895     4.9240    79.2090    30.0
20230608.0400     0.7842     4.9385    78.4740    30.0
20230608.0500     0.7783     4.9353    77.7499    30.0
20230608.0600     0.7715     4.9171    77.0203    30.0
20230608.0700     0.7647     4.8839    76.3731    30.0
20230608.0800     0.7565     4.8479    75.9013    30.0
20230608.0900     0.7474     4.8094    75.6380    30.0
20230608.1000     0.7360     4.7804    75.3802    30.0
20230608.1100     0.7249     4.7471    75.3253    30.0
20230608.1200     0.7145     4.7128    75.4186    30.0
20230608.1300     0.7062     4.6685    75.6654    30.0
20230608.1400     0.6970     4.6374    75.8081    30.0
20230608.1500     0.6844     4.6325    75.7697    30.0
20230608.1600     0.6718     4.6310    75.7752    30.0
20230608.1700     0.6644     4.5967    76.4718    30.0
20230608.1800     0.6588     4.5504    77.6402    30.0
20230608.1900     0.6505     4.5229    78.6550    30.0
20230608.2000     0.6403     4.5084    79.5107    30.0
20230608.2100     0.6266     4.5150    79.9112    30.0
20230608.2200     0.6128     4.5231    80.5804    30.0
20230608.2300     0.5991     4.5315    80.7888    30.0
20230609.0000     0.5843     4.5521    80.6901    30.0
20230609.0100     0.5704     4.5714    80.5804    30.0
20230609.0200     0.5575     4.5857    80.5146    30.0
20230609.0300     0.5459     4.5963    80.3939    30.0
20230609.0400     0.5358     4.5997    80.0757    30.0
20230609.0500     0.5279     4.5866    79.6534    30.0
20230609.0600     0.5225     4.5536    79.0170    30.0
20230609.0700     0.5201     4.4963    78.1833    30.0
20230609.0800     0.5194     4.4303    77.5744    30.0
20230609.0900     0.5210     4.3507    77.0807    30.0
20230609.1000     0.5204     4.2955    76.4773    30.0
20230609.1100     0.5160     4.2776    76.5815    30.0
20230609.1200     0.5072     4.2887    76.7077    30.0
20230609.1300     0.4966     4.3104    76.7790    30.0
20230609.1400     0.4854     4.3399    76.8777    30.0
20230609.1500     0.4756     4.3547    77.1465    30.0
20230609.1600     0.4687     4.3414    77.7170    30.0
20230609.1700     0.4642     4.3022    78.8634    30.0
20230609.1800     0.4623     4.2441    80.7614    30.0
20230609.1900     0.4568     4.2181    82.0285    30.0
20230609.2000     0.4510     4.1921    83.3560    30.0
20230609.2100     0.4444     4.1708    84.4312    30.0
20230609.2200     0.4361     4.1667    86.6089    30.0
20230609.2300     0.4303     4.1332    87.7882    30.0
20230610.0000     0.4248     4.0985    89.0444    30.0
20230610.0100     0.4189     4.0685    90.2018    30.0
20230610.0200     0.4112     4.0549    90.7723    30.0
20230610.0300     0.4011     4.0710    90.1744    30.0
20230610.0400     0.3907     4.0887    89.0773    30.0
20230610.0500     0.3819     4.0951    87.7334    30.0
20230610.0600     0.3753     4.0853    86.1920    30.0
20230610.0700     0.3732     4.0325    83.9046    30.0
20230610.0800     0.3761     3.9477    81.0466    30.0
20230610.0900     0.3804     3.8615    78.2436    30.0
20230610.1000     0.3798     3.8144    75.5338    30.0
20230610.1100     0.3812     3.7615    74.8865    30.0
20230610.1200     0.3851     3.6968    74.5464    30.0
20230610.1300     0.3909     3.6310    74.6287    30.0
20230610.1400     0.3971     3.5764    75.0785    30.0
20230610.1500     0.4029     3.5396    76.3127    30.0
20230610.1600     0.4052     3.5255    78.0406    30.0
20230610.1700     0.4122     3.4879    81.3374    30.0
20230610.1800     0.4231     3.4431    85.3253    30.0
20230610.1900     0.4326     3.4114    88.4465    30.0
20230610.2000     0.4402     3.3961    90.9369    30.0
20230610.2100     0.4384     3.4355    91.4306    30.0
20230610.2200     0.4306     3.5007    91.1069    30.0
20230610.2300     0.4259     3.5648    90.0318    30.0
20230611.0000     0.4255     3.6087    89.9714    30.0
20230611.0100     0.4271     3.6485    90.2402    30.0
20230611.0200     0.4286     3.6967    90.3115    30.0
20230611.0300     0.4274     3.7720    89.3571    30.0
20230611.0400     0.4263     3.8580    87.9638    30.0
20230611.0500     0.4276     3.9350    86.5430    30.0
20230611.0600     0.4318     3.9968    85.1717    30.0
20230611.0700     0.4397     4.0359    83.8387    30.0
20230611.0800     0.4474     4.0801    82.8788    30.0
20230611.0900     0.4594     4.0891    82.2205    30.0
20230611.1000     0.4825     4.0243    80.7120    30.0
20230611.1100     0.5170     3.9287    81.1783    30.0
20230611.1200     0.5759     3.8026    83.6687    30.0
20230611.1300     0.6414     3.7479    86.3072    30.0
20230611.1400     0.6746     3.8012    87.4481    30.0
20230611.1500     0.6857     3.8875    88.1942    30.0
20230611.1600     0.6911     3.9742    88.7043    30.0
20230611.1700     0.6997     4.0499    89.2419    30.0
20230611.1800     0.7049     4.1436    89.1980    30.0
20230611.1900     0.7049     4.2578    88.4465    30.0
20230611.2000     0.7050     4.3725    87.3713    30.0
20230611.2100     0.7049     4.4895    85.9945    30.0
20230611.2200     0.7019     4.6247    84.3763    30.0
20230611.2300     0.7254     4.7928    83.1201    30.0
20230612.0000     0.7355     4.8789    82.4290    30.0
20230612.0100     0.7479     4.9321    82.1821    30.0
20230612.0200     0.7653     4.9383    82.4729    30.0
20230612.0300     0.7884     4.9088    82.9391    30.0
20230612.0400     0.8136     4.8783    83.1092    30.0
20230612.0500     0.8333     4.8833    82.6429    30.0
20230612.0600     0.8435     4.9264    81.7049    30.0
20230612.0700     0.8473     4.9837    80.6462    30.0
20230612.0800     0.8476     5.0394    79.6314    30.0
20230612.0900     0.8510     5.0574    78.8799    30.0
20230612.1000     0.8546     5.0585    78.4685    30.0
20230612.1100     0.8612     5.0399    78.4850    30.0
20230612.1200     0.8722     5.0004    78.3643    30.0
20230612.1300     0.8832     4.9644    78.3972    30.0
20230612.1400     0.8908     4.9438    78.6824    30.0
20230612.1500     0.8941     4.9325    79.2968    30.0
20230612.1600     0.8899     4.9458    79.8234    30.0
20230612.1700     0.8845     4.9508    80.5804    30.0
20230612.1800     0.8761     4.9621    81.1070    30.0
20230612.1900     0.8636     4.9877    81.3319    30.0
20230612.2000     0.8500     5.0136    81.4526    30.0
20230612.2100     0.8375     5.0291    81.5623    30.0
20230612.2200     0.8228     5.0598    81.3758    30.0
20230612.2300     0.8151     5.0490    81.3867    30.0
20230613.0000     0.8135     5.0082    81.5897    30.0
20230613.0100     0.8183     4.9452    81.8914    30.0
20230613.0200     0.8250     4.8885    82.0724    30.0
20230613.0300     0.8321     4.8482    82.0231    30.0
20230613.0400     0.8387     4.8220    81.6939    30.0
20230613.0500     0.8504     4.7812    81.3593    30.0
20230613.0600     0.8696     4.7238    81.0302    30.0
20230613.0700     0.8953     4.6608    80.6791    30.0
20230613.0800     0.9201     4.6180    80.4049    30.0
20230613.0900     0.9361     4.6048    80.2842    30.0
20230613.1000     0.9222     4.6649    79.9715    30.0
20230613.1100     0.9979     4.8692    79.7192    30.0
20230613.1200     0.9905     4.8735    79.3462    30.0
20230613.1300     0.9819     4.8643    78.9018    30.0
20230613.1400     0.9736     4.8468    78.5618    30.0
20230613.1500     0.9624     4.8354    78.4740    30.0
20230613.1600     0.9517     4.8203    78.6660    30.0
20230613.1700     0.9453     4.7887    79.3407    30.0
20230613.1800     0.9443     4.7429    80.5036    30.0
20230613.1900     0.9451     4.7003    81.9079    30.0
20230613.2000     0.9374     4.6902    82.9611    30.0
20230613.2100     0.9256     4.6900    83.9814    30.0
20230613.2200     0.9084     4.7021    84.9852    30.0
20230613.2300     0.8901     4.7120    85.8464    30.0
20230614.0000     0.8683     4.7350    86.2084    30.0
20230614.0100     0.8446     4.7677    86.0439    30.0
20230614.0200     0.8216     4.8035    85.5282    30.0
20230614.0300     0.7975     4.8572    84.4257    30.0
20230614.0400     0.7756     4.9087    83.1750    30.0
20230614.0500     0.7585     4.9397    82.0889    30.0
20230614.0600     0.7488     4.9209    81.2222    30.0
20230614.0700     0.7480     4.8461    80.3335    30.0
20230614.0800     0.7602     4.7121    79.2365    30.0
20230614.0900     0.7742     4.5950    78.7592    30.0
20230614.1000     0.7741     4.5503    78.4575    30.0
20230614.1100     0.7822     4.4764    78.3149    30.0
20230614.1200     0.7800     4.4486    78.3807    30.0
20230614.1300     0.7676     4.4525    78.3423    30.0
20230614.1400     0.7531     4.4581    78.2984    30.0
20230614.1500     0.7322     4.4868    78.2820    30.0
20230614.1600     0.7079     4.5298    78.2655    30.0
20230614.1700     0.6842     4.5693    78.2546    30.0
20230614.1800     0.6631     4.5991    78.4136    30.0
20230614.1900     0.6472     4.5971    79.3078    30.0
20230614.2000     0.6355     4.5706    80.7230    30.0
20230614.2100     0.6258     4.5343    82.3302    30.0
20230614.2200     0.6078     4.5617    82.7691    30.0
20230614.2300     0.6288     4.6855    83.3889    30.0
20230615.0000     0.6152     4.7262    83.2737    30.0
20230615.0100     0.6008     4.7774    82.8239    30.0
20230615.0200     0.5886     4.8152    82.4564    30.0
20230615.0300     0.5783     4.8371    82.2150    30.0
20230615.0400     0.5691     4.8515    81.9079    30.0
20230615.0500     0.5596     4.8650    81.4800    30.0
20230615.0600     0.5516     4.8637    81.0960    30.0
20230615.0700     0.5468     4.8295    80.7175    30.0
20230615.0800     0.5440     4.7723    80.1854    30.0
20230615.0900     0.5468     4.6672    79.2365    30.0
20230615.1000     0.5473     4.5809    77.6402    30.0
20230615.1100     0.5510     4.4831    77.1136    30.0
20230615.1200     0.5573     4.3790    76.6473    30.0
20230615.1300     0.5674     4.2708    76.2085    30.0
20230615.1400     0.5698     4.2195    76.1262    30.0
20230615.1500     0.5667     4.1997    76.1811    30.0
20230615.1600     0.5607     4.1957    76.2688    30.0
20230615.1700     0.5519     4.2052    76.4115    30.0
20230615.1800     0.5433     4.2115    76.5760    30.0
20230615.1900     0.5374     4.2007    76.8887    30.0
20230615.2000     0.5360     4.1622    77.9309    30.0
20230615.2100     0.5379     4.1080    79.8124    30.0
20230615.2200     0.5278     4.1336    80.1032    30.0
20230615.2300     0.5232     4.1268    80.5255    30.0
20230616.0000     0.5171     4.1352    80.6298    30.0
20230616.0100     0.5106     4.1529    80.5914    30.0
20230616.0200     0.5048     4.1685    80.4817    30.0
20230616.0300     0.4999     4.1859    80.2403    30.0
20230616.0400     0.4959     4.2037    79.8508    30.0
20230616.0500     0.4946     4.2058    79.4120    30.0
20230616.0600     0.4957     4.1940    78.7483    30.0
20230616.0700     0.4993     4.1663    77.9145    30.0
20230616.0800     0.5031     4.1400    77.3001    30.0
20230616.0900     0.5051     4.1271    77.0094    30.0
20230616.1000     0.5013     4.1533    76.8284    30.0
20230616.1100     0.5266     4.3110    77.0094    30.0
20230616.1200     0.5198     4.3471    77.0917    30.0
20230616.1300     0.5124     4.3764    77.0917    30.0
20230616.1400     0.5046     4.4005    77.0807    30.0
20230616.1500     0.4963     4.4202    77.0642    30.0
20230616.1600     0.4877     4.4343    77.0752    30.0
20230616.1700     0.4853     4.3740    78.1065    30.0
20230616.1800     0.4791     4.3558    79.0445    30.0
20230616.1900     0.4720     4.3456    79.5820    30.0
20230616.2000     0.4658     4.3254    80.1416    30.0
20230616.2100     0.4664     4.2544    81.9353    30.0
20230616.2200     0.4676     4.1804    84.0746    30.0
20230616.2300     0.4751     4.0710    85.9451    30.0
20230617.0000     0.4935     3.9267    88.0680    30.0
20230617.0100     0.5260     3.7778    89.0993    30.0
20230617.0200     0.5760     3.6592    89.0773    30.0
20230617.0300     0.6221     3.6353    87.7224    30.0
20230617.0400     0.6568     3.6740    85.6654    30.0
20230617.0500     0.6826     3.7364    83.2518    30.0
20230617.0600     0.7103     3.7912    80.6462    30.0
20230617.0700     0.7378     3.8418    78.5398    30.0
20230617.0800     0.7565     3.8952    77.3988    30.0
20230617.0900     0.7607     3.9517    76.7461    30.0
20230617.1000     0.7575     3.9995    75.7477    30.0
20230617.1100     0.7537     4.0296    74.9139    30.0
20230617.1200     0.7394     4.0741    74.3819    30.0
20230617.1300     0.7217     4.1155    73.9430    30.0
20230617.1400     0.7010     4.1613    73.6907    30.0
20230617.1500     0.6786     4.2117    73.4548    30.0
20230617.1600     0.6562     4.2624    73.2519    30.0
20230617.1700     0.6361     4.3011    73.1367    30.0
20230617.1800     0.6183     4.3263    73.1257    30.0
20230617.1900     0.6031     4.3361    73.2299    30.0
20230617.2000     0.5923     4.3170    73.5974    30.0
20230617.2100     0.5875     4.2649    74.3489    30.0
20230617.2200     0.5910     4.1768    75.4899    30.0
20230617.2300     0.6344     4.1532    76.7845    30.0
20230618.0000     0.6570     4.0578    77.9638    30.0
20230618.0100     0.6838     3.9835    78.9293    30.0
20230618.0200     0.7124     3.9367    79.4010    30.0
20230618.0300     0.7391     3.9165    79.5107    30.0
20230618.0400     0.7551     3.9225    79.4010    30.0
20230618.0500     0.7632     3.9379    79.0170    30.0
20230618.0600     0.7668     3.9516    78.3368    30.0
20230618.0700     0.7699     3.9592    77.4427    30.0
20230618.0800     0.7707     3.9638    76.6309    30.0
20230618.0900     0.7619     3.9743    76.2250    30.0
20230618.1000     0.7244     4.0336    76.0385    30.0
20230618.1100     0.6975     4.0445    75.9726    30.0
20230618.1200     0.6732     4.0459    75.9507    30.0
20230618.1300     0.6580     4.0172    75.7916    30.0
20230618.1400     0.6512     3.9705    75.5502    30.0
20230618.1500     0.6471     3.9328    75.1663    30.0
20230618.1600     0.6419     3.9105    74.8536    30.0
20230618.1700     0.6294     3.9167    74.8975    30.0
20230618.1800     0.6079     3.9560    75.1992    30.0
20230618.1900     0.5837     4.0012    75.5557    30.0
20230618.2000     0.5626     4.0273    76.0769    30.0
20230618.2100     0.5439     4.0385    76.6638    30.0
20230618.2200     0.5307     4.0144    77.8322    30.0
20230618.2300     0.5176     4.0018    78.3588    30.0
20230619.0000     0.5059     3.9906    78.6495    30.0
20230619.0100     0.4944     3.9861    78.8031    30.0
20230619.0200     0.4822     3.9929    78.9073    30.0
20230619.0300     0.4693     4.0110    78.9238    30.0
20230619.0400     0.4571     4.0278    78.9402    30.0
20230619.0500     0.4459     4.0373    78.8634    30.0
20230619.0600     0.4370     4.0334    78.5343    30.0
20230619.0700     0.4308     4.0116    77.8651    30.0
20230619.0800     0.4248     3.9923    77.5195    30.0
20230619.0900     0.4178     3.9836    77.4921    30.0
20230619.1000     0.4050     4.0220    77.6018    30.0
20230619.1100     0.3984     4.0142    77.5469    30.0
20230619.1200     0.3917     4.0075    77.3440    30.0
20230619.1300     0.3822     4.0299    77.6073    30.0
20230619.1400     0.3733     4.0480    77.9693    30.0
20230619.1500     0.3640     4.0712    78.3259    30.0
20230619.1600     0.3566     4.0768    78.7263    30.0
20230619.1700     0.3500     4.0687    79.1761    30.0
20230619.1800     0.3436     4.0621    79.6150    30.0
20230619.1900     0.3369     4.0604    80.1470    30.0
20230619.2000     0.3327     4.0252    81.0412    30.0
20230619.2100     0.3302     3.9745    82.5826    30.0
20230619.2200     0.3204     3.9997    84.4696    30.0
20230619.2300     0.3166     3.9712    84.5683    30.0
20230620.0000     0.3136     3.9408    84.8810    30.0
20230620.0100     0.3112     3.9025    84.6177    30.0
20230620.0200     0.3094     3.8601    84.1240    30.0
20230620.0300     0.3105     3.7896    82.7855    30.0
20230620.0400     0.3092     3.7491    81.7104    30.0
20230620.0500     0.3079     3.7123    80.4871    30.0
20230620.0600     0.3062     3.6837    79.4449    30.0
20230620.0700     0.3052     3.6513    78.4136    30.0
20230620.0800     0.3057     3.6073    77.5799    30.0
20230620.0900     0.3068     3.5610    77.5634    30.0
20230620.1000     0.3076     3.5179    78.5618    30.0
20230620.1100     0.3202     3.4058    79.9880    30.0
20230620.1200     0.3324     3.3249    80.6901    30.0
20230620.1300     0.3433     3.2737    81.1399    30.0
20230620.1400     0.3623     3.2085    82.2918    30.0
20230620.1500     0.3895     3.1496    83.1585    30.0
20230620.1600     0.4188     3.1280    83.4109    30.0
20230620.1700     0.4494     3.1398    83.4218    30.0
20230620.1800     0.4802     3.1751    83.9375    30.0
20230620.1900     0.5089     3.2225    85.5228    30.0
20230620.2000     0.5347     3.2717    88.3039    30.0
20230620.2100     0.5560     3.3195    91.6774    30.0
20230620.2200     0.5594     3.3871    93.6577    30.0
20230620.2300     0.5943     3.5624    94.6286    30.0
20230621.0000     0.5820     3.6329    94.2062    30.0
20230621.0100     0.5661     3.6999    93.3066    30.0
20230621.0200     0.5491     3.7575    92.1601    30.0
20230621.0300     0.5303     3.8172    90.5419    30.0
20230621.0400     0.5130     3.8652    88.8908    30.0
20230621.0500     0.4996     3.8873    87.4097    30.0
20230621.0600     0.4950     3.8564    85.2430    30.0
20230621.0700     0.5115     3.7272    81.3154    30.0
20230621.0800     0.5387     3.6109    78.4740    30.0
20230621.0900     0.5652     3.5607    77.1026    30.0
20230621.1000     0.5715     3.5710    75.7697    30.0
20230621.1100     0.5789     3.5796    75.3912    30.0
20230621.1200     0.5852     3.5970    75.4735    30.0
20230621.1300     0.5826     3.6394    76.0659    30.0
20230621.1400     0.5741     3.6967    76.7516    30.0
20230621.1500     0.5668     3.7461    77.1410    30.0
20230621.1600     0.5627     3.7833    77.2727    30.0
20230621.1700     0.5601     3.8190    77.4153    30.0
20230621.1800     0.5581     3.8557    77.2727    30.0
20230621.1900     0.5597     3.8800    77.2178    30.0
20230621.2000     0.5649     3.8901    77.4647    30.0
20230621.2100     0.5674     3.9168    77.4043    30.0
20230621.2200     0.5656     3.9610    77.1630    30.0
20230621.2300     0.5680     3.9825    77.0203    30.0
20230622.0000     0.5710     3.9990    76.9984    30.0
20230622.0100     0.5726     4.0213    76.7680    30.0
20230622.0200     0.5718     4.0532    76.3676    30.0
20230622.0300     0.5684     4.0977    75.6490    30.0
20230622.0400     0.5648     4.1382    74.9469    30.0
20230622.0500     0.5616     4.1728    74.2447    30.0
20230622.0600     0.5604     4.1870    73.6249    30.0
20230622.0700     0.5603     4.1875    73.0928    30.0
20230622.0800     0.5622     4.1665    72.4784    30.0
20230622.0900     0.5694     4.1112    71.5843    30.0
20230622.1000     0.5715     4.0821    70.8767    30.0
20230622.1100     0.5760     4.0418    70.2349    30.0
20230622.1200     0.5848     3.9906    69.5327    30.0
20230622.1300     0.5965     3.9374    69.0006    30.0
20230622.1400     0.5986     3.9368    69.0610    30.0
20230622.1500     0.5925     3.9637    69.3023    30.0
20230622.1600     0.5830     3.9991    69.5986    30.0
20230622.1700     0.5756     4.0144    70.7340    30.0
20230622.1800     0.5715     4.0045    72.6101    30.0
20230622.1900     0.5634     4.0126    73.5536    30.0
20230622.2000     0.5552     4.0248    74.1844    30.0
20230622.2100     0.5469     4.0439    74.5409    30.0
20230622.2200     0.5385     4.0632    75.1279    30.0
20230622.2300     0.5367     4.0542    75.9178    30.0
20230623.0000     0.5375     4.0370    76.8174    30.0
20230623.0100     0.5401     4.0144    77.6621    30.0
20230623.0200     0.5414     4.0074    78.2546    30.0
20230623.0300     0.5365     4.0366    78.2491    30.0
20230623.0400     0.5287     4.0792    77.9200    30.0
20230623.0500     0.5205     4.1172    77.5689    30.0
20230623.0600     0.5116     4.1480    77.3056    30.0
20230623.0700     0.5031     4.1682    77.1136    30.0
20230623.0800     0.4946     4.1772    77.0039    30.0
20230623.0900     0.4884     4.1596    76.9765    30.0
20230623.1000     0.4788     4.1563    76.9765    30.0
20230623.1100     0.4748     4.1099    77.0368    30.0
20230623.1200     0.4699     4.0670    77.0971    30.0
20230623.1300     0.4656     4.0213    77.0478    30.0
20230623.1400     0.4598     3.9859    77.0258    30.0
20230623.1500     0.4520     3.9720    77.0313    30.0
20230623.1600     0.4420     3.9773    77.0807    30.0
20230623.1700     0.4341     3.9627    77.4318    30.0
20230623.1800     0.4280     3.9366    78.0187    30.0
20230623.1900     0.4245     3.8934    78.9348    30.0
20230623.2000     0.4256     3.8255    80.7340    30.0
20230623.2100     0.4318     3.7403    83.6467    30.0
20230623.2200     0.4345     3.6842    86.0603    30.0
20230623.2300     0.4384     3.6413    87.7114    30.0
20230624.0000     0.4382     3.6415    88.4136    30.0
20230624.0100     0.4327     3.6681    88.1009    30.0
20230624.0200     0.4260     3.6992    87.4152    30.0
20230624.0300     0.4192     3.7289    86.4772    30.0
20230624.0400     0.4137     3.7455    85.4185    30.0
20230624.0500     0.4118     3.7373    84.1459    30.0
20230624.0600     0.4137     3.7026    82.2315    30.0
20230624.0700     0.4180     3.6561    80.4871    30.0
20230624.0800     0.4254     3.5993    78.8086    30.0
20230624.0900     0.4326     3.5517    77.3769    30.0
20230624.1000     0.4451     3.4898    74.4038    30.0
20230624.1100     0.4646     3.4294    72.9502    30.0
20230624.1200     0.4867     3.3931    72.2590    30.0
20230624.1300     0.5070     3.3828    71.7379    30.0
20230624.1400     0.5109     3.4222    72.0615    30.0
20230624.1500     0.4988     3.4986    72.6430    30.0
20230624.1600     0.4829     3.5787    73.1641    30.0
20230624.1700     0.4679     3.6435    73.6139    30.0
20230624.1800     0.4554     3.6910    74.1240    30.0
20230624.1900     0.4460     3.7142    74.9688    30.0
20230624.2000     0.4392     3.7186    76.0878    30.0
20230624.2100     0.4334     3.7177    77.3550    30.0
20230624.2200     0.4291     3.6999    79.8563    30.0
20230624.2300     0.4273     3.6792    81.8859    30.0
20230625.0000     0.4246     3.6652    83.5535    30.0
20230625.0100     0.4193     3.6710    84.1459    30.0
20230625.0200     0.4158     3.6700    84.5628    30.0
20230625.0300     0.4151     3.6565    84.9468    30.0
20230625.0400     0.4174     3.6339    84.9852    30.0
20230625.0500     0.4273     3.5880    84.0033    30.0
20230625.0600     0.4457     3.5230    81.9408    30.0
20230625.0700     0.4636     3.4871    80.3281    30.0
20230625.0800     0.4763     3.4870    79.3517    30.0
20230625.0900     0.4801     3.5185    78.8141    30.0
20230625.1000     0.4775     3.5571    78.2710    30.0
20230625.1100     0.4720     3.5997    77.7828    30.0
20230625.1200     0.4660     3.6309    77.1794    30.0
20230625.1300     0.4599     3.6571    76.7077    30.0
20230625.1400     0.4514     3.6919    76.4608    30.0
20230625.1500     0.4427     3.7297    76.3402    30.0
20230625.1600     0.4333     3.7703    76.2963    30.0
20230625.1700     0.4257     3.7941    76.3072    30.0
20230625.1800     0.4178     3.8247    76.1975    30.0
20230625.1900     0.4106     3.8522    76.1920    30.0
20230625.2000     0.4090     3.8242    77.0149    30.0
20230625.2100     0.4033     3.8373    77.3604    30.0
20230625.2200     0.3986     3.8356    79.4230    30.0
20230625.2300     0.3920     3.8557    79.5272    30.0
20230626.0000     0.3877     3.8581    80.2787    30.0
20230626.0100     0.3830     3.8611    80.8931    30.0
20230626.0200     0.3779     3.8669    81.4526    30.0
20230626.0300     0.3714     3.8819    81.4635    30.0
20230626.0400     0.3623     3.9349    81.0631    30.0
20230626.0500     0.3546     3.9799    80.7285    30.0
20230626.0600     0.3496     3.9894    80.3994    30.0
20230626.0700     0.3490     3.9546    79.1322    30.0
20230626.0800     0.3505     3.9093    76.9600    30.0
20230626.0900     0.3495     3.8900    75.5941    30.0
20230626.1000     0.3381     3.9697    74.5354    30.0
20230626.1100     0.3345     3.9699    75.4954    30.0
20230626.1200     0.3294     3.9953    76.4608    30.0
20230626.1300     0.3281     3.9652    77.8706    30.0
20230626.1400     0.3309     3.8923    80.9150    30.0
20230626.1500     0.3266     3.8969    82.0121    30.0
20230626.1600     0.3239     3.8805    83.6248    30.0
20230626.1700     0.3293     3.7872    88.1338    30.0
20230626.1800     0.3255     3.7669    89.4558    30.0
20230626.1900     0.3193     3.7654    89.9879    30.0
20230626.2000     0.3151     3.7445    91.2166    30.0
20230626.2100     0.3191     3.6601    96.2139    30.0
20230626.2200     0.3087     3.6883    98.4519    30.0
20230626.2300     0.3122     3.6007   102.3850    30.0
20230627.0000     0.3274     3.4493   110.5802    30.0
20230627.0100     0.3392     3.3344   117.8045    30.0
20230627.0200     0.3479     3.2603   123.5368    30.0
20230627.0300     0.3405     3.2808   122.7304    30.0
20230627.0400     0.3250     3.3284   118.1117    30.0
20230627.0500     0.3106     3.3565   112.2971    30.0
20230627.0600     0.3023     3.3432   105.5281    30.0
20230627.0700     0.2961     3.3247    99.1486    30.0
20230627.0800     0.2953     3.2824    92.8897    30.0
20230627.0900     0.2926     3.2539    88.4026    30.0
20230627.1000     0.2932     3.2341    81.4471    30.0
20230627.1100     0.2896     3.2209    82.5113    30.0
20230627.1200     0.2863     3.2096    84.5299    30.0
20230627.1300     0.2797     3.2182    84.6122    30.0
20230627.1400     0.2712     3.2595    84.3818    30.0
20230627.1500     0.2690     3.2405    85.5008    30.0
20230627.1600     0.2741     3.1811    90.3554    30.0
20230627.1700     0.2750     3.1550    93.4273    30.0
20230627.1800     0.2819     3.1131   100.1140    30.0
20230627.1900     0.2908     3.0764   107.8430    30.0
20230627.2000     0.2997     3.0387   114.1512    30.0
20230627.2100     0.3090     3.0083   119.5982    30.0
20230627.2200     0.3170     2.9943   125.5829    30.0
20230627.2300     0.3257     2.9968   127.7331    30.0
20230628.0000     0.3290     3.0287   127.5741    30.0
20230628.0100     0.3295     3.0664   125.7090    30.0
20230628.0200     0.3306     3.0983   123.3009    30.0
20230628.0300     0.3259     3.1616   119.0771    30.0
20230628.0400     0.3177     3.2444   113.1748    30.0
20230628.0500     0.3113     3.3198   106.6088    30.0
20230628.0600     0.3091     3.3744    99.9878    30.0
20230628.0700     0.3103     3.4166    93.7564    30.0
20230628.0800     0.3161     3.4361    88.3752    30.0
20230628.0900     0.3269     3.4274    83.3615    30.0
20230628.1000     0.3399     3.4039    78.2052    30.0
20230628.1100     0.3703     3.3050    74.4586    30.0
20230628.1200     0.3935     3.2755    73.7236    30.0
20230628.1300     0.4037     3.3099    75.0675    30.0
20230628.1400     0.4077     3.3444    77.8761    30.0
20230628.1500     0.4086     3.3716    80.8492    30.0
20230628.1600     0.4044     3.4076    82.6155    30.0
20230628.1700     0.3979     3.4425    83.7784    30.0
20230628.1800     0.3948     3.4499    86.1426    30.0
20230628.1900     0.3949     3.4345    90.2457    30.0
20230628.2000     0.3911     3.4207    93.1585    30.0
20230628.2100     0.3878     3.4051    96.4881    30.0
20230628.2200     0.3836     3.4054   101.8584    30.0
20230628.2300     0.3788     3.4041   103.4217    30.0
20230629.0000     0.3782     3.3818   106.0328    30.0
20230629.0100     0.3796     3.3533   109.2527    30.0
20230629.0200     0.3770     3.3531   110.5857    30.0
20230629.0300     0.3646     3.4056   107.7936    30.0
20230629.0400     0.3507     3.4672   103.5753    30.0
20230629.0500     0.3387     3.5229    99.2363    30.0
20230629.0600     0.3297     3.5653    95.1113    30.0
20230629.0700     0.3239     3.5848    90.9808    30.0
20230629.0800     0.3209     3.5975    87.1574    30.0
20230629.0900     0.3199     3.5972    83.9210    30.0
20230629.1000     0.3121     3.6600    80.9205    30.0
20230629.1100     0.3092     3.6857    80.6078    30.0
20230629.1200     0.3070     3.7051    80.7066    30.0
20230629.1300     0.3077     3.6971    81.2880    30.0
20230629.1400     0.3077     3.6956    81.6500    30.0
20230629.1500     0.3130     3.6425    83.7016    30.0
20230629.1600     0.3173     3.5994    86.0494    30.0
20230629.1700     0.3222     3.5612    89.0938    30.0
20230629.1800     0.3255     3.5374    91.9736    30.0
20230629.1900     0.3223     3.5565    92.4947    30.0
20230629.2000     0.3233     3.5469    94.8535    30.0
20230629.2100     0.3227     3.5426    96.1042    30.0
20230629.2200     0.3190     3.5602    98.9511    30.0
20230629.2300     0.3220     3.5368   100.8161    30.0
20230630.0000     0.3203     3.5432   100.5912    30.0
20230630.0100     0.3204     3.5356   100.9423    30.0
20230630.0200     0.3183     3.5513   100.1634    30.0
20230630.0300     0.3127     3.5979    97.7169    30.0
20230630.0400     0.3077     3.6393    94.9522    30.0
20230630.0500     0.3035     3.6752    92.1492    30.0
20230630.0600     0.3017     3.6917    89.0938    30.0
20230630.0700     0.3049     3.6650    85.3363    30.0
20230630.0800     0.3084     3.6439    82.3961    30.0
20230630.0900     0.3080     3.6597    81.0850    30.0
20230630.1000     0.3064     3.6780    79.4668    30.0
20230630.1100     0.3087     3.6759    78.6715    30.0
20230630.1200     0.3088     3.6936    78.6879    30.0
20230630.1300     0.3116     3.6831    79.5656    30.0
20230630.1400     0.3146     3.6685    80.6188    30.0
20230630.1500     0.3191     3.6396    82.1766    30.0
20230630.1600     0.3336     3.5401    87.4756    30.0
20230630.1700     0.3446     3.4726    92.3082    30.0
20230630.1800     0.3583     3.4020    99.2089    30.0
20230630.1900     0.3617     3.3761   102.7964    30.0
20230630.2000     0.3697     3.3326   108.6329    30.0
20230630.2100     0.3796     3.2896   115.2154    30.0
20230630.2200     0.3776     3.3047   119.0058    30.0
20230630.2300     0.3870     3.2676   123.0102    30.0
