TPAR
20230501.0000     0.2058     3.0507    79.7576    30.0
20230501.0100     0.2023     3.0646    79.7960    30.0
20230501.0200     0.1988     3.0763    79.8015    30.0
20230501.0300     0.1958     3.0864    79.7905    30.0
20230501.0400     0.1926     3.0964    79.7247    30.0
20230501.0500     0.1898     3.1068    79.6698    30.0
20230501.0600     0.1947     3.0052    77.4427    30.0
20230501.0700     0.2107     2.8539    65.1444    30.0
20230501.0800     0.2109     2.8425    62.4949    30.0
20230501.0900     0.2072     2.8573    62.3304    30.0
20230501.1000     0.1948     2.9092    61.2607    30.0
20230501.1100     0.1923     2.9183    61.5459    30.0
20230501.1200     0.1898     2.9277    62.0945    30.0
20230501.1300     0.1895     2.9135    63.4220    30.0
20230501.1400     0.1923     2.8623    66.7242    30.0
20230501.1500     0.2206     2.6708    94.5573    30.0
20230501.1600     0.2337     2.6595   108.6713    30.0
20230501.1700     0.2330     2.6624   108.7700    30.0
20230501.1800     0.2306     2.6753   107.6729    30.0
20230501.1900     0.2284     2.6900   106.5210    30.0
20230501.2000     0.2280     2.6964   106.4881    30.0
20230501.2100     0.2261     2.7135   106.3071    30.0
20230501.2200     0.2160     2.7548   106.1425    30.0
20230501.2300     0.2156     2.7616   103.8331    30.0
20230502.0000     0.2179     2.7473    99.6368    30.0
20230502.0100     0.2184     2.7460    95.5282    30.0
20230502.0200     0.2178     2.7503    94.2172    30.0
20230502.0300     0.2268     2.7245    90.6352    30.0
20230502.0400     0.2421     2.6917    85.6434    30.0
20230502.0500     0.2657     2.6728    81.0412    30.0
20230502.0600     0.3151     2.6710    74.8371    30.0
20230502.0700     0.3533     2.7251    72.5168    30.0
20230502.0800     0.3509     2.8067    74.6013    30.0
20230502.0900     0.3449     2.8505    76.3621    30.0
20230502.1000     0.3344     2.8852    79.8124    30.0
20230502.1100     0.3305     2.8979    80.9973    30.0
20230502.1200     0.3290     2.9050    83.0598    30.0
20230502.1300     0.3300     2.9089    84.9194    30.0
20230502.1400     0.3304     2.9183    85.7367    30.0
20230502.1500     0.3299     2.9392    86.0603    30.0
20230502.1600     0.3326     2.9527    87.0751    30.0
20230502.1700     0.3371     2.9640    88.4630    30.0
20230502.1800     0.3381     2.9935    89.6917    30.0
20230502.1900     0.3336     3.0494    89.3900    30.0
20230502.2000     0.3308     3.0953    89.1377    30.0
20230502.2100     0.3335     3.1158    89.8398    30.0
20230502.2200     0.3408     3.1190    91.9297    30.0
20230502.2300     0.3684     3.0742    93.2572    30.0
20230503.0000     0.3959     3.0679    94.3927    30.0
20230503.0100     0.4082     3.1122    94.4201    30.0
20230503.0200     0.4304     3.1304    95.2429    30.0
20230503.0300     0.4345     3.1989    94.2007    30.0
20230503.0400     0.4348     3.2685    92.6264    30.0
20230503.0500     0.4360     3.3306    90.9698    30.0
20230503.0600     0.4429     3.3688    88.2051    30.0
20230503.0700     0.4449     3.4258    86.5979    30.0
20230503.0800     0.4479     3.4778    84.5189    30.0
20230503.0900     0.4452     3.5552    83.8771    30.0
20230503.1000     0.4437     3.6192    83.0598    30.0
20230503.1100     0.4429     3.6902    82.7526    30.0
20230503.1200     0.4437     3.7527    82.6429    30.0
20230503.1300     0.4472     3.8058    82.6539    30.0
20230503.1400     0.4508     3.8585    83.1531    30.0
20230503.1500     0.4547     3.9055    83.6577    30.0
20230503.1600     0.4601     3.9386    84.3379    30.0
20230503.1700     0.4622     3.9967    84.3982    30.0
20230503.1800     0.4615     4.0717    84.1459    30.0
20230503.1900     0.4631     4.1248    84.2282    30.0
20230503.2000     0.4675     4.1491    84.8590    30.0
20230503.2100     0.4723     4.1694    85.7038    30.0
20230503.2200     0.4711     4.2366    86.1207    30.0
20230503.2300     0.4730     4.2711    86.1316    30.0
20230504.0000     0.4780     4.2770    86.6363    30.0
20230504.0100     0.4793     4.3087    86.5321    30.0
20230504.0200     0.4805     4.3345    86.4279    30.0
20230504.0300     0.4804     4.3615    86.1481    30.0
20230504.0400     0.4798     4.3870    85.6983    30.0
20230504.0500     0.4811     4.3880    84.9797    30.0
20230504.0600     0.4839     4.3692    84.0417    30.0
20230504.0700     0.4826     4.3777    83.1585    30.0
20230504.0800     0.4788     4.4050    82.8952    30.0
20230504.0900     0.4741     4.4311    82.9117    30.0
20230504.1000     0.4687     4.4557    83.0104    30.0
20230504.1100     0.4641     4.4752    83.1311    30.0
20230504.1200     0.4591     4.4940    83.2682    30.0
20230504.1300     0.4557     4.4887    83.6851    30.0
20230504.1400     0.4552     4.4559    84.6396    30.0
20230504.1500     0.4543     4.4246    85.4679    30.0
20230504.1600     0.4517     4.4097    85.9122    30.0
20230504.1700     0.4507     4.3816    86.7789    30.0
20230504.1800     0.4477     4.3727    87.1410    30.0
20230504.1900     0.4456     4.3578    87.6182    30.0
20230504.2000     0.4444     4.3370    88.2929    30.0
20230504.2100     0.4424     4.3267    88.7701    30.0
20230504.2200     0.4351     4.3658    88.8963    30.0
20230504.2300     0.4326     4.3595    88.7153    30.0
20230505.0000     0.4308     4.3527    88.6604    30.0
20230505.0100     0.4292     4.3438    88.7592    30.0
20230505.0200     0.4286     4.3258    88.9347    30.0
20230505.0300     0.4290     4.2997    89.0115    30.0
20230505.0400     0.4321     4.2536    88.9512    30.0
20230505.0500     0.4329     4.2325    88.3203    30.0
20230505.0600     0.4354     4.1974    87.2452    30.0
20230505.0700     0.4368     4.1748    86.2633    30.0
20230505.0800     0.4369     4.1659    85.5941    30.0
20230505.0900     0.4397     4.1359    84.6561    30.0
20230505.1000     0.4595     3.9860    81.6720    30.0
20230505.1100     0.4667     3.9489    81.5952    30.0
20230505.1200     0.4638     3.9825    81.5678    30.0
20230505.1300     0.4593     4.0204    81.5129    30.0
20230505.1400     0.4551     4.0500    81.4635    30.0
20230505.1500     0.4504     4.0810    81.3922    30.0
20230505.1600     0.4465     4.0969    81.5349    30.0
20230505.1700     0.4494     4.0525    83.2682    30.0
20230505.1800     0.4490     4.0360    84.4915    30.0
20230505.1900     0.4412     4.0704    84.0527    30.0
20230505.2000     0.4329     4.1084    83.4657    30.0
20230505.2100     0.4251     4.1402    82.8678    30.0
20230505.2200     0.4207     4.1345    83.3889    30.0
20230505.2300     0.4222     4.0797    84.2447    30.0
20230506.0000     0.4205     4.0544    84.7877    30.0
20230506.0100     0.4140     4.0721    84.3544    30.0
20230506.0200     0.4075     4.0879    83.7839    30.0
20230506.0300     0.4006     4.1116    83.2244    30.0
20230506.0400     0.3940     4.1249    82.7252    30.0
20230506.0500     0.3885     4.1317    82.2754    30.0
20230506.0600     0.3841     4.1203    81.7982    30.0
20230506.0700     0.3844     4.0592    80.2897    30.0
20230506.0800     0.3787     4.0640    80.0483    30.0
20230506.0900     0.3734     4.0633    79.9825    30.0
20230506.1000     0.3639     4.0990    79.7192    30.0
20230506.1100     0.3590     4.1153    79.7960    30.0
20230506.1200     0.3574     4.1117    79.9605    30.0
20230506.1300     0.3571     4.0930    80.3390    30.0
20230506.1400     0.3585     4.0560    81.0631    30.0
20230506.1500     0.3577     4.0533    81.5568    30.0
20230506.1600     0.3562     4.0579    81.7159    30.0
20230506.1700     0.3557     4.0475    81.9133    30.0
20230506.1800     0.3532     4.0644    81.8366    30.0
20230506.1900     0.3549     4.0178    82.4016    30.0
20230506.2000     0.3578     3.9698    84.2831    30.0
20230506.2100     0.3582     3.9478    85.2595    30.0
20230506.2200     0.3502     3.9989    85.5118    30.0
20230506.2300     0.3483     3.9923    84.9742    30.0
20230507.0000     0.3449     3.9984    84.3928    30.0
20230507.0100     0.3410     4.0176    83.8497    30.0
20230507.0200     0.3369     4.0404    83.2847    30.0
20230507.0300     0.3332     4.0578    82.7855    30.0
20230507.0400     0.3301     4.0716    82.3412    30.0
20230507.0500     0.3269     4.0826    81.9627    30.0
20230507.0600     0.3260     4.0670    81.5403    30.0
20230507.0700     0.3320     3.9641    80.1470    30.0
20230507.0800     0.3319     3.9486    79.5162    30.0
20230507.0900     0.3320     3.9329    79.5162    30.0
20230507.1000     0.3286     3.9420    80.0264    30.0
20230507.1100     0.3292     3.9268    80.3555    30.0
20230507.1200     0.3273     3.9465    80.4981    30.0
20230507.1300     0.3263     3.9570    80.7724    30.0
20230507.1400     0.3368     3.8271    83.4932    30.0
20230507.1500     0.3383     3.8170    84.6999    30.0
20230507.1600     0.3368     3.8351    84.4421    30.0
20230507.1700     0.3346     3.8655    84.0746    30.0
20230507.1800     0.3329     3.8993    83.7565    30.0
20230507.1900     0.3319     3.9278    83.5864    30.0
20230507.2000     0.3325     3.9297    83.5151    30.0
20230507.2100     0.3321     3.9494    83.4109    30.0
20230507.2200     0.3301     3.9669    83.9375    30.0
20230507.2300     0.3307     3.9758    83.8003    30.0
20230508.0000     0.3303     3.9948    83.6083    30.0
20230508.0100     0.3303     4.0077    83.4328    30.0
20230508.0200     0.3296     4.0256    83.2463    30.0
20230508.0300     0.3283     4.0536    83.0324    30.0
20230508.0400     0.3268     4.0779    82.8130    30.0
20230508.0500     0.3266     4.0819    82.5167    30.0
20230508.0600     0.3251     4.0994    82.3302    30.0
20230508.0700     0.3237     4.1146    82.1602    30.0
20230508.0800     0.3219     4.1286    82.0231    30.0
20230508.0900     0.3202     4.1405    81.8969    30.0
20230508.1000     0.3103     4.2460    81.2386    30.0
20230508.1100     0.3089     4.2481    81.2880    30.0
20230508.1200     0.3073     4.2454    81.2661    30.0
20230508.1300     0.3054     4.2469    81.3045    30.0
20230508.1400     0.3041     4.2294    81.2661    30.0
20230508.1500     0.3017     4.2249    81.2716    30.0
20230508.1600     0.2992     4.2222    81.2770    30.0
20230508.1700     0.2968     4.2164    81.2441    30.0
20230508.1800     0.2944     4.2024    81.1783    30.0
20230508.1900     0.2931     4.1695    81.3154    30.0
20230508.2000     0.2900     4.1689    81.4032    30.0
20230508.2100     0.2870     4.1698    81.4526    30.0
20230508.2200     0.2758     4.2807    81.8585    30.0
20230508.2300     0.2798     4.1622    82.7636    30.0
20230509.0000     0.2770     4.1710    82.7087    30.0
20230509.0100     0.2748     4.1721    82.6978    30.0
20230509.0200     0.2832     4.0054    83.8113    30.0
20230509.0300     0.2825     3.9840    83.4657    30.0
20230509.0400     0.2810     3.9792    83.0104    30.0
20230509.0500     0.2788     3.9850    82.6155    30.0
20230509.0600     0.2765     4.0026    82.0505    30.0
20230509.0700     0.2874     3.8340    78.1942    30.0
20230509.0800     0.2983     3.7059    73.3945    30.0
20230509.0900     0.3008     3.6709    74.0472    30.0
20230509.1000     0.2878     3.8046    75.0291    30.0
20230509.1100     0.2911     3.7696    76.2908    30.0
20230509.1200     0.2986     3.6886    78.7263    30.0
20230509.1300     0.3066     3.6215    80.9644    30.0
20230509.1400     0.3139     3.5657    82.1218    30.0
20230509.1500     0.3205     3.5249    82.6374    30.0
20230509.1600     0.3286     3.4831    83.0324    30.0
20230509.1700     0.3435     3.4124    84.0801    30.0
20230509.1800     0.3616     3.3479    85.8299    30.0
20230509.1900     0.3806     3.2979    88.7043    30.0
20230509.2000     0.4029     3.2531    92.2644    30.0
20230509.2100     0.4236     3.2291    94.4695    30.0
20230509.2200     0.4246     3.2786    94.6505    30.0
20230509.2300     0.4468     3.2749    94.3104    30.0
20230510.0000     0.4852     3.2730    94.4146    30.0
20230510.0100     0.5279     3.3161    93.5205    30.0
20230510.0200     0.5920     3.3853    92.4509    30.0
20230510.0300     0.6690     3.5042    91.1508    30.0
20230510.0400     0.7582     3.6588    89.9111    30.0
20230510.0500     0.8437     3.8332    88.7317    30.0
20230510.0600     0.9174     4.0006    87.8925    30.0
20230510.0700     0.9840     4.1457    87.5140    30.0
20230510.0800     1.0559     4.2629    88.3478    30.0
20230510.0900     1.1285     4.3615    90.3993    30.0
20230510.1000     1.1409     4.4714    90.2183    30.0
20230510.1100     1.1505     4.5291    90.9040    30.0
20230510.1200     1.1497     4.5538    91.8749    30.0
20230510.1300     1.1446     4.5497    93.1146    30.0
20230510.1400     1.1385     4.5327    94.1952    30.0
20230510.1500     1.1095     4.5365    93.7838    30.0
20230510.1600     1.0576     4.5536    92.4454    30.0
20230510.1700     1.0291     4.5202    91.2770    30.0
20230510.1800     1.0271     4.4605    90.5803    30.0
20230510.1900     0.9981     4.4411    90.0318    30.0
20230510.2000     0.9629     4.4312    89.3571    30.0
20230510.2100     0.9314     4.4109    89.0554    30.0
20230510.2200     0.9035     4.3857    88.6001    30.0
20230510.2300     0.9302     4.4054    87.6566    30.0
20230511.0000     0.9081     4.3948    86.8777    30.0
20230511.0100     0.8862     4.3841    85.8190    30.0
20230511.0200     0.8623     4.3774    84.6177    30.0
20230511.0300     0.8381     4.3704    83.5315    30.0
20230511.0400     0.8131     4.3650    82.6484    30.0
20230511.0500     0.7858     4.3657    81.9133    30.0
20230511.0600     0.7636     4.3482    81.2661    30.0
20230511.0700     0.7412     4.3377    80.6956    30.0
20230511.0800     0.7210     4.3232    80.5749    30.0
20230511.0900     0.7139     4.2557    81.7872    30.0
20230511.1000     0.7075     4.1992    83.1640    30.0
20230511.1100     0.7167     4.1019    85.9835    30.0
20230511.1200     0.7407     4.0041    88.9566    30.0
20230511.1300     0.7629     3.9585    90.7943    30.0
20230511.1400     0.7807     3.9508    91.7213    30.0
20230511.1500     0.7851     3.9755    91.6226    30.0
20230511.1600     0.7855     4.0020    91.1837    30.0
20230511.1700     0.7871     4.0201    91.0576    30.0
20230511.1800     0.7925     4.0288    91.4415    30.0
20230511.1900     0.7957     4.0428    91.9023    30.0
20230511.2000     0.7953     4.0629    92.1601    30.0
20230511.2100     0.7913     4.0864    92.1492    30.0
20230511.2200     0.7756     4.1300    91.4086    30.0
20230511.2300     0.7644     4.1546    90.7394    30.0
20230512.0000     0.7634     4.1542    90.4212    30.0
20230512.0100     0.7649     4.1650    89.7081    30.0
20230512.0200     0.7796     4.1678    88.9292    30.0
20230512.0300     0.8140     4.1600    88.1503    30.0
20230512.0400     0.8469     4.1865    86.8338    30.0
20230512.0500     0.8706     4.2366    85.4460    30.0
20230512.0600     0.8824     4.2971    84.3763    30.0
20230512.0700     0.8834     4.3589    83.6083    30.0
20230512.0800     0.8822     4.4085    83.2299    30.0
20230512.0900     0.8824     4.4444    82.9995    30.0
20230512.1000     0.8744     4.4988    82.8130    30.0
20230512.1100     0.8731     4.5498    82.5058    30.0
20230512.1200     0.8776     4.5686    82.3961    30.0
20230512.1300     0.8934     4.5579    82.9336    30.0
20230512.1400     0.9168     4.5363    83.7674    30.0
20230512.1500     0.9319     4.5445    84.2940    30.0
20230512.1600     0.9376     4.5684    84.8151    30.0
20230512.1700     0.9385     4.5941    85.4131    30.0
20230512.1800     0.9285     4.6420    85.5392    30.0
20230512.1900     0.9106     4.7041    85.3033    30.0
20230512.2000     0.8925     4.7551    85.1717    30.0
20230512.2100     0.8749     4.7958    85.2101    30.0
20230512.2200     0.8565     4.8310    85.3911    30.0
20230512.2300     0.8362     4.8737    85.1607    30.0
20230513.0000     0.8156     4.9132    84.8810    30.0
20230513.0100     0.7959     4.9466    84.6396    30.0
20230513.0200     0.7748     4.9887    84.1733    30.0
20230513.0300     0.7533     5.0399    83.4712    30.0
20230513.0400     0.7334     5.0839    82.8349    30.0
20230513.0500     0.7158     5.1199    82.3028    30.0
20230513.0600     0.7001     5.1480    81.8146    30.0
20230513.0700     0.6852     5.1810    81.3867    30.0
20230513.0800     0.6735     5.1926    81.0960    30.0
20230513.0900     0.6626     5.2049    80.9150    30.0
20230513.1000     0.6547     5.1937    80.9753    30.0
20230513.1100     0.6575     5.1004    81.5184    30.0
20230513.1200     0.6666     4.9662    82.8623    30.0
20230513.1300     0.6760     4.8478    84.7164    30.0
20230513.1400     0.6769     4.7897    86.1975    30.0
20230513.1500     0.6747     4.7456    87.8650    30.0
20230513.1600     0.6714     4.7052    89.7849    30.0
20230513.1700     0.6739     4.6280    93.0872    30.0
20230513.1800     0.6794     4.5421    97.4755    30.0
20230513.1900     0.6846     4.4709   101.8858    30.0
20230513.2000     0.6890     4.4110   105.9724    30.0
20230513.2100     0.6932     4.3560   109.9878    30.0
20230513.2200     0.6831     4.3668   111.1287    30.0
20230513.2300     0.8096     4.7783   112.2533    30.0
20230514.0000     0.7912     4.8419   109.4502    30.0
20230514.0100     0.7734     4.8987   107.0586    30.0
20230514.0200     0.7521     4.9598   104.4420    30.0
20230514.0300     0.7253     5.0401   101.2111    30.0
20230514.0400     0.6953     5.1294    97.9308    30.0
20230514.0500     0.6651     5.2164    94.9687    30.0
20230514.0600     0.6374     5.2715    92.6758    30.0
20230514.0700     0.6117     5.3020    90.8985    30.0
20230514.0800     0.5913     5.2641    89.1815    30.0
20230514.0900     0.5718     5.2193    87.5963    30.0
20230514.1000     0.5518     5.1790    85.7367    30.0
20230514.1100     0.5394     5.0616    84.4421    30.0
20230514.1200     0.5282     4.9374    83.4438    30.0
20230514.1300     0.5165     4.8285    82.8733    30.0
20230514.1400     0.5005     4.7760    83.0708    30.0
20230514.1500     0.4850     4.7180    84.1240    30.0
20230514.1600     0.4755     4.6117    86.4333    30.0
20230514.1700     0.4686     4.4973    89.3187    30.0
20230514.1800     0.4628     4.3841    92.4125    30.0
20230514.1900     0.4614     4.2548    96.7021    30.0
20230514.2000     0.4606     4.1424   101.3647    30.0
20230514.2100     0.4606     4.0458   106.1809    30.0
20230514.2200     0.4548     4.0068   110.7996    30.0
20230514.2300     0.4495     3.9661   113.0048    30.0
20230515.0000     0.4469     3.9098   115.3909    30.0
20230515.0100     0.4478     3.8422   118.6273    30.0
20230515.0200     0.4411     3.8275   119.0607    30.0
20230515.0300     0.4233     3.8752   116.0217    30.0
20230515.0400     0.4032     3.9414   111.5676    30.0
20230515.0500     0.3851     4.0044   107.2012    30.0
20230515.0600     0.3685     4.0723   103.3833    30.0
20230515.0700     0.3554     4.1159   100.0975    30.0
20230515.0800     0.3498     4.0770    96.7240    30.0
20230515.0900     0.3458     4.0433    93.4547    30.0
20230515.1000     0.3419     4.0095    88.6714    30.0
20230515.1100     0.3427     3.9379    86.7899    30.0
20230515.1200     0.3428     3.8813    86.0274    30.0
20230515.1300     0.3420     3.8438    85.7970    30.0
20230515.1400     0.3414     3.8107    85.8080    30.0
20230515.1500     0.3406     3.7831    86.4772    30.0
20230515.1600     0.3436     3.7211    89.0993    30.0
20230515.1700     0.3499     3.6421    93.2846    30.0
20230515.1800     0.3556     3.5760    97.7553    30.0
20230515.1900     0.3555     3.5531   100.3279    30.0
20230515.2000     0.3517     3.5522   101.7706    30.0
20230515.2100     0.3461     3.5670   102.0229    30.0
20230515.2200     0.3313     3.6542   101.2989    30.0
20230515.2300     0.3289     3.6406   100.5309    30.0
20230516.0000     0.3268     3.6272    99.5380    30.0
20230516.0100     0.3231     3.6290    98.0734    30.0
20230516.0200     0.3191     3.6367    96.4004    30.0
20230516.0300     0.3150     3.6444    94.6670    30.0
20230516.0400     0.3101     3.6602    93.2901    30.0
20230516.0500     0.3057     3.6697    92.0175    30.0
20230516.0600     0.2998     3.6967    90.8601    30.0
20230516.0700     0.2949     3.7140    89.8617    30.0
20230516.0800     0.2913     3.7106    88.8853    30.0
20230516.0900     0.2899     3.6795    87.9583    30.0
20230516.1000     0.2878     3.6468    85.7202    30.0
20230516.1100     0.2923     3.5677    85.3747    30.0
20230516.1200     0.2958     3.5013    85.4131    30.0
20230516.1300     0.3008     3.4295    85.5118    30.0
20230516.1400     0.3049     3.3714    85.7751    30.0
20230516.1500     0.3061     3.3420    86.8722    30.0
20230516.1600     0.3062     3.3168    89.2693    30.0
20230516.1700     0.3059     3.2880    92.2314    30.0
20230516.1800     0.3060     3.2586    95.2978    30.0
20230516.1900     0.3040     3.2356    97.5029    30.0
20230516.2000     0.3044     3.2033   100.3554    30.0
20230516.2100     0.3041     3.1749   102.5879    30.0
20230516.2200     0.2970     3.1846   105.2758    30.0
20230516.2300     0.3116     3.2303   107.8155    30.0
20230517.0000     0.3100     3.1777   109.4063    30.0
20230517.0100     0.3083     3.1437   110.6735    30.0
20230517.0200     0.3082     3.1147   111.8802    30.0
20230517.0300     0.3019     3.1332   110.3882    30.0
20230517.0400     0.2930     3.1654   107.1628    30.0
20230517.0500     0.2855     3.1923   103.8441    30.0
20230517.0600     0.2788     3.2202   100.7777    30.0
20230517.0700     0.2741     3.2327    97.9363    30.0
20230517.0800     0.2737     3.2215    94.1349    30.0
20230517.0900     0.2827     3.1553    89.4558    30.0
20230517.1000     0.2876     3.1182    83.7510    30.0
20230517.1100     0.3047     3.0425    81.1838    30.0
20230517.1200     0.3232     2.9847    81.0741    30.0
20230517.1300     0.3425     2.9571    81.6391    30.0
20230517.1400     0.3603     2.9527    82.0615    30.0
20230517.1500     0.3700     2.9742    83.7510    30.0
20230517.1600     0.3732     2.9945    87.0258    30.0
20230517.1700     0.3746     3.0008    91.1014    30.0
20230517.1800     0.3719     3.0132    94.7163    30.0
20230517.1900     0.3685     3.0234    97.4645    30.0
20230517.2000     0.3723     3.0162   101.5457    30.0
20230517.2100     0.3733     3.0208   103.5369    30.0
20230517.2200     0.3733     3.0359   105.8902    30.0
20230517.2300     0.3750     3.0475   105.6872    30.0
20230518.0000     0.3760     3.0645   104.9247    30.0
20230518.0100     0.3757     3.0860   103.7124    30.0
20230518.0200     0.3742     3.1136   102.2204    30.0
20230518.0300     0.3709     3.1493   100.5309    30.0
20230518.0400     0.3661     3.1946    98.7097    30.0
20230518.0500     0.3588     3.2571    96.4881    30.0
20230518.0600     0.3511     3.3249    94.1843    30.0
20230518.0700     0.3453     3.3767    92.1930    30.0
20230518.0800     0.3407     3.4213    90.4816    30.0
20230518.0900     0.3373     3.4543    89.0389    30.0
20230518.1000     0.3315     3.4956    86.9983    30.0
20230518.1100     0.3293     3.5133    86.0384    30.0
20230518.1200     0.3282     3.5183    85.4076    30.0
20230518.1300     0.3305     3.4908    85.0949    30.0
20230518.1400     0.3349     3.4483    85.7806    30.0
20230518.1500     0.3423     3.3918    87.3768    30.0
20230518.1600     0.3530     3.3287    89.9605    30.0
20230518.1700     0.3655     3.2705    92.7580    30.0
20230518.1800     0.3746     3.2434    94.6176    30.0
20230518.1900     0.3797     3.2394    96.0658    30.0
20230518.2000     0.3850     3.2351    97.7937    30.0
20230518.2100     0.3864     3.2467    98.6220    30.0
20230518.2200     0.3831     3.2775    98.9346    30.0
20230518.2300     0.3798     3.3099    97.8814    30.0
20230519.0000     0.3743     3.3535    96.3400    30.0
20230519.0100     0.3683     3.3982    94.7109    30.0
20230519.0200     0.3642     3.4311    93.4821    30.0
20230519.0300     0.3605     3.4617    92.2808    30.0
20230519.0400     0.3583     3.4866    91.1344    30.0
20230519.0500     0.3552     3.5238    89.6972    30.0
20230519.0600     0.3535     3.5544    87.9034    30.0
20230519.0700     0.3539     3.5754    86.2523    30.0
20230519.0800     0.3532     3.6036    85.3088    30.0
20230519.0900     0.3540     3.6226    84.4586    30.0
20230519.1000     0.3558     3.6310    82.6319    30.0
20230519.1100     0.3613     3.6192    82.4070    30.0
20230519.1200     0.3685     3.6003    82.1218    30.0
20230519.1300     0.3737     3.5948    81.7214    30.0
20230519.1400     0.3801     3.5839    81.4416    30.0
20230519.1500     0.3905     3.5488    81.5349    30.0
20230519.1600     0.4090     3.4831    82.3906    30.0
20230519.1700     0.4308     3.4286    83.6632    30.0
20230519.1800     0.4485     3.4067    85.2540    30.0
20230519.1900     0.4670     3.3852    87.3878    30.0
20230519.2000     0.4827     3.3755    89.5875    30.0
20230519.2100     0.4893     3.3900    90.8656    30.0
20230519.2200     0.4935     3.4052    91.6116    30.0
20230519.2300     0.5043     3.4726    91.4745    30.0
20230520.0000     0.4967     3.5106    90.7449    30.0
20230520.0100     0.4863     3.5516    89.7246    30.0
20230520.0200     0.4769     3.5840    88.7482    30.0
20230520.0300     0.4654     3.6280    87.5853    30.0
20230520.0400     0.4565     3.6587    86.5650    30.0
20230520.0500     0.4513     3.6710    85.7257    30.0
20230520.0600     0.4481     3.6796    84.9084    30.0
20230520.0700     0.4458     3.6894    84.0746    30.0
20230520.0800     0.4444     3.6962    83.3066    30.0
20230520.0900     0.4456     3.6904    82.8075    30.0
20230520.1000     0.4489     3.6709    82.1986    30.0
20230520.1100     0.4602     3.6223    81.8804    30.0
20230520.1200     0.4706     3.5904    81.8640    30.0
20230520.1300     0.4836     3.5563    81.9956    30.0
20230520.1400     0.5013     3.5204    82.1657    30.0
20230520.1500     0.5154     3.5112    82.0176    30.0
20230520.1600     0.5211     3.5306    81.9133    30.0
20230520.1700     0.5235     3.5544    82.0999    30.0
20230520.1800     0.5238     3.5813    82.7746    30.0
20230520.1900     0.5237     3.6071    83.5919    30.0
20230520.2000     0.5229     3.6350    84.1679    30.0
20230520.2100     0.5198     3.6760    84.3598    30.0
20230520.2200     0.5244     3.6793    85.1881    30.0
20230520.2300     0.5339     3.6801    86.0987    30.0
20230521.0000     0.5529     3.6617    87.7279    30.0
20230521.0100     0.5718     3.6692    88.5343    30.0
20230521.0200     0.5882     3.7012    88.4630    30.0
20230521.0300     0.6012     3.7470    87.8047    30.0
20230521.0400     0.6105     3.8029    86.7405    30.0
20230521.0500     0.6120     3.8746    85.3198    30.0
20230521.0600     0.6080     3.9519    83.9978    30.0
20230521.0700     0.6011     4.0253    82.8733    30.0
20230521.0800     0.5957     4.0713    81.9682    30.0
20230521.0900     0.5939     4.0855    81.2770    30.0
20230521.1000     0.5953     4.0725    80.7285    30.0
20230521.1100     0.5987     4.0503    80.6572    30.0
20230521.1200     0.5999     4.0385    80.8053    30.0
20230521.1300     0.6037     4.0154    81.0357    30.0
20230521.1400     0.6120     3.9810    81.4361    30.0
20230521.1500     0.6172     3.9684    81.9408    30.0
20230521.1600     0.6208     3.9648    82.7855    30.0
20230521.1700     0.6268     3.9526    84.4366    30.0
20230521.1800     0.6286     3.9583    86.0000    30.0
20230521.1900     0.6221     3.9948    86.6692    30.0
20230521.2000     0.6119     4.0459    86.6802    30.0
20230521.2100     0.6046     4.0794    86.8612    30.0
20230521.2200     0.5928     4.1374    86.5705    30.0
20230521.2300     0.5852     4.1717    86.3511    30.0
20230522.0000     0.5813     4.1841    86.4772    30.0
20230522.0100     0.5768     4.2000    86.4882    30.0
20230522.0200     0.5718     4.2195    86.2962    30.0
20230522.0300     0.5655     4.2480    85.7696    30.0
20230522.0400     0.5601     4.2688    85.1443    30.0
20230522.0500     0.5556     4.2833    84.4531    30.0
20230522.0600     0.5513     4.2955    83.7839    30.0
20230522.0700     0.5479     4.3004    83.2299    30.0
20230522.0800     0.5447     4.3005    82.7471    30.0
20230522.0900     0.5441     4.2842    82.4180    30.0
20230522.1000     0.5381     4.3025    81.9133    30.0
20230522.1100     0.5424     4.2995    81.6720    30.0
20230522.1200     0.5440     4.2802    81.4910    30.0
20230522.1300     0.5454     4.2677    81.3429    30.0
20230522.1400     0.5488     4.2464    81.1893    30.0
20230522.1500     0.5568     4.2051    80.8985    30.0
20230522.1600     0.5696     4.1464    80.6846    30.0
20230522.1700     0.5802     4.1092    81.1728    30.0
20230522.1800     0.5903     4.0776    82.5661    30.0
20230522.1900     0.5979     4.0554    84.2117    30.0
20230522.2000     0.6017     4.0485    85.5996    30.0
20230522.2100     0.6035     4.0499    86.7460    30.0
20230522.2200     0.6043     4.0468    88.2874    30.0
20230522.2300     0.6100     4.0685    89.2309    30.0
20230523.0000     0.6096     4.0597    90.0976    30.0
20230523.0100     0.6069     4.0663    90.5584    30.0
20230523.0200     0.5979     4.1015    90.1744    30.0
20230523.0300     0.5849     4.1596    89.0773    30.0
20230523.0400     0.5720     4.2128    87.8596    30.0
20230523.0500     0.5625     4.2411    86.8283    30.0
20230523.0600     0.5547     4.2538    85.8409    30.0
20230523.0700     0.5482     4.2545    84.9632    30.0
20230523.0800     0.5420     4.2510    84.2666    30.0
20230523.0900     0.5369     4.2359    83.7619    30.0
20230523.1000     0.5344     4.2014    83.0763    30.0
20230523.1100     0.5328     4.1640    82.7307    30.0
20230523.1200     0.5322     4.1208    82.5551    30.0
20230523.1300     0.5319     4.0777    82.3906    30.0
20230523.1400     0.5335     4.0287    82.5058    30.0
20230523.1500     0.5352     3.9859    82.7581    30.0
20230523.1600     0.5395     3.9355    83.5096    30.0
20230523.1700     0.5452     3.8845    84.9578    30.0
20230523.1800     0.5495     3.8451    86.4772    30.0
20230523.1900     0.5520     3.8167    88.0296    30.0
20230523.2000     0.5513     3.8039    89.4010    30.0
20230523.2100     0.5481     3.8010    90.5035    30.0
20230523.2200     0.5420     3.8060    91.3538    30.0
20230523.2300     0.5449     3.7767    92.9226    30.0
20230524.0000     0.5498     3.7514    94.3708    30.0
20230524.0100     0.5505     3.7561    94.6999    30.0
20230524.0200     0.5445     3.7938    93.8442    30.0
20230524.0300     0.5352     3.8501    92.2040    30.0
20230524.0400     0.5290     3.8935    90.3993    30.0
20230524.0500     0.5299     3.9009    88.6056    30.0
20230524.0600     0.5363     3.8873    86.8338    30.0
20230524.0700     0.5432     3.8779    85.4295    30.0
20230524.0800     0.5460     3.8924    84.4531    30.0
20230524.0900     0.5436     3.9276    83.8936    30.0
20230524.1000     0.5412     3.9527    83.4218    30.0
20230524.1100     0.5484     3.9326    83.3725    30.0
20230524.1200     0.5590     3.9048    83.5919    30.0
20230524.1300     0.5669     3.8947    84.1240    30.0
20230524.1400     0.5759     3.8819    84.8755    30.0
20230524.1500     0.5914     3.8522    85.9342    30.0
20230524.1600     0.6139     3.8155    87.7005    30.0
20230524.1700     0.6376     3.7928    89.7795    30.0
20230524.1800     0.6586     3.7889    92.0724    30.0
20230524.1900     0.6714     3.8041    94.1349    30.0
20230524.2000     0.6720     3.8442    95.3417    30.0
20230524.2100     0.6641     3.8954    95.8299    30.0
20230524.2200     0.6405     3.9905    94.4585    30.0
20230524.2300     0.6246     4.0484    93.6302    30.0
20230525.0000     0.6168     4.0636    93.7783    30.0
20230525.0100     0.6116     4.0697    94.1239    30.0
20230525.0200     0.6026     4.0962    93.8167    30.0
20230525.0300     0.5882     4.1545    92.4783    30.0
20230525.0400     0.5742     4.2155    90.8765    30.0
20230525.0500     0.5642     4.2541    89.2748    30.0
20230525.0600     0.5623     4.2415    87.6676    30.0
20230525.0700     0.5678     4.1882    86.1700    30.0
20230525.0800     0.5747     4.1421    85.0565    30.0
20230525.0900     0.5768     4.1328    84.3269    30.0
20230525.1000     0.5729     4.1517    83.4932    30.0
20230525.1100     0.5917     4.2113    82.9336    30.0
20230525.1200     0.5946     4.2084    82.8184    30.0
20230525.1300     0.5985     4.2024    82.7142    30.0
20230525.1400     0.6043     4.1867    82.4454    30.0
20230525.1500     0.6147     4.1511    82.4838    30.0
20230525.1600     0.6223     4.1300    82.9446    30.0
20230525.1700     0.6193     4.1528    83.2792    30.0
20230525.1800     0.6098     4.1983    83.3780    30.0
20230525.1900     0.6025     4.2205    83.9155    30.0
20230525.2000     0.6030     4.1897    85.6983    30.0
20230525.2100     0.6106     4.1267    88.6330    30.0
20230525.2200     0.6098     4.1092    90.4596    30.0
20230525.2300     0.6067     4.1113    90.9862    30.0
20230526.0000     0.5986     4.1416    90.4377    30.0
20230526.0100     0.5882     4.1863    89.3680    30.0
20230526.0200     0.5790     4.2248    88.3807    30.0
20230526.0300     0.5709     4.2617    87.3713    30.0
20230526.0400     0.5668     4.2752    86.6308    30.0
20230526.0500     0.5658     4.2722    85.9122    30.0
20230526.0600     0.5661     4.2652    84.9852    30.0
20230526.0700     0.5689     4.2446    83.8442    30.0
20230526.0800     0.5747     4.2130    82.8349    30.0
20230526.0900     0.5794     4.1921    82.0615    30.0
20230526.1000     0.5980     4.1097    80.7504    30.0
20230526.1100     0.6148     4.0566    80.0867    30.0
20230526.1200     0.6216     4.0497    79.6040    30.0
20230526.1300     0.6237     4.0535    79.2310    30.0
20230526.1400     0.6266     4.0490    79.0445    30.0
20230526.1500     0.6290     4.0445    79.0500    30.0
20230526.1600     0.6271     4.0548    79.2803    30.0
20230526.1700     0.6231     4.0671    79.9386    30.0
20230526.1800     0.6240     4.0517    81.2770    30.0
20230526.1900     0.6341     3.9984    83.8497    30.0
20230526.2000     0.6519     3.9322    87.1903    30.0
20230526.2100     0.6749     3.8748    90.6462    30.0
20230526.2200     0.6857     3.8696    92.8897    30.0
20230526.2300     0.8474     4.3107    94.4421    30.0
20230527.0000     0.8357     4.4623    92.5112    30.0
20230527.0100     0.8203     4.6144    90.3938    30.0
20230527.0200     0.8090     4.7418    88.6988    30.0
20230527.0300     0.7998     4.8591    87.2452    30.0
20230527.0400     0.7892     4.9931    85.7148    30.0
20230527.0500     0.7796     5.1205    84.4202    30.0
20230527.0600     0.7719     5.2264    83.4493    30.0
20230527.0700     0.7647     5.3114    82.6703    30.0
20230527.0800     0.7575     5.3739    82.0340    30.0
20230527.0900     0.7496     5.4141    81.5842    30.0
20230527.1000     0.7432     5.4069    80.8108    30.0
20230527.1100     0.7380     5.3631    80.5639    30.0
20230527.1200     0.7307     5.3116    80.6682    30.0
20230527.1300     0.7226     5.2476    80.9424    30.0
20230527.1400     0.7136     5.1741    81.3209    30.0
20230527.1500     0.7019     5.1088    81.9847    30.0
20230527.1600     0.6858     5.0648    82.7471    30.0
20230527.1700     0.6689     5.0194    83.5645    30.0
20230527.1800     0.6511     4.9778    84.1788    30.0
20230527.1900     0.6396     4.8890    85.7093    30.0
20230527.2000     0.6328     4.7699    87.9912    30.0
20230527.2100     0.6295     4.6353    91.0960    30.0
20230527.2200     0.6228     4.5402    93.9429    30.0
20230527.2300     0.6250     4.4110    96.7350    30.0
20230528.0000     0.6232     4.3247    98.2983    30.0
20230528.0100     0.6125     4.2982    98.2928    30.0
20230528.0200     0.5993     4.2986    97.3548    30.0
20230528.0300     0.5859     4.3248    95.4733    30.0
20230528.0400     0.5764     4.3578    93.3834    30.0
20230528.0500     0.5715     4.3898    91.4196    30.0
20230528.0600     0.5712     4.4222    89.6368    30.0
20230528.0700     0.5748     4.4477    87.9967    30.0
20230528.0800     0.5821     4.4589    86.4443    30.0
20230528.0900     0.5953     4.4300    84.9413    30.0
20230528.1000     0.6151     4.3600    83.0598    30.0
20230528.1100     0.7268     4.4882    81.8420    30.0
20230528.1200     0.7435     4.4125    81.5842    30.0
20230528.1300     0.7443     4.3992    81.5678    30.0
20230528.1400     0.7305     4.4295    81.6226    30.0
20230528.1500     0.7113     4.4697    81.7927    30.0
20230528.1600     0.6957     4.4766    82.6210    30.0
20230528.1700     0.6843     4.4576    84.0691    30.0
20230528.1800     0.6754     4.4234    85.9122    30.0
20230528.1900     0.6694     4.3789    88.0515    30.0
20230528.2000     0.6652     4.3330    90.1909    30.0
20230528.2100     0.6665     4.2816    92.5057    30.0
20230528.2200     0.6614     4.2815    93.4053    30.0
20230528.2300     0.6588     4.2866    93.4657    30.0
20230529.0000     0.6602     4.2878    93.3450    30.0
20230529.0100     0.6666     4.2810    93.1475    30.0
20230529.0200     0.6823     4.2505    93.3340    30.0
20230529.0300     0.6955     4.2492    92.9665    30.0
20230529.0400     0.6970     4.2994    91.6116    30.0
20230529.0500     0.6926     4.3638    89.9111    30.0
20230529.0600     0.6908     4.3952    88.1777    30.0
20230529.0700     0.6946     4.3817    86.5266    30.0
20230529.0800     0.6991     4.3542    85.2320    30.0
20230529.0900     0.7019     4.3275    84.4531    30.0
20230529.1000     0.7005     4.3074    83.5645    30.0
20230529.1100     0.6963     4.2899    83.1421    30.0
20230529.1200     0.6893     4.2733    82.7416    30.0
20230529.1300     0.6855     4.2385    82.4180    30.0
20230529.1400     0.6894     4.1769    82.1328    30.0
20230529.1500     0.7033     4.1011    82.1657    30.0
20230529.1600     0.7226     4.0399    82.8568    30.0
20230529.1700     0.7358     4.0153    83.9430    30.0
20230529.1800     0.7464     4.0081    85.1717    30.0
20230529.1900     0.7588     4.0068    86.3291    30.0
20230529.2000     0.7766     4.0078    87.6621    30.0
20230529.2100     0.7990     4.0171    89.0883    30.0
20230529.2200     0.8120     4.0485    90.1909    30.0
20230529.2300     0.8304     4.1105    90.9972    30.0
20230530.0000     0.8384     4.1477    91.6390    30.0
20230530.0100     0.8441     4.1846    92.0120    30.0
20230530.0200     0.8413     4.2323    91.6774    30.0
20230530.0300     0.8374     4.2714    91.0246    30.0
20230530.0400     0.8374     4.2923    90.4103    30.0
20230530.0500     0.8364     4.3091    89.8179    30.0
20230530.0600     0.8291     4.3359    88.9731    30.0
20230530.0700     0.8166     4.3660    87.8705    30.0
20230530.0800     0.8042     4.3843    86.8502    30.0
20230530.0900     0.7921     4.3943    85.9287    30.0
20230530.1000     0.7760     4.4105    84.9139    30.0
20230530.1100     0.7588     4.4314    84.0965    30.0
20230530.1200     0.7471     4.4284    83.5754    30.0
20230530.1300     0.7410     4.4056    83.1147    30.0
20230530.1400     0.7396     4.3730    82.6758    30.0
20230530.1500     0.7387     4.3470    82.5935    30.0
20230530.1600     0.7360     4.3340    82.9830    30.0
20230530.1700     0.7359     4.3131    84.1130    30.0
20230530.1800     0.7354     4.2978    85.7861    30.0
20230530.1900     0.7317     4.2950    87.7114    30.0
20230530.2000     0.7244     4.3057    89.4229    30.0
20230530.2100     0.7199     4.3052    91.2934    30.0
20230530.2200     0.7153     4.3087    92.8348    30.0
20230530.2300     0.7111     4.3170    93.8222    30.0
20230531.0000     0.7069     4.3264    94.5408    30.0
20230531.0100     0.7055     4.3258    95.2539    30.0
20230531.0200     0.7017     4.3383    95.3526    30.0
20230531.0300     0.6941     4.3682    94.6066    30.0
20230531.0400     0.6868     4.3974    93.4821    30.0
20230531.0500     0.6808     4.4217    92.1437    30.0
20230531.0600     0.6747     4.4460    90.7065    30.0
20230531.0700     0.6705     4.4604    89.2254    30.0
20230531.0800     0.6695     4.4519    87.8212    30.0
20230531.0900     0.6714     4.4296    86.6966    30.0
20230531.1000     0.6816     4.3702    85.5941    30.0
20230531.1100     0.7356     4.4178    85.1827    30.0
20230531.1200     0.7530     4.3326    84.8426    30.0
20230531.1300     0.7740     4.2617    84.3598    30.0
20230531.1400     0.7924     4.2157    84.0307    30.0
20230531.1500     0.8053     4.1932    83.9046    30.0
20230531.1600     0.8074     4.1952    84.1679    30.0
20230531.1700     0.8023     4.2046    84.9578    30.0
20230531.1800     0.7864     4.2277    85.9287    30.0
20230531.1900     0.7722     4.2357    87.2726    30.0
20230531.2000     0.7610     4.2333    88.6330    30.0
20230531.2100     0.7507     4.2285    90.0044    30.0
20230531.2200     0.7289     4.2669    90.2457    30.0
20230531.2300     0.7071     4.3101    89.9769    30.0
20230601.0000     0.6886     4.3386    89.7959    30.0
20230601.0100     0.6713     4.3663    89.4119    30.0
20230601.0200     0.6542     4.3977    88.6988    30.0
20230601.0300     0.6373     4.4322    87.7169    30.0
20230601.0400     0.6228     4.4558    86.7515    30.0
20230601.0500     0.6115     4.4631    85.8080    30.0
20230601.0600     0.6016     4.4642    84.7274    30.0
20230601.0700     0.5943     4.4509    83.5535    30.0
20230601.0800     0.5932     4.4022    82.3138    30.0
20230601.0900     0.5979     4.3269    81.3538    30.0
20230601.1000     0.6013     4.2747    80.4378    30.0
20230601.1100     0.6063     4.2234    80.1361    30.0
20230601.1200     0.6094     4.1872    80.1032    30.0
20230601.1300     0.6075     4.1771    79.9770    30.0
20230601.1400     0.6026     4.1819    79.8673    30.0
20230601.1500     0.5967     4.1910    79.8124    30.0
20230601.1600     0.5970     4.1687    80.4213    30.0
20230601.1700     0.6037     4.1200    81.9737    30.0
20230601.1800     0.6095     4.0832    83.8003    30.0
20230601.1900     0.6071     4.0865    85.0620    30.0
20230601.2000     0.6001     4.1091    85.9013    30.0
20230601.2100     0.5890     4.1499    86.1042    30.0
20230601.2200     0.5695     4.2398    85.1168    30.0
20230601.2300     0.6409     4.6104    84.4092    30.0
20230602.0000     0.6224     4.6463    83.5096    30.0
20230602.0100     0.6053     4.6753    82.7307    30.0
20230602.0200     0.5902     4.6871    82.1712    30.0
20230602.0300     0.5765     4.6888    81.7159    30.0
20230602.0400     0.5643     4.6832    81.3813    30.0
20230602.0500     0.5528     4.6731    81.0412    30.0
20230602.0600     0.5426     4.6589    80.5968    30.0
20230602.0700     0.5356     4.6224    80.0538    30.0
20230602.0800     0.5336     4.5476    79.2529    30.0
20230602.0900     0.5370     4.4403    78.6276    30.0
20230602.1000     0.5537     4.2626    77.0149    30.0
20230602.1100     0.5812     4.0901    76.5431    30.0
20230602.1200     0.6085     3.9712    76.7516    30.0
20230602.1300     0.6409     3.8780    77.1849    30.0
20230602.1400     0.6775     3.8216    77.7938    30.0
20230602.1500     0.6998     3.8242    78.4301    30.0
20230602.1600     0.7100     3.8530    79.7137    30.0
20230602.1700     0.7173     3.8808    81.9847    30.0
20230602.1800     0.7197     3.9225    83.8771    30.0
20230602.1900     0.7155     3.9846    84.9413    30.0
20230602.2000     0.7114     4.0441    85.8135    30.0
20230602.2100     0.7038     4.1126    86.0768    30.0
20230602.2200     0.6895     4.2028    85.4624    30.0
20230602.2300     0.6739     4.2995    84.2172    30.0
20230603.0000     0.6587     4.3919    82.9172    30.0
20230603.0100     0.6451     4.4699    81.7982    30.0
20230603.0200     0.6336     4.5292    80.9918    30.0
20230603.0300     0.6237     4.5750    80.3829    30.0
20230603.0400     0.6138     4.6168    79.7960    30.0
20230603.0500     0.6043     4.6525    79.2419    30.0
20230603.0600     0.5951     4.6840    78.6934    30.0
20230603.0700     0.5875     4.7006    78.2381    30.0
20230603.0800     0.5818     4.6985    77.7389    30.0
20230603.0900     0.5753     4.7011    77.4756    30.0
20230603.1000     0.5738     4.6595    77.0807    30.0
20230603.1100     0.5816     4.5697    77.1355    30.0
20230603.1200     0.5934     4.4772    77.3166    30.0
20230603.1300     0.6026     4.4112    77.5415    30.0
20230603.1400     0.6060     4.3825    77.7444    30.0
20230603.1500     0.6056     4.3719    78.3149    30.0
20230603.1600     0.6050     4.3568    79.2858    30.0
20230603.1700     0.6043     4.3408    80.5639    30.0
20230603.1800     0.5998     4.3450    81.6007    30.0
20230603.1900     0.5932     4.3595    82.3906    30.0
20230603.2000     0.5861     4.3752    83.1147    30.0
20230603.2100     0.5783     4.3930    83.5974    30.0
20230603.2200     0.5744     4.3792    85.3692    30.0
20230603.2300     0.5666     4.3899    85.9890    30.0
20230604.0000     0.5543     4.4377    85.5392    30.0
20230604.0100     0.5415     4.4903    84.6396    30.0
20230604.0200     0.5312     4.5209    84.0143    30.0
20230604.0300     0.5218     4.5457    83.3725    30.0
20230604.0400     0.5130     4.5646    82.7526    30.0
20230604.0500     0.5051     4.5749    82.1328    30.0
20230604.0600     0.4986     4.5744    81.5019    30.0
20230604.0700     0.4940     4.5558    80.7504    30.0
20230604.0800     0.4907     4.5259    79.9276    30.0
20230604.0900     0.4859     4.5137    79.3681    30.0
20230604.1000     0.4751     4.5506    79.0829    30.0
20230604.1100     0.4716     4.5229    79.4559    30.0
20230604.1200     0.4678     4.4974    79.7192    30.0
20230604.1300     0.4625     4.4825    79.7905    30.0
20230604.1400     0.4583     4.4566    79.9441    30.0
20230604.1500     0.4551     4.4216    80.2787    30.0
20230604.1600     0.4535     4.3701    81.0850    30.0
20230604.1700     0.4507     4.3284    81.8420    30.0
20230604.1800     0.4464     4.3000    82.3961    30.0
20230604.1900     0.4393     4.2966    82.4509    30.0
20230604.2000     0.4319     4.2952    82.3796    30.0
20230604.2100     0.4238     4.3028    82.0066    30.0
20230604.2200     0.4110     4.3594    81.6391    30.0
20230604.2300     0.4087     4.3711    81.4197    30.0
20230605.0000     0.4024     4.3563    81.2222    30.0
20230605.0100     0.3996     4.3054    81.4910    30.0
20230605.0200     0.3966     4.2760    82.1218    30.0
20230605.0300     0.3942     4.2422    82.5881    30.0
20230605.0400     0.3914     4.2164    82.5113    30.0
20230605.0500     0.3880     4.1982    82.2096    30.0
20230605.0600     0.3848     4.1842    81.8420    30.0
20230605.0700     0.3838     4.1493    81.1838    30.0
20230605.0800     0.3902     4.0522    79.7960    30.0
20230605.0900     0.4010     3.9344    79.0445    30.0
20230605.1000     0.4059     3.8734    78.9732    30.0
20230605.1100     0.4107     3.8302    79.1322    30.0
20230605.1200     0.4184     3.7799    79.4833    30.0
20230605.1300     0.4305     3.7177    79.4394    30.0
20230605.1400     0.4452     3.6651    79.7411    30.0
20230605.1500     0.4598     3.6264    80.9918    30.0
20230605.1600     0.4675     3.6251    81.7872    30.0
20230605.1700     0.4705     3.6468    82.0231    30.0
20230605.1800     0.4732     3.6701    82.6210    30.0
20230605.1900     0.4729     3.7038    82.8459    30.0
20230605.2000     0.4718     3.7393    82.8184    30.0
20230605.2100     0.4689     3.7862    82.4180    30.0
20230605.2200     0.4612     3.8619    81.6116    30.0
20230605.2300     0.4609     3.8876    81.5239    30.0
20230606.0000     0.4632     3.8928    82.1657    30.0
20230606.0100     0.4653     3.8975    82.9227    30.0
20230606.0200     0.4658     3.9083    83.2902    30.0
20230606.0300     0.4642     3.9325    83.2408    30.0
20230606.0400     0.4598     3.9775    82.5113    30.0
20230606.0500     0.4557     4.0211    81.4416    30.0
20230606.0600     0.4545     4.0379    80.1416    30.0
20230606.0700     0.4576     4.0214    78.6879    30.0
20230606.0800     0.4677     3.9621    77.5140    30.0
20230606.0900     0.4749     3.9265    77.6457    30.0
20230606.1000     0.4797     3.9068    78.4411    30.0
20230606.1100     0.4854     3.8933    80.0318    30.0
20230606.1200     0.4877     3.9029    81.3045    30.0
20230606.1300     0.4866     3.9340    81.4635    30.0
20230606.1400     0.4885     3.9498    81.9188    30.0
20230606.1500     0.4879     3.9862    81.7159    30.0
20230606.1600     0.4864     4.0359    81.0576    30.0
20230606.1700     0.4873     4.0737    80.6901    30.0
20230606.1800     0.4878     4.1184    80.2074    30.0
20230606.1900     0.4878     4.1683    79.6314    30.0
20230606.2000     0.4892     4.2049    79.3407    30.0
20230606.2100     0.4915     4.2311    79.4284    30.0
20230606.2200     0.4891     4.2906    79.2145    30.0
20230606.2300     0.4909     4.3102    78.9073    30.0
20230607.0000     0.4943     4.3103    79.2968    30.0
20230607.0100     0.4987     4.2934    80.3006    30.0
20230607.0200     0.5026     4.2757    81.2332    30.0
20230607.0300     0.5045     4.2641    81.6226    30.0
20230607.0400     0.5050     4.2621    81.6007    30.0
20230607.0500     0.5063     4.2559    81.3374    30.0
20230607.0600     0.5109     4.2336    81.0741    30.0
20230607.0700     0.5250     4.1675    80.7395    30.0
20230607.0800     0.5580     4.0410    80.2842    30.0
20230607.0900     0.6144     3.9093    79.6917    30.0
20230607.1000     0.6485     3.9178    79.6972    30.0
20230607.1100     0.6917     3.9868    80.0483    30.0
20230607.1200     0.7153     4.0373    80.5091    30.0
20230607.1300     0.7345     4.0876    81.2825    30.0
20230607.1400     0.7510     4.1369    82.4838    30.0
20230607.1500     0.7671     4.1812    83.9046    30.0
20230607.1600     0.7817     4.2277    85.1059    30.0
20230607.1700     0.7912     4.2907    85.6050    30.0
20230607.1800     0.7942     4.3747    85.2649    30.0
20230607.1900     0.7966     4.4531    84.8151    30.0
20230607.2000     0.7998     4.5172    84.6177    30.0
20230607.2100     0.8045     4.5638    84.8042    30.0
20230607.2200     0.8073     4.6080    84.7219    30.0
20230607.2300     0.8564     4.7422    84.6780    30.0
20230608.0000     0.8550     4.7671    84.1459    30.0
20230608.0100     0.8498     4.7965    83.4164    30.0
20230608.0200     0.8417     4.8243    82.5551    30.0
20230608.0300     0.8329     4.8361    81.8036    30.0
20230608.0400     0.8219     4.8425    80.9808    30.0
20230608.0500     0.8102     4.8369    80.1361    30.0
20230608.0600     0.7987     4.8160    79.2913    30.0
20230608.0700     0.7875     4.7844    78.5618    30.0
20230608.0800     0.7760     4.7519    78.0022    30.0
20230608.0900     0.7658     4.7101    77.6567    30.0
20230608.1000     0.7546     4.6736    77.2727    30.0
20230608.1100     0.7459     4.6300    77.0971    30.0
20230608.1200     0.7391     4.5833    77.2288    30.0
20230608.1300     0.7342     4.5335    77.6676    30.0
20230608.1400     0.7251     4.5126    77.9090    30.0
20230608.1500     0.7105     4.5228    77.8816    30.0
20230608.1600     0.6964     4.5294    78.0187    30.0
20230608.1700     0.6888     4.5001    78.9018    30.0
20230608.1800     0.6805     4.4735    80.0154    30.0
20230608.1900     0.6681     4.4708    80.7011    30.0
20230608.2000     0.6548     4.4730    81.2990    30.0
20230608.2100     0.6398     4.4850    81.6171    30.0
20230608.2200     0.6280     4.4744    82.8020    30.0
20230608.2300     0.6135     4.4841    83.0433    30.0
20230609.0000     0.5974     4.5113    82.8184    30.0
20230609.0100     0.5822     4.5393    82.4893    30.0
20230609.0200     0.5683     4.5611    82.1986    30.0
20230609.0300     0.5558     4.5777    81.9188    30.0
20230609.0400     0.5445     4.5875    81.5239    30.0
20230609.0500     0.5352     4.5829    81.0631    30.0
20230609.0600     0.5279     4.5620    80.5146    30.0
20230609.0700     0.5232     4.5208    79.8124    30.0
20230609.0800     0.5196     4.4732    79.3352    30.0
20230609.0900     0.5184     4.4069    78.9348    30.0
20230609.1000     0.5202     4.3269    78.4136    30.0
20230609.1100     0.5167     4.2961    78.5069    30.0
20230609.1200     0.5076     4.3045    78.5508    30.0
20230609.1300     0.4959     4.3300    78.5508    30.0
20230609.1400     0.4837     4.3626    78.5892    30.0
20230609.1500     0.4741     4.3681    78.8964    30.0
20230609.1600     0.4685     4.3386    79.6972    30.0
20230609.1700     0.4662     4.2799    81.2277    30.0
20230609.1800     0.4655     4.2124    83.3889    30.0
20230609.1900     0.4613     4.1716    85.0291    30.0
20230609.2000     0.4572     4.1289    86.7899    30.0
20230609.2100     0.4543     4.0774    89.0225    30.0
20230609.2200     0.4485     4.0524    91.9023    30.0
20230609.2300     0.4436     4.0139    93.5205    30.0
20230610.0000     0.4378     3.9868    94.7218    30.0
20230610.0100     0.4306     3.9708    95.4349    30.0
20230610.0200     0.4212     3.9733    95.1991    30.0
20230610.0300     0.4091     4.0032    93.7399    30.0
20230610.0400     0.3975     4.0284    92.0888    30.0
20230610.0500     0.3870     4.0490    90.4048    30.0
20230610.0600     0.3793     4.0426    88.7701    30.0
20230610.0700     0.3753     4.0128    86.5266    30.0
20230610.0800     0.3741     3.9610    84.3324    30.0
20230610.0900     0.3747     3.9027    82.1876    30.0
20230610.1000     0.3727     3.8626    79.2749    30.0
20230610.1100     0.3743     3.7955    78.4466    30.0
20230610.1200     0.3793     3.7151    77.7883    30.0
20230610.1300     0.3867     3.6322    77.6292    30.0
20230610.1400     0.3971     3.5525    77.9419    30.0
20230610.1500     0.4084     3.4909    79.1542    30.0
20230610.1600     0.4190     3.4465    81.3977    30.0
20230610.1700     0.4344     3.3934    85.1772    30.0
20230610.1800     0.4527     3.3475    89.2145    30.0
20230610.1900     0.4668     3.3353    92.2808    30.0
20230610.2000     0.4732     3.3549    94.1952    30.0
20230610.2100     0.4716     3.4063    94.7602    30.0
20230610.2200     0.4672     3.4682    94.8644    30.0
20230610.2300     0.4641     3.5380    94.0581    30.0
20230611.0000     0.4647     3.5936    94.0087    30.0
20230611.0100     0.4664     3.6496    93.8990    30.0
20230611.0200     0.4676     3.7162    93.3944    30.0
20230611.0300     0.4660     3.8085    91.9846    30.0
20230611.0400     0.4644     3.9123    90.1689    30.0
20230611.0500     0.4649     4.0090    88.4959    30.0
20230611.0600     0.4687     4.0845    87.0313    30.0
20230611.0700     0.4764     4.1283    85.6983    30.0
20230611.0800     0.4869     4.1495    84.7877    30.0
20230611.0900     0.5050     4.1153    84.3763    30.0
20230611.1000     0.5335     4.0344    83.5754    30.0
20230611.1100     0.5773     3.9293    84.5738    30.0
20230611.1200     0.6459     3.8211    87.8047    30.0
20230611.1300     0.7032     3.8115    89.6752    30.0
20230611.1400     0.7261     3.8826    90.1141    30.0
20230611.1500     0.7352     3.9693    90.3115    30.0
20230611.1600     0.7524     4.0312    90.8711    30.0
20230611.1700     0.7760     4.0840    91.7103    30.0
20230611.1800     0.7888     4.1662    91.8859    30.0
20230611.1900     0.7912     4.2733    91.1728    30.0
20230611.2000     0.7915     4.3829    89.9660    30.0
20230611.2100     0.7873     4.5094    88.1393    30.0
20230611.2200     0.7813     4.6440    86.2633    30.0
20230611.2300     0.8138     4.8343    84.9248    30.0
20230612.0000     0.8220     4.9189    84.1130    30.0
20230612.0100     0.8331     4.9670    83.8278    30.0
20230612.0200     0.8493     4.9752    83.9375    30.0
20230612.0300     0.8723     4.9473    84.2831    30.0
20230612.0400     0.8970     4.9180    84.4476    30.0
20230612.0500     0.9134     4.9258    84.0965    30.0
20230612.0600     0.9180     4.9717    83.2518    30.0
20230612.0700     0.9148     5.0347    82.2096    30.0
20230612.0800     0.9095     5.0900    81.1728    30.0
20230612.0900     0.9103     5.0995    80.4323    30.0
20230612.1000     0.9169     5.0746    79.9934    30.0
20230612.1100     0.9266     5.0396    79.8892    30.0
20230612.1200     0.9412     4.9892    79.7027    30.0
20230612.1300     0.9534     4.9532    79.7960    30.0
20230612.1400     0.9552     4.9511    80.0867    30.0
20230612.1500     0.9520     4.9561    80.6846    30.0
20230612.1600     0.9465     4.9592    81.4087    30.0
20230612.1700     0.9419     4.9500    82.4619    30.0
20230612.1800     0.9345     4.9476    83.3396    30.0
20230612.1900     0.9234     4.9559    83.9046    30.0
20230612.2000     0.9108     4.9670    84.2556    30.0
20230612.2100     0.8997     4.9690    84.5025    30.0
20230612.2200     0.8877     4.9767    84.4092    30.0
20230612.2300     0.8837     4.9503    84.3982    30.0
20230613.0000     0.8850     4.9088    84.3544    30.0
20230613.0100     0.8916     4.8603    84.2337    30.0
20230613.0200     0.8981     4.8251    84.0143    30.0
20230613.0300     0.9038     4.8042    83.6797    30.0
20230613.0400     0.9095     4.7880    83.2573    30.0
20230613.0500     0.9194     4.7597    82.9336    30.0
20230613.0600     0.9335     4.7235    82.6045    30.0
20230613.0700     0.9491     4.6886    82.3083    30.0
20230613.0800     0.9623     4.6646    82.1383    30.0
20230613.0900     0.9733     4.6450    82.1657    30.0
20230613.1000     0.9622     4.6751    81.8859    30.0
20230613.1100     1.0528     4.8837    81.6281    30.0
20230613.1200     1.0386     4.8665    81.1454    30.0
20230613.1300     1.0270     4.8440    80.6462    30.0
20230613.1400     1.0187     4.8161    80.3281    30.0
20230613.1500     1.0081     4.7985    80.3500    30.0
20230613.1600     0.9971     4.7835    80.7175    30.0
20230613.1700     0.9919     4.7516    81.6007    30.0
20230613.1800     0.9932     4.7062    82.9117    30.0
20230613.1900     0.9953     4.6662    84.4092    30.0
20230613.2000     0.9872     4.6562    85.5392    30.0
20230613.2100     0.9733     4.6569    86.6034    30.0
20230613.2200     0.9530     4.6693    87.5798    30.0
20230613.2300     0.9326     4.6782    88.4300    30.0
20230614.0000     0.9093     4.6980    88.7646    30.0
20230614.0100     0.8838     4.7318    88.4355    30.0
20230614.0200     0.8592     4.7683    87.7389    30.0
20230614.0300     0.8348     4.8138    86.6528    30.0
20230614.0400     0.8117     4.8595    85.4295    30.0
20230614.0500     0.7918     4.8889    84.3215    30.0
20230614.0600     0.7776     4.8800    83.4438    30.0
20230614.0700     0.7721     4.8162    82.6649    30.0
20230614.0800     0.7769     4.7068    81.8475    30.0
20230614.0900     0.7810     4.6172    81.4910    30.0
20230614.1000     0.7777     4.5702    81.1728    30.0
20230614.1100     0.7826     4.4967    80.9479    30.0
20230614.1200     0.7794     4.4604    80.8108    30.0
20230614.1300     0.7669     4.4543    80.5255    30.0
20230614.1400     0.7516     4.4563    80.2787    30.0
20230614.1500     0.7292     4.4854    80.1196    30.0
20230614.1600     0.7037     4.5325    80.0154    30.0
20230614.1700     0.6795     4.5762    79.9496    30.0
20230614.1800     0.6590     4.6069    80.0702    30.0
20230614.1900     0.6460     4.5918    81.1728    30.0
20230614.2000     0.6408     4.5346    83.1750    30.0
20230614.2100     0.6371     4.4720    85.3911    30.0
20230614.2200     0.6218     4.4911    86.2304    30.0
20230614.2300     0.6555     4.6383    87.3000    30.0
20230615.0000     0.6420     4.6800    87.1684    30.0
20230615.0100     0.6251     4.7503    86.2852    30.0
20230615.0200     0.6092     4.8168    85.3198    30.0
20230615.0300     0.5959     4.8598    84.5793    30.0
20230615.0400     0.5851     4.8806    84.0088    30.0
20230615.0500     0.5744     4.8944    83.3999    30.0
20230615.0600     0.5657     4.8849    82.8239    30.0
20230615.0700     0.5596     4.8478    82.3138    30.0
20230615.0800     0.5561     4.7822    81.8530    30.0
20230615.0900     0.5599     4.6587    81.1344    30.0
20230615.1000     0.5619     4.5556    79.5217    30.0
20230615.1100     0.5673     4.4424    78.8744    30.0
20230615.1200     0.5783     4.3125    78.0571    30.0
20230615.1300     0.5900     4.2039    77.4263    30.0
20230615.1400     0.5912     4.1597    77.3056    30.0
20230615.1500     0.5871     4.1405    77.4263    30.0
20230615.1600     0.5816     4.1270    77.6786    30.0
20230615.1700     0.5738     4.1255    78.1229    30.0
20230615.1800     0.5679     4.1148    78.6056    30.0
20230615.1900     0.5657     4.0876    79.2419    30.0
20230615.2000     0.5671     4.0489    80.4707    30.0
20230615.2100     0.5731     3.9944    82.9007    30.0
20230615.2200     0.5602     4.0412    83.0982    30.0
20230615.2300     0.5521     4.0633    83.2682    30.0
20230616.0000     0.5438     4.0898    83.1805    30.0
20230616.0100     0.5376     4.1079    83.1201    30.0
20230616.0200     0.5338     4.1168    82.9830    30.0
20230616.0300     0.5322     4.1219    82.7746    30.0
20230616.0400     0.5311     4.1320    82.3796    30.0
20230616.0500     0.5313     4.1356    81.8749    30.0
20230616.0600     0.5326     4.1281    81.1728    30.0
20230616.0700     0.5364     4.1035    80.2019    30.0
20230616.0800     0.5413     4.0710    79.2365    30.0
20230616.0900     0.5450     4.0498    78.6660    30.0
20230616.1000     0.5402     4.0712    78.3972    30.0
20230616.1100     0.5610     4.2240    78.4411    30.0
20230616.1200     0.5485     4.2713    78.4082    30.0
20230616.1300     0.5356     4.3116    78.3094    30.0
20230616.1400     0.5231     4.3453    78.2217    30.0
20230616.1500     0.5109     4.3737    78.1503    30.0
20230616.1600     0.4990     4.3950    78.1065    30.0
20230616.1700     0.4909     4.3810    78.3917    30.0
20230616.1800     0.4849     4.3471    79.5601    30.0
20230616.1900     0.4779     4.3312    80.3665    30.0
20230616.2000     0.4735     4.2965    81.3374    30.0
20230616.2100     0.4778     4.2014    83.5809    30.0
20230616.2200     0.4809     4.1212    85.8464    30.0
20230616.2300     0.4942     3.9913    87.9089    30.0
20230617.0000     0.5224     3.8348    90.2073    30.0
20230617.0100     0.5618     3.7103    90.8711    30.0
20230617.0200     0.6112     3.6365    90.4596    30.0
20230617.0300     0.6588     3.6334    88.9950    30.0
20230617.0400     0.7008     3.6784    86.9435    30.0
20230617.0500     0.7263     3.7515    84.7109    30.0
20230617.0600     0.7446     3.8213    82.5826    30.0
20230617.0700     0.7607     3.8771    80.7724    30.0
20230617.0800     0.7706     3.9250    79.6259    30.0
20230617.0900     0.7705     3.9691    78.8909    30.0
20230617.1000     0.7644     4.0064    77.6567    30.0
20230617.1100     0.7599     4.0253    76.6693    30.0
20230617.1200     0.7474     4.0518    75.9617    30.0
20230617.1300     0.7323     4.0764    75.3528    30.0
20230617.1400     0.7138     4.1063    75.0291    30.0
20230617.1500     0.6927     4.1430    74.7494    30.0
20230617.1600     0.6700     4.1855    74.5519    30.0
20230617.1700     0.6493     4.2184    74.5025    30.0
20230617.1800     0.6316     4.2361    74.6287    30.0
20230617.1900     0.6179     4.2341    74.9030    30.0
20230617.2000     0.6107     4.1964    75.5502    30.0
20230617.2100     0.6135     4.1187    76.6638    30.0
20230617.2200     0.6267     4.0180    78.0351    30.0
20230617.2300     0.6845     4.0081    79.4230    30.0
20230618.0000     0.7104     3.9400    80.3445    30.0
20230618.0100     0.7288     3.9114    80.8931    30.0
20230618.0200     0.7414     3.9012    81.0576    30.0
20230618.0300     0.7532     3.8958    81.0357    30.0
20230618.0400     0.7612     3.8984    80.9753    30.0
20230618.0500     0.7661     3.9079    80.6956    30.0
20230618.0600     0.7678     3.9200    80.1470    30.0
20230618.0700     0.7654     3.9336    79.3407    30.0
20230618.0800     0.7583     3.9448    78.5672    30.0
20230618.0900     0.7453     3.9553    78.1010    30.0
20230618.1000     0.7058     4.0172    77.7554    30.0
20230618.1100     0.6783     4.0305    77.5963    30.0
20230618.1200     0.6595     4.0148    77.4866    30.0
20230618.1300     0.6520     3.9659    77.2014    30.0
20230618.1400     0.6543     3.9037    76.7625    30.0
20230618.1500     0.6610     3.8527    76.1207    30.0
20230618.1600     0.6626     3.8281    75.6435    30.0
20230618.1700     0.6498     3.8398    75.6984    30.0
20230618.1800     0.6250     3.8790    76.1098    30.0
20230618.1900     0.5968     3.9257    76.5980    30.0
20230618.2000     0.5725     3.9556    77.2343    30.0
20230618.2100     0.5531     3.9640    77.9858    30.0
20230618.2200     0.5388     3.9475    79.1158    30.0
20230618.2300     0.5282     3.9244    79.6808    30.0
20230619.0000     0.5206     3.8978    79.9715    30.0
20230619.0100     0.5093     3.8997    80.0648    30.0
20230619.0200     0.4946     3.9266    80.0977    30.0
20230619.0300     0.4786     3.9654    80.0702    30.0
20230619.0400     0.4633     4.0058    80.0318    30.0
20230619.0500     0.4498     4.0333    79.9496    30.0
20230619.0600     0.4404     4.0324    79.6808    30.0
20230619.0700     0.4334     4.0178    79.2310    30.0
20230619.0800     0.4258     4.0102    79.0938    30.0
20230619.0900     0.4184     4.0057    79.0938    30.0
20230619.1000     0.4053     4.0475    79.0006    30.0
20230619.1100     0.3996     4.0299    78.6715    30.0
20230619.1200     0.3945     4.0076    78.1065    30.0
20230619.1300     0.3860     4.0190    78.1339    30.0
20230619.1400     0.3761     4.0478    78.4685    30.0
20230619.1500     0.3663     4.0768    78.7812    30.0
20230619.1600     0.3575     4.0964    79.0993    30.0
20230619.1700     0.3518     4.0757    79.5985    30.0
20230619.1800     0.3446     4.0789    79.9605    30.0
20230619.1900     0.3434     4.0044    81.5294    30.0
20230619.2000     0.3416     3.9555    84.0033    30.0
20230619.2100     0.3376     3.9281    85.3692    30.0
20230619.2200     0.3285     3.9460    86.9215    30.0
20230619.2300     0.3245     3.9214    86.8173    30.0
20230620.0000     0.3204     3.9010    86.6418    30.0
20230620.0100     0.3166     3.8774    86.2084    30.0
20230620.0200     0.3130     3.8564    85.5941    30.0
20230620.0300     0.3122     3.8071    84.2940    30.0
20230620.0400     0.3104     3.7691    83.3286    30.0
20230620.0500     0.3086     3.7340    82.2589    30.0
20230620.0600     0.3077     3.6982    80.9699    30.0
20230620.0700     0.3072     3.6612    79.7905    30.0
20230620.0800     0.3071     3.6243    78.9732    30.0
20230620.0900     0.3076     3.5849    78.6001    30.0
20230620.1000     0.3061     3.5568    78.7537    30.0
20230620.1100     0.3192     3.4363    80.3719    30.0
20230620.1200     0.3374     3.3191    81.6171    30.0
20230620.1300     0.3549     3.2445    82.3412    30.0
20230620.1400     0.3765     3.1841    83.4438    30.0
20230620.1500     0.4070     3.1315    84.3708    30.0
20230620.1600     0.4436     3.1101    84.8700    30.0
20230620.1700     0.4867     3.1246    85.2430    30.0
20230620.1800     0.5318     3.1689    86.2578    30.0
20230620.1900     0.5685     3.2309    88.1613    30.0
20230620.2000     0.5954     3.2934    91.1398    30.0
20230620.2100     0.6152     3.3486    94.5792    30.0
20230620.2200     0.6119     3.4123    96.5594    30.0
20230620.2300     0.6435     3.5651    97.8595    30.0
20230621.0000     0.6250     3.6197    97.6510    30.0
20230621.0100     0.6016     3.6723    96.6746    30.0
20230621.0200     0.5780     3.7181    95.3252    30.0
20230621.0300     0.5535     3.7691    93.4821    30.0
20230621.0400     0.5314     3.8150    91.5293    30.0
20230621.0500     0.5136     3.8435    89.7246    30.0
20230621.0600     0.5047     3.8274    87.6237    30.0
20230621.0700     0.5171     3.7205    84.2227    30.0
20230621.0800     0.5419     3.6176    81.7378    30.0
20230621.0900     0.5683     3.5688    80.3335    30.0
20230621.1000     0.5760     3.5767    78.8360    30.0
20230621.1100     0.5860     3.5799    78.2381    30.0
20230621.1200     0.5995     3.5842    78.1119    30.0
20230621.1300     0.6058     3.6072    78.5508    30.0
20230621.1400     0.6073     3.6375    79.2310    30.0
20230621.1500     0.6039     3.6771    79.4394    30.0
20230621.1600     0.6019     3.7123    79.4668    30.0
20230621.1700     0.5990     3.7525    79.4778    30.0
20230621.1800     0.5968     3.7923    79.2749    30.0
20230621.1900     0.5985     3.8199    79.0609    30.0
20230621.2000     0.6025     3.8414    78.9896    30.0
20230621.2100     0.6023     3.8795    78.6660    30.0
20230621.2200     0.5969     3.9350    78.1174    30.0
20230621.2300     0.5976     3.9602    77.9309    30.0
20230622.0000     0.6001     3.9732    78.0900    30.0
20230622.0100     0.6002     3.9949    78.0077    30.0
20230622.0200     0.5980     4.0227    77.8706    30.0
20230622.0300     0.5931     4.0628    77.3550    30.0
20230622.0400     0.5882     4.0979    76.9052    30.0
20230622.0500     0.5822     4.1324    76.4334    30.0
20230622.0600     0.5776     4.1515    76.0275    30.0
20230622.0700     0.5729     4.1612    75.6435    30.0
20230622.0800     0.5691     4.1553    75.2486    30.0
20230622.0900     0.5725     4.1025    74.6177    30.0
20230622.1000     0.5736     4.0629    73.9540    30.0
20230622.1100     0.5815     3.9966    72.9940    30.0
20230622.1200     0.5951     3.9234    71.9792    30.0
20230622.1300     0.6106     3.8635    71.1619    30.0
20230622.1400     0.6139     3.8576    71.0577    30.0
20230622.1500     0.6078     3.8774    71.2606    30.0
20230622.1600     0.5990     3.9049    71.7050    30.0
20230622.1700     0.5922     3.9180    73.1312    30.0
20230622.1800     0.5889     3.9122    75.2266    30.0
20230622.1900     0.5840     3.9172    76.5651    30.0
20230622.2000     0.5783     3.9332    77.3166    30.0
20230622.2100     0.5722     3.9614    77.6512    30.0
20230622.2200     0.5685     3.9770    78.5398    30.0
20230622.2300     0.5703     3.9717    79.3736    30.0
20230623.0000     0.5719     3.9711    80.0044    30.0
20230623.0100     0.5725     3.9730    80.4378    30.0
20230623.0200     0.5700     3.9861    80.6352    30.0
20230623.0300     0.5620     4.0217    80.4103    30.0
20230623.0400     0.5512     4.0618    79.9715    30.0
20230623.0500     0.5401     4.0915    79.5985    30.0
20230623.0600     0.5289     4.1130    79.3242    30.0
20230623.0700     0.5172     4.1257    79.1103    30.0
20230623.0800     0.5065     4.1262    78.9567    30.0
20230623.0900     0.4967     4.1121    78.8854    30.0
20230623.1000     0.4840     4.1106    78.8634    30.0
20230623.1100     0.4774     4.0669    78.8470    30.0
20230623.1200     0.4721     4.0136    78.7702    30.0
20230623.1300     0.4693     3.9477    78.4904    30.0
20230623.1400     0.4662     3.8905    78.2217    30.0
20230623.1500     0.4628     3.8447    78.0571    30.0
20230623.1600     0.4575     3.8174    78.1339    30.0
20230623.1700     0.4539     3.7877    78.6769    30.0
20230623.1800     0.4507     3.7622    79.4559    30.0
20230623.1900     0.4518     3.7160    80.7504    30.0
20230623.2000     0.4588     3.6488    83.1695    30.0
20230623.2100     0.4696     3.5743    86.3895    30.0
20230623.2200     0.4745     3.5356    88.6933    30.0
20230623.2300     0.4814     3.5357    90.4322    30.0
20230624.0000     0.4785     3.5452    91.4031    30.0
20230624.0100     0.4703     3.5725    91.4745    30.0
20230624.0200     0.4603     3.6079    90.8930    30.0
20230624.0300     0.4483     3.6531    89.6423    30.0
20230624.0400     0.4381     3.6856    88.3094    30.0
20230624.0500     0.4306     3.7007    86.9380    30.0
20230624.0600     0.4272     3.6894    85.2046    30.0
20230624.0700     0.4271     3.6632    83.4438    30.0
20230624.0800     0.4319     3.6122    81.5294    30.0
20230624.0900     0.4376     3.5638    79.9331    30.0
20230624.1000     0.4512     3.4927    76.7132    30.0
20230624.1100     0.4698     3.4346    75.0401    30.0
20230624.1200     0.4924     3.3949    73.9485    30.0
20230624.1300     0.5179     3.3736    72.9227    30.0
20230624.1400     0.5288     3.3973    73.0215    30.0
20230624.1500     0.5203     3.4543    73.5920    30.0
20230624.1600     0.5035     3.5255    74.2667    30.0
20230624.1700     0.4859     3.5930    74.8536    30.0
20230624.1800     0.4710     3.6453    75.4954    30.0
20230624.1900     0.4604     3.6720    76.5596    30.0
20230624.2000     0.4552     3.6675    78.3094    30.0
20230624.2100     0.4512     3.6574    79.9167    30.0
20230624.2200     0.4468     3.6456    82.3248    30.0
20230624.2300     0.4468     3.6217    84.6341    30.0
20230625.0000     0.4458     3.6052    86.4443    30.0
20230625.0100     0.4417     3.6129    87.2178    30.0
20230625.0200     0.4390     3.6181    87.6292    30.0
20230625.0300     0.4402     3.6071    87.9418    30.0
20230625.0400     0.4462     3.5837    87.9089    30.0
20230625.0500     0.4569     3.5539    86.9161    30.0
20230625.0600     0.4722     3.5199    84.8261    30.0
20230625.0700     0.4891     3.4931    82.8404    30.0
20230625.0800     0.5000     3.4950    81.3045    30.0
20230625.0900     0.4991     3.5278    80.3829    30.0
20230625.1000     0.4917     3.5658    79.4175    30.0
20230625.1100     0.4838     3.6006    78.5947    30.0
20230625.1200     0.4754     3.6280    77.7828    30.0
20230625.1300     0.4685     3.6446    77.1191    30.0
20230625.1400     0.4629     3.6534    76.6802    30.0
20230625.1500     0.4580     3.6650    76.4608    30.0
20230625.1600     0.4494     3.7024    76.3950    30.0
20230625.1700     0.4412     3.7367    76.3785    30.0
20230625.1800     0.4340     3.7678    76.5486    30.0
20230625.1900     0.4283     3.7834    77.1081    30.0
20230625.2000     0.4251     3.7765    78.3533    30.0
20230625.2100     0.4202     3.7820    79.3297    30.0
20230625.2200     0.4154     3.7808    81.4087    30.0
20230625.2300     0.4064     3.8132    81.4361    30.0
20230626.0000     0.3984     3.8411    81.5952    30.0
20230626.0100     0.3915     3.8617    81.8695    30.0
20230626.0200     0.3854     3.8766    82.3083    30.0
20230626.0300     0.3785     3.8977    82.2809    30.0
20230626.0400     0.3702     3.9427    82.0066    30.0
20230626.0500     0.3626     3.9857    81.7214    30.0
20230626.0600     0.3559     4.0186    81.4581    30.0
20230626.0700     0.3525     4.0135    80.9479    30.0
20230626.0800     0.3530     3.9690    79.4559    30.0
20230626.0900     0.3501     3.9679    78.6550    30.0
20230626.1000     0.3401     4.0284    77.9200    30.0
20230626.1100     0.3368     4.0307    78.5014    30.0
20230626.1200     0.3357     3.9994    79.4614    30.0
20230626.1300     0.3373     3.9392    81.7543    30.0
20230626.1400     0.3384     3.8830    84.1075    30.0
20230626.1500     0.3349     3.8637    85.3417    30.0
20230626.1600     0.3300     3.8517    86.2414    30.0
20230626.1700     0.3293     3.8001    88.7427    30.0
20230626.1800     0.3244     3.7786    89.8453    30.0
20230626.1900     0.3181     3.7708    90.5474    30.0
20230626.2000     0.3129     3.7506    91.5183    30.0
20230626.2100     0.3123     3.6918    94.5134    30.0
20230626.2200     0.3058     3.6862    97.9802    30.0
20230626.2300     0.3081     3.6035   101.3811    30.0
20230627.0000     0.3209     3.4589   108.6219    30.0
20230627.0100     0.3324     3.3422   115.5390    30.0
20230627.0200     0.3379     3.2799   120.2236    30.0
20230627.0300     0.3286     3.3109   119.3185    30.0
20230627.0400     0.3146     3.3580   115.4184    30.0
20230627.0500     0.3026     3.3805   110.8435    30.0
20230627.0600     0.2945     3.3764   105.7366    30.0
20230627.0700     0.2883     3.3659   100.3883    30.0
20230627.0800     0.2838     3.3506    96.1261    30.0
20230627.0900     0.2848     3.3018    91.1234    30.0
20230627.1000     0.2933     3.2248    83.7784    30.0
20230627.1100     0.2925     3.2037    84.3763    30.0
20230627.1200     0.2867     3.2158    85.8135    30.0
20230627.1300     0.2810     3.2253    86.7241    30.0
20230627.1400     0.2764     3.2381    88.0790    30.0
20230627.1500     0.2777     3.2108    91.1563    30.0
20230627.1600     0.2803     3.1807    94.6231    30.0
20230627.1700     0.2831     3.1607    98.2435    30.0
20230627.1800     0.2866     3.1469   101.8584    30.0
20230627.1900     0.2930     3.1277   105.7914    30.0
20230627.2000     0.3012     3.1092   109.6257    30.0
20230627.2100     0.3074     3.1039   111.9461    30.0
20230627.2200     0.3170     3.1025   117.3986    30.0
20230627.2300     0.3278     3.1037   119.4392    30.0
20230628.0000     0.3331     3.1370   119.2856    30.0
20230628.0100     0.3339     3.1844   117.5138    30.0
20230628.0200     0.3333     3.2356   114.7985    30.0
20230628.0300     0.3284     3.3120   110.5967    30.0
20230628.0400     0.3231     3.3927   105.6488    30.0
20230628.0500     0.3204     3.4554   100.6625    30.0
20230628.0600     0.3192     3.5139    95.8299    30.0
20230628.0700     0.3205     3.5583    91.3483    30.0
20230628.0800     0.3255     3.5697    87.4317    30.0
20230628.0900     0.3349     3.5494    83.6467    30.0
20230628.1000     0.3432     3.5342    79.4668    30.0
20230628.1100     0.3639     3.4442    77.3659    30.0
20230628.1200     0.3867     3.3710    76.9216    30.0
20230628.1300     0.4073     3.3350    78.1833    30.0
20230628.1400     0.4158     3.3363    80.8766    30.0
20230628.1500     0.4131     3.3591    83.9649    30.0
20230628.1600     0.4095     3.3718    87.3604    30.0
20230628.1700     0.4024     3.3869    89.5271    30.0
20230628.1800     0.3980     3.3870    92.5057    30.0
20230628.1900     0.3919     3.3896    94.8425    30.0
20230628.2000     0.3852     3.3945    96.6637    30.0
20230628.2100     0.3788     3.4011    98.1447    30.0
20230628.2200     0.3713     3.4197   101.1507    30.0
20230628.2300     0.3678     3.4185   102.0723    30.0
20230629.0000     0.3691     3.3940   104.3542    30.0
20230629.0100     0.3710     3.3741   106.6033    30.0
20230629.0200     0.3673     3.3905   106.7185    30.0
20230629.0300     0.3562     3.4521   103.7070    30.0
20230629.0400     0.3453     3.5146   100.0317    30.0
20230629.0500     0.3368     3.5641    96.5046    30.0
20230629.0600     0.3289     3.6194    93.3724    30.0
20230629.0700     0.3259     3.6245    90.2512    30.0
20230629.0800     0.3239     3.6413    87.0038    30.0
20230629.0900     0.3244     3.6357    84.0911    30.0
20230629.1000     0.3144     3.7153    81.8256    30.0
20230629.1100     0.3115     3.7283    81.7817    30.0
20230629.1200     0.3105     3.7317    82.1931    30.0
20230629.1300     0.3143     3.6900    83.2902    30.0
20230629.1400     0.3155     3.6740    83.8607    30.0
20230629.1500     0.3179     3.6474    85.2046    30.0
20230629.1600     0.3201     3.6211    87.1245    30.0
20230629.1700     0.3226     3.5968    89.3735    30.0
20230629.1800     0.3231     3.5884    91.0027    30.0
20230629.1900     0.3194     3.6133    91.0192    30.0
20230629.2000     0.3182     3.6205    91.7761    30.0
20230629.2100     0.3198     3.6051    93.4382    30.0
20230629.2200     0.3212     3.5999    97.3493    30.0
20230629.2300     0.3233     3.5807    98.3532    30.0
20230630.0000     0.3229     3.5826    98.2654    30.0
20230630.0100     0.3237     3.5790    98.4245    30.0
20230630.0200     0.3211     3.6073    97.3055    30.0
20230630.0300     0.3162     3.6574    94.9961    30.0
20230630.0400     0.3135     3.6812    92.7032    30.0
20230630.0500     0.3081     3.7469    90.4487    30.0
20230630.0600     0.3073     3.7557    88.2490    30.0
20230630.0700     0.3125     3.7074    84.6999    30.0
20230630.0800     0.3116     3.7317    83.1750    30.0
20230630.0900     0.3104     3.7540    82.2315    30.0
20230630.1000     0.3088     3.7665    80.7669    30.0
20230630.1100     0.3130     3.7398    80.1745    30.0
20230630.1200     0.3152     3.7293    80.2842    30.0
20230630.1300     0.3206     3.6874    81.2935    30.0
20230630.1400     0.3261     3.6455    82.7471    30.0
20230630.1500     0.3350     3.5814    85.6599    30.0
20230630.1600     0.3489     3.4951    90.9424    30.0
20230630.1700     0.3609     3.4249    96.6308    30.0
20230630.1800     0.3731     3.3618   103.2078    30.0
20230630.1900     0.3769     3.3394   107.3054    30.0
20230630.2000     0.3817     3.3162   111.6279    30.0
20230630.2100     0.3894     3.2881   116.6800    30.0
20230630.2200     0.3879     3.3052   119.7848    30.0
20230630.2300     0.3966     3.2754   122.8621    30.0
