TPAR
20230501.0000     0.1772     2.4096    18.2495    30.0
20230501.0100     0.1742     2.4088    17.4431    30.0
20230501.0200     0.1712     2.4089    16.6642    30.0
20230501.0300     0.1699     2.3938    14.8649    30.0
20230501.0400     0.1738     2.3358     9.7690    30.0
20230501.0500     0.1802     2.3103   358.0553    30.0
20230501.0600     0.1910     2.3097   342.6139    30.0
20230501.0700     0.1889     2.3237   338.6753    30.0
20230501.0800     0.1884     2.3322   333.4532    30.0
20230501.0900     0.1844     2.3485   332.2738    30.0
20230501.1000     0.1766     2.3725   317.3480    30.0
20230501.1100     0.1739     2.3725   318.6809    30.0
20230501.1200     0.1678     2.4031   320.6502    30.0
20230501.1300     0.1633     2.4247   322.4988    30.0
20230501.1400     0.1590     2.4426   324.1499    30.0
20230501.1500     0.1565     2.4468   325.5542    30.0
20230501.1600     0.1584     2.4190   328.5821    30.0
20230501.1700     0.1621     2.3896   338.1926    30.0
20230501.1800     0.1657     2.3689   350.6445    30.0
20230501.1900     0.1640     2.3709   355.0548    30.0
20230501.2000     0.1618     2.3731   357.3697    30.0
20230501.2100     0.1591     2.3789   358.6533    30.0
20230501.2200     0.1380     2.4328     3.5375    30.0
20230501.2300     0.1432     2.3937     7.9752    30.0
20230502.0000     0.1629     2.3056    27.7228    30.0
20230502.0100     0.1683     2.2959    40.2789    30.0
20230502.0200     0.1715     2.2941    51.1291    30.0
20230502.0300     0.1705     2.3060    56.9217    30.0
20230502.0400     0.1703     2.3050    57.3935    30.0
20230502.0500     0.1746     2.2906    54.6508    30.0
20230502.0600     0.1835     2.2962    50.4325    30.0
20230502.0700     0.2037     2.3238    47.3606    30.0
20230502.0800     0.2046     2.3539    47.9750    30.0
20230502.0900     0.2027     2.3731    50.3228    30.0
20230502.1000     0.1926     2.3950    54.7989    30.0
20230502.1100     0.1899     2.4065    55.3145    30.0
20230502.1200     0.1913     2.4063    56.6913    30.0
20230502.1300     0.2004     2.4019    63.2848    30.0
20230502.1400     0.2148     2.4096    70.9480    30.0
20230502.1500     0.2264     2.4278    74.8646    30.0
20230502.1600     0.2336     2.4613    76.9052    30.0
20230502.1700     0.2345     2.5045    77.5579    30.0
20230502.1800     0.2313     2.5408    77.5085    30.0
20230502.1900     0.2254     2.5787    76.6802    30.0
20230502.2000     0.2211     2.6044    76.3456    30.0
20230502.2100     0.2192     2.6072    76.6199    30.0
20230502.2200     0.2021     2.6633    78.9786    30.0
20230502.2300     0.1982     2.6660    78.5782    30.0
20230503.0000     0.2007     2.6193    79.9057    30.0
20230503.0100     0.2020     2.6122    80.6188    30.0
20230503.0200     0.2078     2.5941    82.2096    30.0
20230503.0300     0.2069     2.6031    81.7872    30.0
20230503.0400     0.2058     2.6100    79.3955    30.0
20230503.0500     0.2120     2.5829    75.6490    30.0
20230503.0600     0.2136     2.5995    73.0324    30.0
20230503.0700     0.2118     2.6248    71.9737    30.0
20230503.0800     0.2171     2.6240    68.8032    30.0
20230503.0900     0.2306     2.6137    68.8032    30.0
20230503.1000     0.2393     2.6353    65.1608    30.0
20230503.1100     0.2487     2.6603    65.5393    30.0
20230503.1200     0.2592     2.6853    67.5470    30.0
20230503.1300     0.2715     2.7093    69.0281    30.0
20230503.1400     0.2698     2.7659    68.1559    30.0
20230503.1500     0.2620     2.8301    67.3221    30.0
20230503.1600     0.2564     2.8753    66.7900    30.0
20230503.1700     0.2504     2.9219    66.4828    30.0
20230503.1800     0.2437     2.9741    65.9891    30.0
20230503.1900     0.2370     3.0318    65.6490    30.0
20230503.2000     0.2358     3.0326    66.9381    30.0
20230503.2100     0.2312     3.0794    67.4428    30.0
20230503.2200     0.2155     3.2298    67.9090    30.0
20230503.2300     0.2197     3.1768    69.5492    30.0
20230504.0000     0.2217     3.2035    71.5843    30.0
20230504.0100     0.2210     3.2446    71.8805    30.0
20230504.0200     0.2182     3.3083    72.1328    30.0
20230504.0300     0.2166     3.3555    72.4071    30.0
20230504.0400     0.2151     3.3955    72.4290    30.0
20230504.0500     0.2172     3.3912    71.5349    30.0
20230504.0600     0.2160     3.4288    71.6282    30.0
20230504.0700     0.2284     3.2883    66.6145    30.0
20230504.0800     0.2368     3.2397    61.1839    30.0
20230504.0900     0.2360     3.2774    60.7506    30.0
20230504.1000     0.2257     3.4044    62.0012    30.0
20230504.1100     0.2220     3.4759    62.4565    30.0
20230504.1200     0.2204     3.5089    63.4165    30.0
20230504.1300     0.2201     3.5235    64.5794    30.0
20230504.1400     0.2215     3.5148    66.8888    30.0
20230504.1500     0.2211     3.5229    67.9749    30.0
20230504.1600     0.2248     3.4755    69.2749    30.0
20230504.1700     0.2237     3.5026    70.4817    30.0
20230504.1800     0.2224     3.5196    71.3594    30.0
20230504.1900     0.2188     3.5679    71.9683    30.0
20230504.2000     0.2152     3.6125    72.4181    30.0
20230504.2100     0.2204     3.5111    74.6836    30.0
20230504.2200     0.2081     3.6480    79.0006    30.0
20230504.2300     0.2062     3.6629    79.7247    30.0
20230505.0000     0.2050     3.6663    80.3555    30.0
20230505.0100     0.2058     3.6320    81.3374    30.0
20230505.0200     0.2083     3.5803    83.0214    30.0
20230505.0300     0.2070     3.5742    83.3560    30.0
20230505.0400     0.2056     3.5633    82.9336    30.0
20230505.0500     0.2055     3.5389    81.8969    30.0
20230505.0600     0.2051     3.5052    80.9808    30.0
20230505.0700     0.2023     3.5202    80.2787    30.0
20230505.0800     0.2064     3.4275    77.3934    30.0
20230505.0900     0.2020     3.4694    77.1410    30.0
20230505.1000     0.1796     3.8138    76.1920    30.0
20230505.1100     0.1816     3.7551    77.0094    30.0
20230505.1200     0.1819     3.7352    77.2782    30.0
20230505.1300     0.1827     3.7116    77.5469    30.0
20230505.1400     0.1835     3.6851    77.6347    30.0
20230505.1500     0.1838     3.6751    77.4043    30.0
20230505.1600     0.1857     3.6431    77.6073    30.0
20230505.1700     0.1866     3.6336    77.9638    30.0
20230505.1800     0.1868     3.6326    77.5744    30.0
20230505.1900     0.1876     3.6236    77.1191    30.0
20230505.2000     0.1884     3.6147    76.6638    30.0
20230505.2100     0.1955     3.4779    76.3621    30.0
20230505.2200     0.2303     3.2192   116.5593    30.0
20230505.2300     0.2296     3.2322   117.3053    30.0
20230506.0000     0.2250     3.2736   112.6318    30.0
20230506.0100     0.2190     3.3333   107.5522    30.0
20230506.0200     0.2151     3.3720   103.4107    30.0
20230506.0300     0.2118     3.4035    98.4848    30.0
20230506.0400     0.2074     3.4595    94.2446    30.0
20230506.0500     0.2039     3.4984    90.6516    30.0
20230506.0600     0.2002     3.5434    87.7608    30.0
20230506.0700     0.1980     3.5521    85.0346    30.0
20230506.0800     0.1975     3.5434    81.9463    30.0
20230506.0900     0.1946     3.5703    80.4158    30.0
20230506.1000     0.1751     3.8643    77.3934    30.0
20230506.1100     0.1755     3.8379    77.1959    30.0
20230506.1200     0.1742     3.8392    76.8064    30.0
20230506.1300     0.1730     3.8471    76.4060    30.0
20230506.1400     0.1720     3.8528    76.0549    30.0
20230506.1500     0.1929     3.4162    83.4273    30.0
20230506.1600     0.1950     3.3853    85.4460    30.0
20230506.1700     0.1932     3.3884    84.5738    30.0
20230506.1800     0.1898     3.4229    83.5699    30.0
20230506.1900     0.1873     3.4429    82.7197    30.0
20230506.2000     0.1849     3.4630    81.9956    30.0
20230506.2100     0.1825     3.4845    81.3264    30.0
20230506.2200     0.1579     3.9404    78.5563    30.0
20230506.2300     0.1577     3.9265    78.3314    30.0
20230507.0000     0.1579     3.9033    78.0845    30.0
20230507.0100     0.1584     3.8739    77.8761    30.0
20230507.0200     0.1589     3.8436    77.7280    30.0
20230507.0300     0.1636     3.7133    78.1394    30.0
20230507.0400     0.1643     3.6856    77.8870    30.0
20230507.0500     0.1652     3.6586    77.0862    30.0
20230507.0600     0.1654     3.6423    76.5705    30.0
20230507.0700     0.1662     3.6160    75.8026    30.0
20230507.0800     0.1674     3.5798    74.5354    30.0
20230507.0900     0.1664     3.5976    74.1515    30.0
20230507.1000     0.1530     3.8635    70.2349    30.0
20230507.1100     0.1617     3.6844    66.5706    30.0
20230507.1200     0.1674     3.5750    65.8246    30.0
20230507.1300     0.1777     3.4356    66.3292    30.0
20230507.1400     0.1843     3.3620    66.6035    30.0
20230507.1500     0.1984     3.1365    75.2760    30.0
20230507.1600     0.2031     3.0953    88.7701    30.0
20230507.1700     0.2052     3.0794    95.1113    30.0
20230507.1800     0.2034     3.0998    89.3516    30.0
20230507.1900     0.2068     3.0485    85.5721    30.0
20230507.2000     0.2077     3.0328    85.3527    30.0
20230507.2100     0.2072     3.0428    86.2359    30.0
20230507.2200     0.1915     3.2317    97.7443    30.0
20230507.2300     0.1934     3.2021    95.2704    30.0
20230508.0000     0.1974     3.1539    96.1206    30.0
20230508.0100     0.1974     3.1654    94.4860    30.0
20230508.0200     0.1964     3.1704    90.9533    30.0
20230508.0300     0.1977     3.1370    86.3730    30.0
20230508.0400     0.2006     3.1040    80.3610    30.0
20230508.0500     0.2049     3.0492    73.3890    30.0
20230508.0600     0.2061     3.0508    68.3698    30.0
20230508.0700     0.2044     3.0578    66.5980    30.0
20230508.0800     0.2001     3.1170    65.8630    30.0
20230508.0900     0.1959     3.1828    65.2431    30.0
20230508.1000     0.1670     3.5875    66.2195    30.0
20230508.1100     0.1657     3.6371    66.0934    30.0
20230508.1200     0.1643     3.6948    66.0111    30.0
20230508.1300     0.1634     3.7458    65.9288    30.0
20230508.1400     0.1629     3.7877    65.8959    30.0
20230508.1500     0.1639     3.7921    66.1976    30.0
20230508.1600     0.1646     3.8049    66.3402    30.0
20230508.1700     0.1650     3.8168    66.5048    30.0
20230508.1800     0.1654     3.8269    66.6090    30.0
20230508.1900     0.1651     3.8509    66.6639    30.0
20230508.2000     0.1645     3.8735    66.7571    30.0
20230508.2100     0.1640     3.8918    66.8942    30.0
20230508.2200     0.1509     4.1747    69.8289    30.0
20230508.2300     0.1512     4.1618    70.1855    30.0
20230509.0000     0.1516     4.1433    70.6134    30.0
20230509.0100     0.1526     4.0946    71.1290    30.0
20230509.0200     0.1529     4.0651    71.3100    30.0
20230509.0300     0.1541     4.0070    71.0741    30.0
20230509.0400     0.1551     3.9474    70.5585    30.0
20230509.0500     0.1547     3.9292    70.1306    30.0
20230509.0600     0.1541     3.9199    69.5382    30.0
20230509.0700     0.1526     3.9256    69.7631    30.0
20230509.0800     0.1511     3.9299    69.9496    30.0
20230509.0900     0.1496     3.9313    70.1690    30.0
20230509.1000     0.1356     4.1978    71.4526    30.0
20230509.1100     0.1423     3.9293    72.1932    30.0
20230509.1200     0.1614     3.4594    75.4351    30.0
20230509.1300     0.1882     3.1091    81.1728    30.0
20230509.1400     0.1952     3.0448    82.9391    30.0
20230509.1500     0.2028     2.9809    85.2156    30.0
20230509.1600     0.2198     2.9081    88.4191    30.0
20230509.1700     0.2489     2.8223    91.3538    30.0
20230509.1800     0.2821     2.7814    92.8184    30.0
20230509.1900     0.3184     2.7966    93.1420    30.0
20230509.2000     0.3574     2.8361    93.1694    30.0
20230509.2100     0.3967     2.8868    92.8403    30.0
20230509.2200     0.4105     2.9699    92.1766    30.0
20230509.2300     0.4223     3.0337    90.4212    30.0
20230510.0000     0.4442     3.0741    88.9566    30.0
20230510.0100     0.4688     3.1168    87.3055    30.0
20230510.0200     0.4893     3.1588    85.8464    30.0
20230510.0300     0.4990     3.2206    84.1788    30.0
20230510.0400     0.5113     3.2692    82.6649    30.0
20230510.0500     0.5347     3.3068    81.3264    30.0
20230510.0600     0.5610     3.3583    80.0648    30.0
20230510.0700     0.5783     3.4322    78.4850    30.0
20230510.0800     0.5873     3.5149    76.3402    30.0
20230510.0900     0.5963     3.5937    74.3983    30.0
20230510.1000     0.6251     3.6435    73.2519    30.0
20230510.1100     0.6651     3.6915    73.2683    30.0
20230510.1200     0.7037     3.7490    73.9814    30.0
20230510.1300     0.7224     3.8289    74.4203    30.0
20230510.1400     0.7166     3.9228    74.3819    30.0
20230510.1500     0.7137     3.9688    75.1663    30.0
20230510.1600     0.7169     3.9760    76.7186    30.0
20230510.1700     0.7234     3.9713    78.1065    30.0
20230510.1800     0.7221     3.9845    78.6385    30.0
20230510.1900     0.7366     3.9643    79.7247    30.0
20230510.2000     0.7524     3.9612    80.3445    30.0
20230510.2100     0.7563     3.9861    79.8289    30.0
20230510.2200     0.7689     3.9895    79.3078    30.0
20230510.2300     0.8342     4.0106    78.6989    30.0
20230511.0000     0.8825     4.0257    77.9584    30.0
20230511.0100     0.9081     4.0670    77.3111    30.0
20230511.0200     0.9087     4.0970    77.0917    30.0
20230511.0300     0.9270     4.0963    76.6583    30.0
20230511.0400     0.9415     4.0993    75.4735    30.0
20230511.0500     0.9251     4.1033    74.7933    30.0
20230511.0600     0.8886     4.0947    74.9030    30.0
20230511.0700     0.8699     4.0486    76.3018    30.0
20230511.0800     0.8730     3.9939    78.6715    30.0
20230511.0900     0.8844     3.9607    81.1454    30.0
20230511.1000     0.8775     3.9439    84.0911    30.0
20230511.1100     0.8787     3.9271    87.5195    30.0
20230511.1200     0.8795     3.9284    89.6972    30.0
20230511.1300     0.8886     3.9472    90.1634    30.0
20230511.1400     0.9101     3.9771    89.9276    30.0
20230511.1500     0.9112     4.0208    89.3735    30.0
20230511.1600     0.8854     4.0605    88.6824    30.0
20230511.1700     0.8542     4.0770    87.8705    30.0
20230511.1800     0.8253     4.0719    87.1958    30.0
20230511.1900     0.8059     4.0440    87.0916    30.0
20230511.2000     0.7944     4.0075    87.5908    30.0
20230511.2100     0.7884     3.9714    88.6275    30.0
20230511.2200     0.7730     3.9579    89.0060    30.0
20230511.2300     0.7684     3.9287    89.4503    30.0
20230512.0000     0.7648     3.9074    90.1360    30.0
20230512.0100     0.7507     3.9038    90.4542    30.0
20230512.0200     0.7281     3.9116    90.0208    30.0
20230512.0300     0.7016     3.9215    89.0334    30.0
20230512.0400     0.6757     3.9269    87.7279    30.0
20230512.0500     0.6543     3.9238    86.0713    30.0
20230512.0600     0.6357     3.9223    84.0362    30.0
20230512.0700     0.6225     3.9180    81.7378    30.0
20230512.0800     0.6159     3.9118    79.4394    30.0
20230512.0900     0.6151     3.9115    77.3824    30.0
20230512.1000     0.6106     3.9353    75.3363    30.0
20230512.1100     0.6623     4.0920    73.7785    30.0
20230512.1200     0.6664     4.1164    72.8130    30.0
20230512.1300     0.6658     4.1417    72.4236    30.0
20230512.1400     0.6570     4.1801    72.1054    30.0
20230512.1500     0.6417     4.2329    71.6117    30.0
20230512.1600     0.6225     4.2943    71.0851    30.0
20230512.1700     0.6021     4.3614    70.5091    30.0
20230512.1800     0.5823     4.4245    69.8673    30.0
20230512.1900     0.5640     4.4831    69.3298    30.0
20230512.2000     0.5474     4.5378    68.8251    30.0
20230512.2100     0.5318     4.5935    68.3479    30.0
20230512.2200     0.5138     4.6796    67.9639    30.0
20230512.2300     0.5014     4.7233    67.6622    30.0
20230513.0000     0.4904     4.7581    67.5470    30.0
20230513.0100     0.4805     4.7878    67.5909    30.0
20230513.0200     0.4705     4.8192    67.6457    30.0
20230513.0300     0.4605     4.8533    67.6841    30.0
20230513.0400     0.4510     4.8804    67.6896    30.0
20230513.0500     0.4414     4.9096    67.6896    30.0
20230513.0600     0.4391     4.8395    66.5706    30.0
20230513.0700     0.4324     4.8336    66.0824    30.0
20230513.0800     0.4236     4.8504    66.3676    30.0
20230513.0900     0.4154     4.8556    66.9656    30.0
20230513.1000     0.4005     4.9527    67.6787    30.0
20230513.1100     0.3917     4.9799    67.9584    30.0
20230513.1200     0.3860     4.9581    68.3534    30.0
20230513.1300     0.3869     4.8491    70.2184    30.0
20230513.1400     0.3813     4.8338    70.6079    30.0
20230513.1500     0.3804     4.7579    71.8147    30.0
20230513.1600     0.3826     4.6572    74.6013    30.0
20230513.1700     0.3868     4.5489    78.6276    30.0
20230513.1800     0.3964     4.4091    85.2649    30.0
20230513.1900     0.4066     4.2921    93.5699    30.0
20230513.2000     0.4133     4.2142    99.8726    30.0
20230513.2100     0.4138     4.1905   102.5605    30.0
20230513.2200     0.4075     4.2124   103.4053    30.0
20230513.2300     0.4088     4.1661   103.8331    30.0
20230514.0000     0.4163     4.1415   104.3926    30.0
20230514.0100     0.4197     4.1561   104.3323    30.0
20230514.0200     0.4177     4.2004   103.5314    30.0
20230514.0300     0.4135     4.2539   102.3575    30.0
20230514.0400     0.4082     4.3083   100.9094    30.0
20230514.0500     0.4012     4.3733    98.8908    30.0
20230514.0600     0.3931     4.4506    96.7514    30.0
20230514.0700     0.3844     4.5285    94.4585    30.0
20230514.0800     0.3755     4.6102    92.2479    30.0
20230514.0900     0.3659     4.6935    90.1854    30.0
20230514.1000     0.3505     4.8653    86.3291    30.0
20230514.1100     0.3432     4.9076    84.6780    30.0
20230514.1200     0.3352     4.9568    83.2299    30.0
20230514.1300     0.3279     4.9881    81.9133    30.0
20230514.1400     0.3215     4.9967    80.8163    30.0
20230514.1500     0.3193     4.9112    80.6133    30.0
20230514.1600     0.3235     4.7271    83.3176    30.0
20230514.1700     0.3258     4.5920    86.0439    30.0
20230514.1800     0.3276     4.4516    88.3916    30.0
20230514.1900     0.3288     4.3382    91.2331    30.0
20230514.2000     0.3320     4.2098    94.2885    30.0
20230514.2100     0.3373     4.0898    97.2177    30.0
20230514.2200     0.3332     4.1123    99.0718    30.0
20230514.2300     0.3413     3.9946   100.8874    30.0
20230515.0000     0.3547     3.8380   102.9390    30.0
20230515.0100     0.3666     3.7356   103.8112    30.0
20230515.0200     0.3735     3.6729   103.6960    30.0
20230515.0300     0.3728     3.6450   102.7031    30.0
20230515.0400     0.3663     3.6375   101.4415    30.0
20230515.0500     0.3564     3.6392   100.0207    30.0
20230515.0600     0.3448     3.6444    98.4958    30.0
20230515.0700     0.3358     3.5942    96.2577    30.0
20230515.0800     0.3293     3.5326    92.1766    30.0
20230515.0900     0.3197     3.5020    88.9018    30.0
20230515.1000     0.3001     3.5430    84.4366    30.0
20230515.1100     0.3030     3.5954    82.2205    30.0
20230515.1200     0.2927     3.5976    79.9934    30.0
20230515.1300     0.2839     3.5776    78.2820    30.0
20230515.1400     0.2747     3.5597    77.0423    30.0
20230515.1500     0.2663     3.5335    76.3566    30.0
20230515.1600     0.2639     3.4319    77.8157    30.0
20230515.1700     0.2600     3.3650    79.8563    30.0
20230515.1800     0.2519     3.3394    79.5820    30.0
20230515.1900     0.2440     3.3178    79.1103    30.0
20230515.2000     0.2378     3.2887    79.0829    30.0
20230515.2100     0.2342     3.2459    79.9386    30.0
20230515.2200     0.2162     3.3313    80.2293    30.0
20230515.2300     0.2144     3.2992    80.5146    30.0
20230516.0000     0.2153     3.2374    81.1948    30.0
20230516.0100     0.2166     3.1890    81.8969    30.0
20230516.0200     0.2163     3.1708    82.2754    30.0
20230516.0300     0.2151     3.1598    82.2150    30.0
20230516.0400     0.2138     3.1517    82.1053    30.0
20230516.0500     0.2131     3.1337    81.5239    30.0
20230516.0600     0.2162     3.0644    79.9112    30.0
20230516.0700     0.2184     3.0297    77.8486    30.0
20230516.0800     0.2227     2.9800    75.4735    30.0
20230516.0900     0.2238     2.9624    74.5793    30.0
20230516.1000     0.2144     3.0059    71.9847    30.0
20230516.1100     0.2135     3.0025    71.9847    30.0
20230516.1200     0.2140     2.9885    72.6594    30.0
20230516.1300     0.2128     2.9821    73.2244    30.0
20230516.1400     0.2111     2.9603    72.8788    30.0
20230516.1500     0.2051     2.9978    71.8750    30.0
20230516.1600     0.2020     2.9998    71.2168    30.0
20230516.1700     0.2017     2.9775    72.0231    30.0
20230516.1800     0.2027     2.9445    74.0308    30.0
20230516.1900     0.2017     2.9369    74.9523    30.0
20230516.2000     0.2006     2.9326    75.4460    30.0
20230516.2100     0.2069     2.8648    78.6824    30.0
20230516.2200     0.1954     2.9437    80.6627    30.0
20230516.2300     0.2007     2.9038    82.7636    30.0
20230517.0000     0.2161     2.8347    87.8212    30.0
20230517.0100     0.2321     2.7984    92.3686    30.0
20230517.0200     0.2458     2.7952    94.7218    30.0
20230517.0300     0.2514     2.8315    94.7547    30.0
20230517.0400     0.2520     2.8799    93.7070    30.0
20230517.0500     0.2515     2.9202    91.9297    30.0
20230517.0600     0.2514     2.9261    89.6368    30.0
20230517.0700     0.2491     2.9485    87.2507    30.0
20230517.0800     0.2472     2.9661    84.4037    30.0
20230517.0900     0.2446     2.9756    82.4729    30.0
20230517.1000     0.2346     3.0153    78.9457    30.0
20230517.1100     0.2356     2.9962    77.3220    30.0
20230517.1200     0.2374     2.9612    76.1920    30.0
20230517.1300     0.2388     2.9367    75.6380    30.0
20230517.1400     0.2388     2.9245    74.6397    30.0
20230517.1500     0.2420     2.9080    73.9759    30.0
20230517.1600     0.2475     2.8839    74.1350    30.0
20230517.1700     0.2515     2.8806    73.7401    30.0
20230517.1800     0.2533     2.8991    72.7582    30.0
20230517.1900     0.2533     2.9378    71.7927    30.0
20230517.2000     0.2544     2.9581    71.3704    30.0
20230517.2100     0.2560     2.9797    72.5004    30.0
20230517.2200     0.2495     3.0552    74.7055    30.0
20230517.2300     0.2536     3.0392    76.1098    30.0
20230518.0000     0.2533     3.0464    76.2304    30.0
20230518.0100     0.2517     3.0613    76.2195    30.0
20230518.0200     0.2510     3.0609    76.4499    30.0
20230518.0300     0.2495     3.0676    76.4992    30.0
20230518.0400     0.2455     3.0920    76.0714    30.0
20230518.0500     0.2411     3.1214    75.3144    30.0
20230518.0600     0.2370     3.1402    74.4203    30.0
20230518.0700     0.2322     3.1746    73.6797    30.0
20230518.0800     0.2279     3.2078    72.9611    30.0
20230518.0900     0.2234     3.2434    72.4016    30.0
20230518.1000     0.2124     3.3177    70.3281    30.0
20230518.1100     0.2160     3.2558    69.7302    30.0
20230518.1200     0.2144     3.2692    69.7686    30.0
20230518.1300     0.2190     3.1913    71.3265    30.0
20230518.1400     0.2243     3.1505    74.3928    30.0
20230518.1500     0.2303     3.1076    77.2507    30.0
20230518.1600     0.2345     3.0808    79.3133    30.0
20230518.1700     0.2382     3.0491    81.0247    30.0
20230518.1800     0.2404     3.0291    81.8311    30.0
20230518.1900     0.2410     3.0323    82.7800    30.0
20230518.2000     0.2405     3.0340    82.7307    30.0
20230518.2100     0.2374     3.0672    82.1821    30.0
20230518.2200     0.2269     3.1552    82.5606    30.0
20230518.2300     0.2284     3.1503    82.5387    30.0
20230519.0000     0.2305     3.1383    82.9336    30.0
20230519.0100     0.2311     3.1436    82.9227    30.0
20230519.0200     0.2316     3.1472    82.9775    30.0
20230519.0300     0.2314     3.1482    82.7087    30.0
20230519.0400     0.2306     3.1547    82.0285    30.0
20230519.0500     0.2292     3.1660    81.1344    30.0
20230519.0600     0.2326     3.1069    79.8728    30.0
20230519.0700     0.2355     3.0770    77.4701    30.0
20230519.0800     0.2386     3.0527    75.4351    30.0
20230519.0900     0.2439     3.0215    74.4257    30.0
20230519.1000     0.2393     3.0448    70.4049    30.0
20230519.1100     0.2384     3.0670    69.8125    30.0
20230519.1200     0.2388     3.0779    69.5876    30.0
20230519.1300     0.2410     3.0731    69.6589    30.0
20230519.1400     0.2429     3.0729    69.3188    30.0
20230519.1500     0.2454     3.0751    69.1158    30.0
20230519.1600     0.2490     3.0744    69.4395    30.0
20230519.1700     0.2540     3.0645    70.2842    30.0
20230519.1800     0.2572     3.0676    70.7340    30.0
20230519.1900     0.2604     3.0713    71.4581    30.0
20230519.2000     0.2662     3.0622    72.8843    30.0
20230519.2100     0.2714     3.0627    73.7949    30.0
20230519.2200     0.2683     3.1141    74.4257    30.0
20230519.2300     0.3633     3.6218    74.8865    30.0
20230520.0000     0.3524     3.5915    73.9869    30.0
20230520.0100     0.3473     3.5521    73.4219    30.0
20230520.0200     0.3474     3.5007    73.5536    30.0
20230520.0300     0.3520     3.4381    74.1953    30.0
20230520.0400     0.3563     3.4026    74.4038    30.0
20230520.0500     0.3559     3.4033    73.7181    30.0
20230520.0600     0.3509     3.4370    72.5497    30.0
20230520.0700     0.3441     3.4818    71.3155    30.0
20230520.0800     0.3371     3.5269    70.3062    30.0
20230520.0900     0.3300     3.5703    69.5163    30.0
20230520.1000     0.3180     3.6407    68.8745    30.0
20230520.1100     0.3117     3.6778    68.2327    30.0
20230520.1200     0.3057     3.7083    67.6896    30.0
20230520.1300     0.3006     3.7309    67.2289    30.0
20230520.1400     0.2955     3.7495    66.8558    30.0
20230520.1500     0.2912     3.7640    66.5048    30.0
20230520.1600     0.2871     3.7724    66.2031    30.0
20230520.1700     0.2839     3.7726    65.9453    30.0
20230520.1800     0.2823     3.7555    65.9014    30.0
20230520.1900     0.2808     3.7477    65.9617    30.0
20230520.2000     0.2821     3.7007    66.5048    30.0
20230520.2100     0.2812     3.6893    66.6858    30.0
20230520.2200     0.2777     3.7078    67.6732    30.0
20230520.2300     0.2833     3.6291    68.7593    30.0
20230521.0000     0.3007     3.4874    73.0653    30.0
20230521.0100     0.3204     3.3487    76.6857    30.0
20230521.0200     0.3366     3.2742    78.8470    30.0
20230521.0300     0.3435     3.2767    78.8634    30.0
20230521.0400     0.3469     3.3002    77.9309    30.0
20230521.0500     0.3514     3.3154    76.0988    30.0
20230521.0600     0.3541     3.3497    74.1240    30.0
20230521.0700     0.3516     3.4177    72.3797    30.0
20230521.0800     0.3477     3.4985    70.9589    30.0
20230521.0900     0.3447     3.5774    69.7741    30.0
20230521.1000     0.3380     3.6823    68.5783    30.0
20230521.1100     0.3365     3.7568    67.8432    30.0
20230521.1200     0.3365     3.8172    67.2727    30.0
20230521.1300     0.3359     3.8775    66.8174    30.0
20230521.1400     0.3353     3.9371    66.4006    30.0
20230521.1500     0.3355     3.9835    66.0714    30.0
20230521.1600     0.3358     4.0179    65.8685    30.0
20230521.1700     0.3360     4.0437    65.8740    30.0
20230521.1800     0.3373     4.0435    66.2305    30.0
20230521.1900     0.3381     4.0392    66.7845    30.0
20230521.2000     0.3391     4.0200    67.5086    30.0
20230521.2100     0.3380     4.0205    68.0078    30.0
20230521.2200     0.3293     4.0910    68.4960    30.0
20230521.2300     0.3332     4.0176    70.1855    30.0
20230522.0000     0.3383     3.9411    72.2809    30.0
20230522.0100     0.3408     3.8933    73.3725    30.0
20230522.0200     0.3418     3.8634    74.0088    30.0
20230522.0300     0.3406     3.8554    74.0253    30.0
20230522.0400     0.3390     3.8533    73.7785    30.0
20230522.0500     0.3389     3.8377    73.2628    30.0
20230522.0600     0.3373     3.8350    72.8240    30.0
20230522.0700     0.3364     3.8255    72.1493    30.0
20230522.0800     0.3348     3.8327    71.3045    30.0
20230522.0900     0.3340     3.8381    70.5640    30.0
20230522.1000     0.3273     3.8997    69.2146    30.0
20230522.1100     0.3263     3.9250    68.8745    30.0
20230522.1200     0.3270     3.9334    68.6935    30.0
20230522.1300     0.3296     3.9263    68.6331    30.0
20230522.1400     0.3321     3.9256    68.3424    30.0
20230522.1500     0.3338     3.9397    67.8926    30.0
20230522.1600     0.3357     3.9530    67.5360    30.0
20230522.1700     0.3389     3.9514    67.4154    30.0
20230522.1800     0.3400     3.9684    67.1795    30.0
20230522.1900     0.3400     3.9885    66.9656    30.0
20230522.2000     0.3391     4.0096    66.7516    30.0
20230522.2100     0.3385     4.0161    66.7461    30.0
20230522.2200     0.3350     4.0401    67.9529    30.0
20230522.2300     0.3441     3.9889    70.0045    30.0
20230523.0000     0.3461     3.9950    70.6518    30.0
20230523.0100     0.3455     4.0030    70.8492    30.0
20230523.0200     0.3418     4.0308    70.7889    30.0
20230523.0300     0.3377     4.0510    70.6024    30.0
20230523.0400     0.3333     4.0647    70.2733    30.0
20230523.0500     0.3282     4.0819    69.9057    30.0
20230523.0600     0.3236     4.0855    69.3023    30.0
20230523.0700     0.3184     4.0979    68.7648    30.0
20230523.0800     0.3129     4.1129    68.5124    30.0
20230523.0900     0.3109     4.0813    68.1230    30.0
20230523.1000     0.3042     4.1018    66.9381    30.0
20230523.1100     0.3052     4.0382    66.8449    30.0
20230523.1200     0.3054     3.9931    67.5415    30.0
20230523.1300     0.3081     3.9277    68.7757    30.0
20230523.1400     0.3087     3.8884    69.9441    30.0
20230523.1500     0.3061     3.8902    70.2184    30.0
20230523.1600     0.3047     3.8696    70.4707    30.0
20230523.1700     0.3027     3.8595    70.6956    30.0
20230523.1800     0.3010     3.8480    71.2552    30.0
20230523.1900     0.3017     3.8160    72.7582    30.0
20230523.2000     0.3021     3.7910    74.2831    30.0
20230523.2100     0.3024     3.7629    75.5448    30.0
20230523.2200     0.2973     3.7930    77.6402    30.0
20230523.2300     0.3009     3.7342    79.0719    30.0
20230524.0000     0.3085     3.6470    80.9918    30.0
20230524.0100     0.3193     3.5552    82.4948    30.0
20230524.0200     0.3325     3.4633    83.5535    30.0
20230524.0300     0.3434     3.4123    83.5370    30.0
20230524.0400     0.3495     3.3948    82.4509    30.0
20230524.0500     0.3504     3.3992    80.6078    30.0
20230524.0600     0.3471     3.4275    78.7428    30.0
20230524.0700     0.3426     3.4614    77.1081    30.0
20230524.0800     0.3380     3.4958    75.8026    30.0
20230524.0900     0.3329     3.5336    74.7878    30.0
20230524.1000     0.3221     3.6179    73.3890    30.0
20230524.1100     0.3211     3.6210    72.7582    30.0
20230524.1200     0.3230     3.5972    72.3029    30.0
20230524.1300     0.3261     3.5787    72.2809    30.0
20230524.1400     0.3273     3.5827    72.1767    30.0
20230524.1500     0.3283     3.5874    71.9573    30.0
20230524.1600     0.3282     3.5996    71.6885    30.0
20230524.1700     0.3283     3.6059    72.1822    30.0
20230524.1800     0.3286     3.6069    73.0270    30.0
20230524.1900     0.3270     3.6175    73.6633    30.0
20230524.2000     0.3243     3.6316    74.0034    30.0
20230524.2100     0.3236     3.6257    75.1663    30.0
20230524.2200     0.3156     3.6824    75.7697    30.0
20230524.2300     0.3151     3.6775    76.0823    30.0
20230525.0000     0.3156     3.6713    76.9655    30.0
20230525.0100     0.3156     3.6763    77.5305    30.0
20230525.0200     0.3151     3.6907    77.6841    30.0
20230525.0300     0.3140     3.7145    77.3824    30.0
20230525.0400     0.3119     3.7545    76.7570    30.0
20230525.0500     0.3100     3.7957    75.9562    30.0
20230525.0600     0.3083     3.8306    75.0840    30.0
20230525.0700     0.3091     3.8384    73.8169    30.0
20230525.0800     0.3152     3.7942    71.5404    30.0
20230525.0900     0.3177     3.7970    70.2568    30.0
20230525.1000     0.3112     3.8880    68.2053    30.0
20230525.1100     0.3164     3.8764    67.6403    30.0
20230525.1200     0.3210     3.8940    67.5251    30.0
20230525.1300     0.3270     3.9069    67.4867    30.0
20230525.1400     0.3348     3.9165    68.0133    30.0
20230525.1500     0.3433     3.9233    68.3808    30.0
20230525.1600     0.3531     3.9235    68.8087    30.0
20230525.1700     0.3611     3.9373    68.5728    30.0
20230525.1800     0.3703     3.9380    68.9019    30.0
20230525.1900     0.3809     3.9261    70.3610    30.0
20230525.2000     0.3860     3.9463    70.7670    30.0
20230525.2100     0.3902     3.9594    71.4033    30.0
20230525.2200     0.3861     4.0319    71.8202    30.0
20230525.2300     0.3887     4.0299    72.5717    30.0
20230526.0000     0.3949     3.9922    74.5903    30.0
20230526.0100     0.4010     3.9524    76.6693    30.0
20230526.0200     0.4056     3.9250    78.2710    30.0
20230526.0300     0.4044     3.9385    78.4904    30.0
20230526.0400     0.4014     3.9627    78.1010    30.0
20230526.0500     0.3966     3.9946    77.1081    30.0
20230526.0600     0.3920     4.0230    75.7806    30.0
20230526.0700     0.3888     4.0374    74.2776    30.0
20230526.0800     0.3849     4.0668    72.8624    30.0
20230526.0900     0.3802     4.1100    71.7543    30.0
20230526.1000     0.3746     4.1499    69.8399    30.0
20230526.1100     0.3767     4.1300    68.8525    30.0
20230526.1200     0.3822     4.0963    67.9968    30.0
20230526.1300     0.3897     4.0658    67.3002    30.0
20230526.1400     0.3977     4.0460    66.7955    30.0
20230526.1500     0.4064     4.0269    66.5048    30.0
20230526.1600     0.4168     3.9968    66.7077    30.0
20230526.1700     0.4274     3.9677    67.5415    30.0
20230526.1800     0.4329     3.9636    68.0517    30.0
20230526.1900     0.4382     3.9518    69.1926    30.0
20230526.2000     0.4427     3.9364    70.7724    30.0
20230526.2100     0.4445     3.9287    72.2206    30.0
20230526.2200     0.4431     3.9414    74.1240    30.0
20230526.2300     0.4483     3.9036    75.9671    30.0
20230527.0000     0.4520     3.9026    76.9600    30.0
20230527.0100     0.4578     3.9043    78.3204    30.0
20230527.0200     0.4631     3.9292    79.1267    30.0
20230527.0300     0.4606     4.0146    78.2875    30.0
20230527.0400     0.4551     4.1229    76.8338    30.0
20230527.0500     0.4506     4.2260    75.4241    30.0
20230527.0600     0.4472     4.3243    74.1295    30.0
20230527.0700     0.4440     4.4211    73.0105    30.0
20230527.0800     0.4431     4.4949    71.9244    30.0
20230527.0900     0.4404     4.5871    71.0906    30.0
20230527.1000     0.4324     4.7364    70.1471    30.0
20230527.1100     0.4308     4.8072    69.8619    30.0
20230527.1200     0.4275     4.8914    69.6424    30.0
20230527.1300     0.4243     4.9625    69.5053    30.0
20230527.1400     0.4206     5.0295    69.4175    30.0
20230527.1500     0.4164     5.0845    69.3901    30.0
20230527.1600     0.4169     5.0574    70.1032    30.0
20230527.1700     0.4155     5.0375    70.6902    30.0
20230527.1800     0.4155     4.9797    71.8092    30.0
20230527.1900     0.4126     4.9414    72.8898    30.0
20230527.2000     0.4141     4.8429    75.3528    30.0
20230527.2100     0.4175     4.7210    78.0242    30.0
20230527.2200     0.4213     4.6248    80.7998    30.0
20230527.2300     0.4344     4.4753    82.7252    30.0
20230528.0000     0.4485     4.3467    84.4092    30.0
20230528.0100     0.4608     4.2293    86.0603    30.0
20230528.0200     0.4657     4.1471    86.9819    30.0
20230528.0300     0.4606     4.1109    86.8722    30.0
20230528.0400     0.4497     4.1009    86.1536    30.0
20230528.0500     0.4364     4.1038    85.1717    30.0
20230528.0600     0.4220     4.1150    84.0417    30.0
20230528.0700     0.4092     4.0994    82.5332    30.0
20230528.0800     0.3979     4.0874    80.8492    30.0
20230528.0900     0.3896     4.0520    78.8580    30.0
20230528.1000     0.3713     4.1187    76.9161    30.0
20230528.1100     0.3742     4.1903    75.8081    30.0
20230528.1200     0.3703     4.2663    74.5848    30.0
20230528.1300     0.3681     4.3556    73.4493    30.0
20230528.1400     0.3674     4.4424    72.4345    30.0
20230528.1500     0.3674     4.5220    71.5349    30.0
20230528.1600     0.3681     4.5844    70.8657    30.0
20230528.1700     0.3746     4.5553    71.3758    30.0
20230528.1800     0.3778     4.5537    71.5953    30.0
20230528.1900     0.3788     4.5691    71.5733    30.0
20230528.2000     0.3795     4.5680    71.8311    30.0
20230528.2100     0.3809     4.5435    72.3632    30.0
20230528.2200     0.3771     4.5678    73.5206    30.0
20230528.2300     0.3827     4.4769    74.8152    30.0
20230529.0000     0.3881     4.3957    76.3402    30.0
20230529.0100     0.3956     4.2927    78.1284    30.0
20230529.0200     0.4050     4.1771    80.0264    30.0
20230529.0300     0.4151     4.0660    81.7049    30.0
20230529.0400     0.4219     3.9905    82.2534    30.0
20230529.0500     0.4232     3.9418    81.6555    30.0
20230529.0600     0.4188     3.9252    80.1361    30.0
20230529.0700     0.4120     3.9339    78.4191    30.0
20230529.0800     0.4051     3.9502    76.6035    30.0
20230529.0900     0.3981     3.9744    75.0566    30.0
20230529.1000     0.3889     4.0176    72.8569    30.0
20230529.1100     0.3862     4.0232    71.8476    30.0
20230529.1200     0.3850     4.0244    71.0851    30.0
20230529.1300     0.3856     4.0183    70.5805    30.0
20230529.1400     0.3862     4.0237    70.1032    30.0
20230529.1500     0.3861     4.0373    69.6479    30.0
20230529.1600     0.3872     4.0446    69.3298    30.0
20230529.1700     0.3886     4.0499    69.0720    30.0
20230529.1800     0.3916     4.0353    69.2036    30.0
20230529.1900     0.3946     4.0202    69.7028    30.0
20230529.2000     0.3993     3.9873    70.7231    30.0
20230529.2100     0.4033     3.9601    71.8750    30.0
20230529.2200     0.4025     3.9642    72.9337    30.0
20230529.2300     0.4056     3.9328    73.5426    30.0
20230530.0000     0.4078     3.9076    74.0802    30.0
20230530.0100     0.4117     3.8725    74.8646    30.0
20230530.0200     0.4191     3.8215    76.0385    30.0
20230530.0300     0.4275     3.7811    76.9490    30.0
20230530.0400     0.4296     3.7887    76.7022    30.0
20230530.0500     0.4279     3.8199    75.7203    30.0
20230530.0600     0.4249     3.8535    74.2941    30.0
20230530.0700     0.4237     3.8811    72.5333    30.0
20230530.0800     0.4240     3.9056    71.0138    30.0
20230530.0900     0.4256     3.9263    69.7686    30.0
20230530.1000     0.4304     3.9282    68.4521    30.0
20230530.1100     0.4429     3.8951    67.7006    30.0
20230530.1200     0.4510     3.9053    67.4373    30.0
20230530.1300     0.4537     3.9452    67.5196    30.0
20230530.1400     0.4541     3.9922    67.8597    30.0
20230530.1500     0.4539     4.0281    68.4027    30.0
20230530.1600     0.4522     4.0612    68.9184    30.0
20230530.1700     0.4495     4.0873    69.4230    30.0
20230530.1800     0.4449     4.1123    69.7686    30.0
20230530.1900     0.4374     4.1492    69.8838    30.0
20230530.2000     0.4294     4.1793    70.2074    30.0
20230530.2100     0.4231     4.1860    71.1893    30.0
20230530.2200     0.4102     4.2444    71.9299    30.0
20230530.2300     0.4051     4.2253    72.8514    30.0
20230531.0000     0.4028     4.1794    74.5848    30.0
20230531.0100     0.4005     4.1386    76.1756    30.0
20230531.0200     0.3963     4.1182    77.1739    30.0
20230531.0300     0.3904     4.1138    77.6018    30.0
20230531.0400     0.3837     4.1151    77.5085    30.0
20230531.0500     0.3766     4.1284    76.9984    30.0
20230531.0600     0.3711     4.1203    76.1701    30.0
20230531.0700     0.3681     4.0970    74.6506    30.0
20230531.0800     0.3636     4.1080    73.3012    30.0
20230531.0900     0.3587     4.1286    72.3961    30.0
20230531.1000     0.3451     4.2544    71.1729    30.0
20230531.1100     0.4316     4.7553    70.7176    30.0
20230531.1200     0.4178     4.6765    70.6024    30.0
20230531.1300     0.4088     4.6188    70.5037    30.0
20230531.1400     0.4025     4.5741    70.2842    30.0
20230531.1500     0.3980     4.5405    70.0703    30.0
20230531.1600     0.3956     4.4971    70.0100    30.0
20230531.1700     0.3952     4.4450    70.4762    30.0
20230531.1800     0.3974     4.3731    71.5294    30.0
20230531.1900     0.3980     4.3232    72.1548    30.0
20230531.2000     0.3981     4.2832    72.7691    30.0
20230531.2100     0.3987     4.2386    73.7291    30.0
20230531.2200     0.3923     4.2691    74.5574    30.0
20230531.2300     0.3941     4.2122    75.3253    30.0
20230601.0000     0.4009     4.1225    77.1026    30.0
20230601.0100     0.4090     4.0355    78.7153    30.0
20230601.0200     0.4166     3.9708    79.7301    30.0
20230601.0300     0.4202     3.9422    79.7905    30.0
20230601.0400     0.4196     3.9467    79.1103    30.0
20230601.0500     0.4148     3.9771    77.7225    30.0
20230601.0600     0.4100     4.0076    75.9287    30.0
20230601.0700     0.4060     4.0361    74.3983    30.0
20230601.0800     0.4045     4.0408    72.7088    30.0
20230601.0900     0.4036     4.0451    71.3649    30.0
20230601.1000     0.3993     4.0851    69.3572    30.0
20230601.1100     0.4016     4.0858    68.6002    30.0
20230601.1200     0.4060     4.0806    68.0791    30.0
20230601.1300     0.4105     4.0817    67.5964    30.0
20230601.1400     0.4141     4.0939    67.1356    30.0
20230601.1500     0.4173     4.1025    66.8339    30.0
20230601.1600     0.4203     4.0975    66.6584    30.0
20230601.1700     0.4211     4.0957    66.8339    30.0
20230601.1800     0.4197     4.1016    67.2179    30.0
20230601.1900     0.4157     4.1148    67.5689    30.0
20230601.2000     0.4105     4.1235    68.0078    30.0
20230601.2100     0.4046     4.1266    68.4356    30.0
20230601.2200     0.3929     4.1708    68.7703    30.0
20230601.2300     0.3905     4.1756    69.1652    30.0
20230602.0000     0.3922     4.1696    70.2239    30.0
20230602.0100     0.3941     4.1643    71.3100    30.0
20230602.0200     0.3938     4.1741    71.9573    30.0
20230602.0300     0.3921     4.2020    72.0341    30.0
20230602.0400     0.3898     4.2307    71.8531    30.0
20230602.0500     0.3874     4.2571    71.4471    30.0
20230602.0600     0.3850     4.2764    70.7670    30.0
20230602.0700     0.3845     4.2707    69.5656    30.0
20230602.0800     0.3888     4.2165    67.6348    30.0
20230602.0900     0.3921     4.1728    66.2086    30.0
20230602.1000     0.3888     4.1958    64.8866    30.0
20230602.1100     0.3954     4.1448    64.2887    30.0
20230602.1200     0.4067     4.0802    63.8114    30.0
20230602.1300     0.4180     4.0382    63.5097    30.0
20230602.1400     0.4295     4.0089    63.3177    30.0
20230602.1500     0.4406     3.9949    63.1038    30.0
20230602.1600     0.4548     3.9689    63.8608    30.0
20230602.1700     0.4676     3.9605    64.8866    30.0
20230602.1800     0.4733     3.9949    64.9305    30.0
20230602.1900     0.4772     4.0352    64.9689    30.0
20230602.2000     0.4796     4.0691    65.1663    30.0
20230602.2100     0.4807     4.0965    65.4077    30.0
20230602.2200     0.4742     4.1624    65.4461    30.0
20230602.2300     0.4692     4.2092    65.2541    30.0
20230603.0000     0.4637     4.2524    65.1005    30.0
20230603.0100     0.4592     4.2718    65.1718    30.0
20230603.0200     0.4541     4.2900    65.5174    30.0
20230603.0300     0.4464     4.3289    65.4790    30.0
20230603.0400     0.4386     4.3731    65.3638    30.0
20230603.0500     0.4311     4.4097    65.1279    30.0
20230603.0600     0.4245     4.4392    64.9853    30.0
20230603.0700     0.4192     4.4577    64.7769    30.0
20230603.0800     0.4138     4.4857    64.3984    30.0
20230603.0900     0.4085     4.5126    64.2064    30.0
20230603.1000     0.3962     4.6274    63.7182    30.0
20230603.1100     0.4042     4.7104    63.8005    30.0
20230603.1200     0.4047     4.7542    63.7401    30.0
20230603.1300     0.4050     4.7884    63.7401    30.0
20230603.1400     0.4092     4.7521    64.2283    30.0
20230603.1500     0.4157     4.6689    65.5393    30.0
20230603.1600     0.4169     4.6399    66.2415    30.0
20230603.1700     0.4144     4.6372    66.2031    30.0
20230603.1800     0.4118     4.6171    66.2415    30.0
20230603.1900     0.4080     4.6050    66.3676    30.0
20230603.2000     0.4034     4.5949    66.4499    30.0
20230603.2100     0.4000     4.5617    66.8504    30.0
20230603.2200     0.3897     4.6006    67.5141    30.0
20230603.2300     0.3862     4.5579    68.1998    30.0
20230604.0000     0.3812     4.5303    68.5124    30.0
20230604.0100     0.3755     4.5095    68.7593    30.0
20230604.0200     0.3693     4.4902    69.0445    30.0
20230604.0300     0.3634     4.4649    69.2365    30.0
20230604.0400     0.3564     4.4554    69.3517    30.0
20230604.0500     0.3490     4.4522    69.3298    30.0
20230604.0600     0.3430     4.4227    68.8745    30.0
20230604.0700     0.3389     4.3815    67.8048    30.0
20230604.0800     0.3390     4.2769    65.8301    30.0
20230604.0900     0.3343     4.2514    64.5794    30.0
20230604.1000     0.3178     4.3846    63.9047    30.0
20230604.1100     0.3109     4.4051    64.4587    30.0
20230604.1200     0.3051     4.4197    64.9579    30.0
20230604.1300     0.3005     4.4233    65.4351    30.0
20230604.1400     0.2957     4.4345    65.7972    30.0
20230604.1500     0.2915     4.4448    66.0769    30.0
20230604.1600     0.2877     4.4490    66.3183    30.0
20230604.1700     0.2847     4.4460    66.5157    30.0
20230604.1800     0.2824     4.4319    66.6584    30.0
20230604.1900     0.2824     4.3723    66.6639    30.0
20230604.2000     0.2792     4.3704    66.7297    30.0
20230604.2100     0.2762     4.3659    66.7790    30.0
20230604.2200     0.2598     4.6047    67.0204    30.0
20230604.2300     0.2915     4.8314    67.0972    30.0
20230605.0000     0.2985     4.8943    67.3331    30.0
20230605.0100     0.3030     4.8361    67.9694    30.0
20230605.0200     0.3087     4.6553    69.2091    30.0
20230605.0300     0.3061     4.5708    69.9112    30.0
20230605.0400     0.2998     4.5109    69.9661    30.0
20230605.0500     0.2937     4.4286    69.9003    30.0
20230605.0600     0.2908     4.2938    69.4450    30.0
20230605.0700     0.2841     4.2292    69.2036    30.0
20230605.0800     0.2768     4.1839    68.9019    30.0
20230605.0900     0.2697     4.1403    68.7373    30.0
20230605.1000     0.2586     4.1639    66.9436    30.0
20230605.1100     0.2581     4.0446    66.3183    30.0
20230605.1200     0.2569     3.9632    66.2524    30.0
20230605.1300     0.2614     3.8359    67.5360    30.0
20230605.1400     0.2668     3.7322    67.9310    30.0
20230605.1500     0.2726     3.6344    67.5251    30.0
20230605.1600     0.2779     3.5785    67.2782    30.0
20230605.1700     0.2850     3.5258    67.6896    30.0
20230605.1800     0.2922     3.4902    68.1723    30.0
20230605.1900     0.2986     3.4749    68.7483    30.0
20230605.2000     0.3028     3.4803    68.8416    30.0
20230605.2100     0.3054     3.5019    68.4905    30.0
20230605.2200     0.2998     3.6036    68.4411    30.0
20230605.2300     0.3030     3.6246    68.3205    30.0
20230606.0000     0.3076     3.6350    68.5673    30.0
20230606.0100     0.3141     3.6170    69.0171    30.0
20230606.0200     0.3180     3.6316    69.3956    30.0
20230606.0300     0.3193     3.6638    69.1817    30.0
20230606.0400     0.3196     3.6965    68.6276    30.0
20230606.0500     0.3186     3.7429    67.7939    30.0
20230606.0600     0.3169     3.7933    67.2563    30.0
20230606.0700     0.3152     3.8382    66.7681    30.0
20230606.0800     0.3135     3.8760    66.1702    30.0
20230606.0900     0.3122     3.9007    65.7039    30.0
20230606.1000     0.3036     3.9994    65.4571    30.0
20230606.1100     0.3031     4.0069    65.5009    30.0
20230606.1200     0.3041     3.9911    65.9069    30.0
20230606.1300     0.3050     3.9808    66.4444    30.0
20230606.1400     0.3049     3.9801    66.7736    30.0
20230606.1500     0.3046     3.9806    67.2124    30.0
20230606.1600     0.3066     3.9551    68.2601    30.0
20230606.1700     0.3068     3.9522    69.1707    30.0
20230606.1800     0.3062     3.9561    69.7083    30.0
20230606.1900     0.3075     3.9263    70.1965    30.0
20230606.2000     0.3103     3.8847    71.6007    30.0
20230606.2100     0.3109     3.8782    72.3742    30.0
20230606.2200     0.3044     3.9521    72.6539    30.0
20230606.2300     0.3112     3.8944    73.4768    30.0
20230607.0000     0.3227     3.8046    75.9068    30.0
20230607.0100     0.3365     3.7274    78.6550    30.0
20230607.0200     0.3507     3.6681    81.2002    30.0
20230607.0300     0.3581     3.6588    81.5897    30.0
20230607.0400     0.3623     3.6659    80.9315    30.0
20230607.0500     0.3636     3.6904    79.6204    30.0
20230607.0600     0.3640     3.7094    78.0790    30.0
20230607.0700     0.3630     3.7526    76.5651    30.0
20230607.0800     0.3614     3.8045    74.9469    30.0
20230607.0900     0.3595     3.8580    73.5974    30.0
20230607.1000     0.3561     3.9264    71.7379    30.0
20230607.1100     0.3640     3.9184    70.7176    30.0
20230607.1200     0.3809     3.8705    71.1071    30.0
20230607.1300     0.3986     3.8520    71.2222    30.0
20230607.1400     0.4127     3.8941    70.4653    30.0
20230607.1500     0.4253     3.9560    69.5108    30.0
20230607.1600     0.4354     4.0370    68.3863    30.0
20230607.1700     0.4437     4.1254    67.3221    30.0
20230607.1800     0.4516     4.2029    66.6419    30.0
20230607.1900     0.4613     4.2490    66.7681    30.0
20230607.2000     0.4733     4.2666    67.7555    30.0
20230607.2100     0.4874     4.2624    69.3791    30.0
20230607.2200     0.5007     4.2712    70.7999    30.0
20230607.2300     0.5974     4.5320    72.2041    30.0
20230608.0000     0.6094     4.5272    72.2974    30.0
20230608.0100     0.6156     4.5531    72.0560    30.0
20230608.0200     0.6147     4.6126    71.3265    30.0
20230608.0300     0.6095     4.6894    70.3720    30.0
20230608.0400     0.6017     4.7699    69.3846    30.0
20230608.0500     0.5936     4.8370    68.4082    30.0
20230608.0600     0.5849     4.9005    67.5635    30.0
20230608.0700     0.5773     4.9393    66.8504    30.0
20230608.0800     0.5707     4.9560    66.2744    30.0
20230608.0900     0.5644     4.9567    65.7972    30.0
20230608.1000     0.5546     4.9743    65.1828    30.0
20230608.1100     0.5479     4.9528    64.9305    30.0
20230608.1200     0.5412     4.9266    64.8043    30.0
20230608.1300     0.5334     4.8993    64.6123    30.0
20230608.1400     0.5256     4.8714    64.3325    30.0
20230608.1500     0.5188     4.8275    64.1954    30.0
20230608.1600     0.5144     4.7561    64.5574    30.0
20230608.1700     0.5078     4.7024    64.6946    30.0
20230608.1800     0.5012     4.6482    65.0237    30.0
20230608.1900     0.4946     4.5936    65.5997    30.0
20230608.2000     0.4877     4.5414    66.5322    30.0
20230608.2100     0.4808     4.4894    67.7061    30.0
20230608.2200     0.4694     4.4778    69.1268    30.0
20230608.2300     0.4627     4.4239    70.1197    30.0
20230609.0000     0.4555     4.3755    71.0193    30.0
20230609.0100     0.4471     4.3420    71.6007    30.0
20230609.0200     0.4381     4.3146    71.8640    30.0
20230609.0300     0.4274     4.3086    71.7543    30.0
20230609.0400     0.4176     4.3002    71.4801    30.0
20230609.0500     0.4090     4.2821    71.0741    30.0
20230609.0600     0.4016     4.2566    70.3391    30.0
20230609.0700     0.3960     4.2214    69.1707    30.0
20230609.0800     0.3884     4.2143    68.6606    30.0
20230609.0900     0.3804     4.2167    68.2162    30.0
20230609.1000     0.3671     4.2815    67.0807    30.0
20230609.1100     0.3629     4.2532    66.7023    30.0
20230609.1200     0.3603     4.2159    66.3951    30.0
20230609.1300     0.3604     4.1536    66.9107    30.0
20230609.1400     0.3593     4.1112    66.6309    30.0
20230609.1500     0.3558     4.0952    66.1976    30.0
20230609.1600     0.3522     4.0838    65.6820    30.0
20230609.1700     0.3469     4.0936    65.1883    30.0
20230609.1800     0.3429     4.0824    64.9085    30.0
20230609.1900     0.3413     4.0448    65.5832    30.0
20230609.2000     0.3415     3.9860    67.0807    30.0
20230609.2100     0.3405     3.9398    68.4795    30.0
20230609.2200     0.3312     3.9750    70.0209    30.0
20230609.2300     0.3309     3.9159    70.6956    30.0
20230610.0000     0.3299     3.8712    71.8640    30.0
20230610.0100     0.3293     3.8189    73.4877    30.0
20230610.0200     0.3271     3.7812    74.8646    30.0
20230610.0300     0.3213     3.7706    75.3747    30.0
20230610.0400     0.3133     3.7808    75.1827    30.0
20230610.0500     0.3049     3.7962    74.7549    30.0
20230610.0600     0.2965     3.8133    74.2667    30.0
20230610.0700     0.2891     3.8157    73.6687    30.0
20230610.0800     0.2824     3.8137    72.7637    30.0
20230610.0900     0.2778     3.7895    71.2716    30.0
20230610.1000     0.2716     3.7628    65.2267    30.0
20230610.1100     0.2666     3.7467    65.0018    30.0
20230610.1200     0.2602     3.7590    64.9634    30.0
20230610.1300     0.2547     3.7691    64.9634    30.0
20230610.1400     0.2498     3.7746    64.9743    30.0
20230610.1500     0.2491     3.7220    65.2815    30.0
20230610.1600     0.2501     3.6606    66.2854    30.0
20230610.1700     0.2523     3.5903    67.4867    30.0
20230610.1800     0.2546     3.5430    68.9458    30.0
20230610.1900     0.2582     3.4909    70.7724    30.0
20230610.2000     0.2615     3.4589    72.7253    30.0
20230610.2100     0.2635     3.4420    73.8827    30.0
20230610.2200     0.2659     3.4477    79.3571    30.0
20230610.2300     0.2758     3.3828    80.5968    30.0
20230611.0000     0.2909     3.2951    84.2172    30.0
20230611.0100     0.3021     3.2702    85.8190    30.0
20230611.0200     0.3087     3.2873    86.0329    30.0
20230611.0300     0.3097     3.3347    84.7274    30.0
20230611.0400     0.3068     3.4074    82.7362    30.0
20230611.0500     0.3034     3.4833    80.7888    30.0
20230611.0600     0.3004     3.5512    78.9841    30.0
20230611.0700     0.2980     3.6057    77.2398    30.0
20230611.0800     0.2945     3.6716    75.7313    30.0
20230611.0900     0.2908     3.7378    74.4586    30.0
20230611.1000     0.2785     3.8855    71.3429    30.0
20230611.1100     0.2785     3.9105    70.3391    30.0
20230611.1200     0.2778     3.9390    69.7631    30.0
20230611.1300     0.2827     3.8913    69.6973    30.0
20230611.1400     0.2911     3.8319    71.0248    30.0
20230611.1500     0.3096     3.7180    75.4735    30.0
20230611.1600     0.3276     3.6472    78.5288    30.0
20230611.1700     0.3386     3.6699    78.4520    30.0
20230611.1800     0.3483     3.7331    77.6731    30.0
20230611.1900     0.3604     3.7972    77.1904    30.0
20230611.2000     0.3731     3.8667    76.9490    30.0
20230611.2100     0.3850     3.9389    76.8668    30.0
20230611.2200     0.3874     4.0868    75.9671    30.0
20230611.2300     0.3962     4.1610    75.1388    30.0
20230612.0000     0.4110     4.1777    76.0439    30.0
20230612.0100     0.4255     4.1985    76.6912    30.0
20230612.0200     0.4418     4.2113    77.0862    30.0
20230612.0300     0.4554     4.2442    76.7132    30.0
20230612.0400     0.4661     4.2827    75.5119    30.0
20230612.0500     0.4740     4.3464    73.9759    30.0
20230612.0600     0.4822     4.4016    72.1603    30.0
20230612.0700     0.4917     4.4456    70.1690    30.0
20230612.0800     0.4990     4.5092    68.8032    30.0
20230612.0900     0.5045     4.5833    67.8487    30.0
20230612.1000     0.5041     4.6997    67.0478    30.0
20230612.1100     0.5122     4.7326    66.6803    30.0
20230612.1200     0.5264     4.7047    66.6309    30.0
20230612.1300     0.5473     4.6259    67.3879    30.0
20230612.1400     0.5705     4.5442    68.5838    30.0
20230612.1500     0.5843     4.5330    69.0006    30.0
20230612.1600     0.5896     4.5664    68.9403    30.0
20230612.1700     0.5902     4.6063    68.8196    30.0
20230612.1800     0.5867     4.6542    68.5947    30.0
20230612.1900     0.5824     4.6856    68.5892    30.0
20230612.2000     0.5776     4.7059    68.7044    30.0
20230612.2100     0.5714     4.7215    68.8745    30.0
20230612.2200     0.5605     4.7636    68.8909    30.0
20230612.2300     0.5539     4.7646    68.9513    30.0
20230613.0000     0.5498     4.7417    69.2201    30.0
20230613.0100     0.5480     4.6975    69.7796    30.0
20230613.0200     0.5478     4.6456    70.4433    30.0
20230613.0300     0.5485     4.5987    70.9809    30.0
20230613.0400     0.5464     4.5797    70.9973    30.0
20230613.0500     0.5430     4.5815    70.6572    30.0
20230613.0600     0.5381     4.5987    69.9771    30.0
20230613.0700     0.5337     4.6225    69.2255    30.0
20230613.0800     0.5307     4.6426    68.4850    30.0
20230613.0900     0.5297     4.6575    67.8706    30.0
20230613.1000     0.5261     4.7088    67.3166    30.0
20230613.1100     0.5403     4.7785    66.8942    30.0
20230613.1200     0.5429     4.7925    66.3292    30.0
20230613.1300     0.5508     4.7708    65.8136    30.0
20230613.1400     0.5627     4.7317    65.4351    30.0
20230613.1500     0.5741     4.7124    65.3035    30.0
20230613.1600     0.5836     4.7048    65.3474    30.0
20230613.1700     0.5889     4.7184    65.2322    30.0
20230613.1800     0.5896     4.7538    64.9963    30.0
20230613.1900     0.5878     4.7830    64.8866    30.0
20230613.2000     0.5857     4.7959    65.1444    30.0
20230613.2100     0.5834     4.7936    65.7039    30.0
20230613.2200     0.5781     4.8090    66.1592    30.0
20230613.2300     0.5787     4.7738    66.9710    30.0
20230614.0000     0.5818     4.7185    67.9858    30.0
20230614.0100     0.5865     4.6598    69.2530    30.0
20230614.0200     0.5888     4.6129    70.4817    30.0
20230614.0300     0.5845     4.6045    70.9041    30.0
20230614.0400     0.5755     4.6235    70.7615    30.0
20230614.0500     0.5645     4.6520    70.4159    30.0
20230614.0600     0.5528     4.6877    69.9441    30.0
20230614.0700     0.5417     4.7177    69.3846    30.0
20230614.0800     0.5315     4.7401    68.7428    30.0
20230614.0900     0.5224     4.7558    68.1394    30.0
20230614.1000     0.5117     4.7904    67.2124    30.0
20230614.1100     0.5071     4.7764    66.6803    30.0
20230614.1200     0.5033     4.7601    66.1976    30.0
20230614.1300     0.5009     4.7356    65.7258    30.0
20230614.1400     0.4972     4.7265    65.2870    30.0
20230614.1500     0.4936     4.7095    64.9250    30.0
20230614.1600     0.4897     4.6879    64.8043    30.0
20230614.1700     0.4847     4.6644    64.7933    30.0
20230614.1800     0.4801     4.6207    65.0292    30.0
20230614.1900     0.4733     4.5949    65.4296    30.0
20230614.2000     0.4647     4.5777    65.6490    30.0
20230614.2100     0.4540     4.5768    65.6710    30.0
20230614.2200     0.4418     4.5897    66.8174    30.0
20230614.2300     0.4311     4.5799    66.6913    30.0
20230615.0000     0.4251     4.5304    67.2289    30.0
20230615.0100     0.4231     4.4632    68.6057    30.0
20230615.0200     0.4251     4.3712    70.2733    30.0
20230615.0300     0.4293     4.2651    71.7269    30.0
20230615.0400     0.4340     4.1734    72.8734    30.0
20230615.0500     0.4362     4.1106    73.1531    30.0
20230615.0600     0.4370     4.0632    72.6869    30.0
20230615.0700     0.4349     4.0411    71.6446    30.0
20230615.0800     0.4308     4.0357    70.4543    30.0
20230615.0900     0.4281     4.0153    69.1433    30.0
20230615.1000     0.4183     4.0453    67.4428    30.0
20230615.1100     0.4173     4.0097    66.7955    30.0
20230615.1200     0.4200     3.9523    66.1153    30.0
20230615.1300     0.4219     3.9176    65.4845    30.0
20230615.1400     0.4195     3.9190    64.9359    30.0
20230615.1500     0.4179     3.9115    64.6013    30.0
20230615.1600     0.4159     3.9056    64.3929    30.0
20230615.1700     0.4131     3.9028    64.2612    30.0
20230615.1800     0.4094     3.9048    63.9595    30.0
20230615.1900     0.4068     3.8906    64.0967    30.0
20230615.2000     0.4066     3.8541    65.0786    30.0
20230615.2100     0.4067     3.8142    66.5487    30.0
20230615.2200     0.3982     3.8279    66.8394    30.0
20230615.2300     0.3969     3.7881    67.5635    30.0
20230616.0000     0.3997     3.7267    68.8032    30.0
20230616.0100     0.4033     3.6766    70.0758    30.0
20230616.0200     0.4024     3.6640    70.5256    30.0
20230616.0300     0.3967     3.6739    70.1745    30.0
20230616.0400     0.3893     3.6891    69.3188    30.0
20230616.0500     0.3838     3.6847    68.0023    30.0
20230616.0600     0.3788     3.6791    66.2360    30.0
20230616.0700     0.3710     3.6950    65.2980    30.0
20230616.0800     0.3626     3.7146    64.6891    30.0
20230616.0900     0.3534     3.7455    64.3709    30.0
20230616.1000     0.3470     3.7361    62.3413    30.0
20230616.1100     0.4271     4.0712    60.4159    30.0
20230616.1200     0.4280     4.1468    60.4543    30.0
20230616.1300     0.4239     4.1788    59.9607    30.0
20230616.1400     0.4154     4.1900    59.5822    30.0
20230616.1500     0.4028     4.2055    59.4615    30.0
20230616.1600     0.3969     4.1385    60.9809    30.0
20230616.1700     0.3966     4.0081    63.7840    30.0
20230616.1800     0.4008     3.8627    67.7609    30.0
20230616.1900     0.4195     3.6642    73.4219    30.0
20230616.2000     0.4474     3.4979    78.0406    30.0
20230616.2100     0.4714     3.4206    80.5639    30.0
20230616.2200     0.4738     3.4380    82.1821    30.0
20230616.2300     0.4823     3.4283    82.3083    30.0
20230617.0000     0.5085     3.3959    82.0944    30.0
20230617.0100     0.5370     3.3786    81.5074    30.0
20230617.0200     0.5554     3.3954    80.9095    30.0
20230617.0300     0.5590     3.4320    79.7137    30.0
20230617.0400     0.5542     3.4722    78.2271    30.0
20230617.0500     0.5388     3.5250    76.6309    30.0
20230617.0600     0.5165     3.5906    74.8152    30.0
20230617.0700     0.4944     3.6611    72.9447    30.0
20230617.0800     0.4762     3.7270    71.1674    30.0
20230617.0900     0.4647     3.7691    69.4834    30.0
20230617.1000     0.4550     3.8128    67.4812    30.0
20230617.1100     0.4478     3.8641    66.4335    30.0
20230617.1200     0.4438     3.9035    65.5393    30.0
20230617.1300     0.4445     3.9160    64.9908    30.0
20230617.1400     0.4449     3.9372    64.5629    30.0
20230617.1500     0.4423     3.9793    64.0857    30.0
20230617.1600     0.4384     4.0247    63.6469    30.0
20230617.1700     0.4353     4.0586    63.4494    30.0
20230617.1800     0.4323     4.0803    63.3945    30.0
20230617.1900     0.4286     4.0992    63.5701    30.0
20230617.2000     0.4245     4.1142    63.7456    30.0
20230617.2100     0.4233     4.0939    64.3490    30.0
20230617.2200     0.4220     4.0704    65.8301    30.0
20230617.2300     0.4346     3.9509    68.0407    30.0
20230618.0000     0.4595     3.8066    70.4707    30.0
20230618.0100     0.4855     3.7039    71.9957    30.0
20230618.0200     0.5047     3.6618    72.4290    30.0
20230618.0300     0.5157     3.6488    72.2041    30.0
20230618.0400     0.5241     3.6421    71.6391    30.0
20230618.0500     0.5282     3.6477    70.3994    30.0
20230618.0600     0.5303     3.6544    68.6496    30.0
20230618.0700     0.5399     3.6406    66.4993    30.0
20230618.0800     0.5623     3.6143    64.3655    30.0
20230618.0900     0.5910     3.6062    63.1532    30.0
20230618.1000     0.5901     3.6611    62.9392    30.0
20230618.1100     0.5922     3.6897    63.2574    30.0
20230618.1200     0.5883     3.7170    63.6194    30.0
20230618.1300     0.5830     3.7318    64.0583    30.0
20230618.1400     0.5728     3.7495    64.3545    30.0
20230618.1500     0.5608     3.7639    64.3435    30.0
20230618.1600     0.5469     3.7736    64.3819    30.0
20230618.1700     0.5311     3.7836    64.4148    30.0
20230618.1800     0.5153     3.7858    64.4752    30.0
20230618.1900     0.4985     3.7877    64.7001    30.0
20230618.2000     0.4816     3.7836    65.3144    30.0
20230618.2100     0.4667     3.7628    66.4115    30.0
20230618.2200     0.4557     3.7176    68.6167    30.0
20230618.2300     0.4405     3.7084    69.3517    30.0
20230619.0000     0.4230     3.7108    69.5602    30.0
20230619.0100     0.4076     3.6977    69.8289    30.0
20230619.0200     0.3935     3.6807    70.0758    30.0
20230619.0300     0.3789     3.6712    70.1032    30.0
20230619.0400     0.3641     3.6674    69.8399    30.0
20230619.0500     0.3501     3.6639    69.4011    30.0
20230619.0600     0.3365     3.6644    68.8745    30.0
20230619.0700     0.3251     3.6471    68.1339    30.0
20230619.0800     0.3137     3.6409    67.4702    30.0
20230619.0900     0.3020     3.6424    67.1301    30.0
20230619.1000     0.2892     3.6519    65.4516    30.0
20230619.1100     0.2801     3.6477    65.4241    30.0
20230619.1200     0.2700     3.6640    65.3254    30.0
20230619.1300     0.2611     3.6738    65.2706    30.0
20230619.1400     0.2537     3.6658    65.3583    30.0
20230619.1500     0.2611     3.5023    69.4066    30.0
20230619.1600     0.2748     3.3395    76.1152    30.0
20230619.1700     0.2804     3.2201    84.8865    30.0
20230619.1800     0.2712     3.2279    84.5189    30.0
20230619.1900     0.2583     3.2710    81.0686    30.0
20230619.2000     0.2467     3.3135    78.3478    30.0
20230619.2100     0.2410     3.2912    77.5744    30.0
20230619.2200     0.2199     3.4423    77.4153    30.0
20230619.2300     0.2163     3.4165    77.6731    30.0
20230620.0000     0.2182     3.2966    79.0006    30.0
20230620.0100     0.2186     3.2325    78.9073    30.0
20230620.0200     0.2196     3.1759    79.6095    30.0
20230620.0300     0.2197     3.1125    78.9183    30.0
20230620.0400     0.2206     3.0646    78.3533    30.0
20230620.0500     0.2201     3.0277    76.9490    30.0
20230620.0600     0.2201     2.9957    74.6616    30.0
20230620.0700     0.2216     2.9621    70.6243    30.0
20230620.0800     0.2196     2.9498    69.4395    30.0
20230620.0900     0.2164     2.9501    69.1158    30.0
20230620.1000     0.2186     2.9004    73.5152    30.0
20230620.1100     0.2200     2.8795    73.6029    30.0
20230620.1200     0.2280     2.8478    74.5793    30.0
20230620.1300     0.2453     2.7917    75.5064    30.0
20230620.1400     0.2599     2.7844    74.4532    30.0
20230620.1500     0.2715     2.8155    72.2809    30.0
20230620.1600     0.2834     2.8604    70.8602    30.0
20230620.1700     0.2975     2.8968    70.8328    30.0
20230620.1800     0.3101     2.9435    70.8657    30.0
20230620.1900     0.3229     2.9846    71.5404    30.0
20230620.2000     0.3380     3.0142    73.7949    30.0
20230620.2100     0.3549     3.0358    77.8212    30.0
20230620.2200     0.3556     3.1061    78.5398    30.0
20230620.2300     0.3818     3.2514    78.9567    30.0
20230621.0000     0.3877     3.3406    78.2930    30.0
20230621.0100     0.3898     3.4227    77.6951    30.0
20230621.0200     0.3909     3.4802    77.6128    30.0
20230621.0300     0.3877     3.5409    77.0478    30.0
20230621.0400     0.3812     3.6026    76.0494    30.0
20230621.0500     0.3727     3.6671    74.9085    30.0
20230621.0600     0.3636     3.7238    73.8278    30.0
20230621.0700     0.3562     3.7541    72.6869    30.0
20230621.0800     0.3529     3.7386    70.1800    30.0
20230621.0900     0.3470     3.7377    68.6331    30.0
20230621.1000     0.3396     3.7536    64.8207    30.0
20230621.1100     0.3356     3.7431    63.6578    30.0
20230621.1200     0.3315     3.7398    63.3616    30.0
20230621.1300     0.3292     3.7270    63.5042    30.0
20230621.1400     0.3308     3.6881    64.3380    30.0
20230621.1500     0.3338     3.6477    65.4296    30.0
20230621.1600     0.3415     3.5912    66.4280    30.0
20230621.1700     0.3559     3.5238    66.8942    30.0
20230621.1800     0.3761     3.4645    66.8229    30.0
20230621.1900     0.3950     3.4548    66.5706    30.0
20230621.2000     0.4099     3.4780    66.6035    30.0
20230621.2100     0.4205     3.5185    66.9491    30.0
20230621.2200     0.4249     3.5757    67.5854    30.0
20230621.2300     0.4319     3.6054    68.1614    30.0
20230622.0000     0.4362     3.6384    68.6386    30.0
20230622.0100     0.4383     3.6758    68.7428    30.0
20230622.0200     0.4398     3.7104    68.7319    30.0
20230622.0300     0.4401     3.7462    68.4795    30.0
20230622.0400     0.4394     3.7828    68.0572    30.0
20230622.0500     0.4362     3.8331    67.2014    30.0
20230622.0600     0.4308     3.8918    66.1098    30.0
20230622.0700     0.4257     3.9453    64.9085    30.0
20230622.0800     0.4212     3.9892    63.5756    30.0
20230622.0900     0.4177     4.0175    62.1658    30.0
20230622.1000     0.4132     4.0467    60.3940    30.0
20230622.1100     0.4124     4.0464    59.6535    30.0
20230622.1200     0.4116     4.0679    59.2476    30.0
20230622.1300     0.4099     4.0878    59.0446    30.0
20230622.1400     0.4074     4.1107    59.0227    30.0
20230622.1500     0.4058     4.1209    59.2311    30.0
20230622.1600     0.4043     4.1235    59.4560    30.0
20230622.1700     0.4029     4.1217    59.7028    30.0
20230622.1800     0.4025     4.1082    60.2514    30.0
20230622.1900     0.4030     4.0804    61.1949    30.0
20230622.2000     0.4044     4.0461    62.3523    30.0
20230622.2100     0.4031     4.0280    62.8295    30.0
20230622.2200     0.3997     4.0277    63.6414    30.0
20230622.2300     0.3982     4.0058    63.6578    30.0
20230623.0000     0.3968     3.9864    63.7346    30.0
20230623.0100     0.3963     3.9583    63.9760    30.0
20230623.0200     0.3980     3.9184    64.4697    30.0
20230623.0300     0.3987     3.8876    64.6507    30.0
20230623.0400     0.3971     3.8713    64.2722    30.0
20230623.0500     0.3922     3.8838    63.8827    30.0
20230623.0600     0.3850     3.9150    63.6304    30.0
20230623.0700     0.3774     3.9465    63.4000    30.0
20230623.0800     0.3695     3.9769    63.2519    30.0
20230623.0900     0.3628     3.9890    63.2300    30.0
20230623.1000     0.3502     4.0502    63.3068    30.0
20230623.1100     0.3436     4.0537    63.3452    30.0
20230623.1200     0.3366     4.0585    63.4000    30.0
20230623.1300     0.3296     4.0611    63.5042    30.0
20230623.1400     0.3221     4.0671    63.6304    30.0
20230623.1500     0.3147     4.0719    63.7237    30.0
20230623.1600     0.3077     4.0661    63.8718    30.0
20230623.1700     0.3068     3.9768    64.6891    30.0
20230623.1800     0.3071     3.8725    66.4170    30.0
20230623.1900     0.3040     3.8162    67.8761    30.0
20230623.2000     0.2978     3.7930    68.3040    30.0
20230623.2100     0.2917     3.7777    68.8964    30.0
20230623.2200     0.2806     3.8055    70.3391    30.0
20230623.2300     0.3212     3.9961    73.0928    30.0
20230624.0000     0.3125     3.9184    74.0527    30.0
20230624.0100     0.3040     3.8574    74.4312    30.0
20230624.0200     0.2963     3.8083    74.7219    30.0
20230624.0300     0.2884     3.7743    74.5354    30.0
20230624.0400     0.2813     3.7382    73.9924    30.0
20230624.0500     0.2731     3.7329    73.3177    30.0
20230624.0600     0.2661     3.7155    72.5497    30.0
20230624.0700     0.2625     3.6647    71.3045    30.0
20230624.0800     0.2658     3.5449    67.7993    30.0
20230624.0900     0.2662     3.4879    65.2376    30.0
20230624.1000     0.2704     3.4088    58.6990    30.0
20230624.1100     0.2816     3.3015    57.9859    30.0
20230624.1200     0.2907     3.2400    58.7484    30.0
20230624.1300     0.2925     3.2477    59.8071    30.0
20230624.1400     0.2922     3.2651    60.6847    30.0
20230624.1500     0.2908     3.2989    61.2059    30.0
20230624.1600     0.2892     3.3330    61.5789    30.0
20230624.1700     0.2882     3.3610    61.9738    30.0
20230624.1800     0.2878     3.3786    62.4291    30.0
20230624.1900     0.2888     3.3827    63.8224    30.0
20230624.2000     0.2904     3.3682    65.2267    30.0
20230624.2100     0.2911     3.3537    66.7845    30.0
20230624.2200     0.2843     3.4050    69.7686    30.0
20230624.2300     0.2808     3.4217    69.8728    30.0
20230625.0000     0.2779     3.4228    70.1197    30.0
20230625.0100     0.2747     3.4291    70.5421    30.0
20230625.0200     0.2717     3.4329    71.3045    30.0
20230625.0300     0.2686     3.4321    71.8147    30.0
20230625.0400     0.2642     3.4447    71.8915    30.0
20230625.0500     0.2614     3.4362    71.5294    30.0
20230625.0600     0.2617     3.3976    70.2733    30.0
20230625.0700     0.2657     3.3356    67.2892    30.0
20230625.0800     0.2760     3.2536    62.5224    30.0
20230625.0900     0.2905     3.1708    58.3041    30.0
20230625.1000     0.3036     3.1192    55.0183    30.0
20230625.1100     0.3118     3.1153    55.9728    30.0
20230625.1200     0.3125     3.1514    58.6058    30.0
20230625.1300     0.3121     3.1800    61.4033    30.0
20230625.1400     0.3099     3.2193    62.9831    30.0
20230625.1500     0.3044     3.2838    63.1587    30.0
20230625.1600     0.2988     3.3496    63.0928    30.0
20230625.1700     0.2943     3.3991    63.1258    30.0
20230625.1800     0.2905     3.4361    63.2245    30.0
20230625.1900     0.2855     3.4802    63.2958    30.0
20230625.2000     0.2804     3.5195    63.3891    30.0
20230625.2100     0.2755     3.5539    63.5152    30.0
20230625.2200     0.2581     3.7347    63.5152    30.0
20230625.2300     0.2546     3.7418    63.7621    30.0
20230626.0000     0.2510     3.7463    64.0692    30.0
20230626.0100     0.2481     3.7290    64.5410    30.0
20230626.0200     0.2452     3.7112    65.3748    30.0
20230626.0300     0.2410     3.7101    65.7368    30.0
20230626.0400     0.2368     3.7050    65.9014    30.0
20230626.0500     0.2325     3.7015    66.0275    30.0
20230626.0600     0.2288     3.6930    66.0659    30.0
20230626.0700     0.2250     3.6789    65.9288    30.0
20230626.0800     0.2214     3.6683    65.9453    30.0
20230626.0900     0.2177     3.6620    65.4625    30.0
20230626.1000     0.2060     3.7396    63.8937    30.0
20230626.1100     0.2008     3.7637    64.3764    30.0
20230626.1200     0.1964     3.7744    64.9579    30.0
20230626.1300     0.1934     3.7598    65.7807    30.0
20230626.1400     0.1905     3.7474    66.6090    30.0
20230626.1500     0.1960     3.5844    70.3446    30.0
20230626.1600     0.1981     3.4999    73.5865    30.0
20230626.1700     0.1974     3.4759    76.3456    30.0
20230626.1800     0.1940     3.4773    77.4482    30.0
20230626.1900     0.1928     3.4583    79.0554    30.0
20230626.2000     0.1935     3.4206    82.3741    30.0
20230626.2100     0.1942     3.3864    84.7767    30.0
20230626.2200     0.1822     3.5393    86.8941    30.0
20230626.2300     0.1842     3.4729    88.5727    30.0
20230627.0000     0.1880     3.3970    91.7816    30.0
20230627.0100     0.1931     3.2931    94.8644    30.0
20230627.0200     0.1956     3.2546    97.3329    30.0
20230627.0300     0.1979     3.2131    98.9291    30.0
20230627.0400     0.1973     3.2104    99.6368    30.0
20230627.0500     0.1962     3.2051    99.1047    30.0
20230627.0600     0.1944     3.2045    98.3367    30.0
20230627.0700     0.2022     3.0767    92.0175    30.0
20230627.0800     0.2041     3.0112    87.8431    30.0
20230627.0900     0.2001     3.0135    86.5705    30.0
20230627.1000     0.1751     3.2429    83.8552    30.0
20230627.1100     0.1734     3.2045    84.3489    30.0
20230627.1200     0.1713     3.1844    85.0894    30.0
20230627.1300     0.1806     3.0243    91.1069    30.0
20230627.1400     0.1822     2.9956    94.9687    30.0
20230627.1500     0.1895     2.8941   100.7119    30.0
20230627.1600     0.1932     2.8761   105.5720    30.0
20230627.1700     0.2019     2.8155   113.7892    30.0
20230627.1800     0.2103     2.7923   122.4178    30.0
20230627.1900     0.2211     2.7560   131.8856    30.0
20230627.2000     0.2287     2.7630   136.6360    30.0
20230627.2100     0.2356     2.7799   138.3694    30.0
20230627.2200     0.2377     2.8144   137.5356    30.0
20230627.2300     0.2520     2.8316   134.5351    30.0
20230628.0000     0.2677     2.8483   130.8324    30.0
20230628.0100     0.2820     2.8679   126.5099    30.0
20230628.0200     0.2908     2.9099   121.7595    30.0
20230628.0300     0.2937     2.9693   116.9817    30.0
20230628.0400     0.2917     3.0372   112.4178    30.0
20230628.0500     0.2868     3.1041   108.1611    30.0
20230628.0600     0.2819     3.1568   104.2445    30.0
20230628.0700     0.2753     3.2107   101.0026    30.0
20230628.0800     0.2717     3.2153    97.4865    30.0
20230628.0900     0.2653     3.2488    94.0855    30.0
20230628.1000     0.2436     3.4297    89.0334    30.0
20230628.1100     0.2391     3.4477    86.0329    30.0
20230628.1200     0.2351     3.4763    82.9172    30.0
20230628.1300     0.2325     3.4931    80.0593    30.0
20230628.1400     0.2331     3.4810    78.1887    30.0
20230628.1500     0.2438     3.3639    78.8854    30.0
20230628.1600     0.2513     3.3187    79.5162    30.0
20230628.1700     0.2579     3.3037    80.0648    30.0
20230628.1800     0.2647     3.3002    81.3758    30.0
20230628.1900     0.2688     3.3194    81.3045    30.0
20230628.2000     0.2696     3.3671    80.3884    30.0
20230628.2100     0.2693     3.4202    79.3352    30.0
20230628.2200     0.2627     3.5172    79.9770    30.0
20230628.2300     0.2676     3.5055    80.9863    30.0
20230629.0000     0.2768     3.4330    84.0252    30.0
20230629.0100     0.2820     3.4227    85.5996    30.0
20230629.0200     0.2849     3.4190    86.4663    30.0
20230629.0300     0.2845     3.4416    86.8064    30.0
20230629.0400     0.2816     3.4680    86.6802    30.0
20230629.0500     0.2765     3.5039    86.1755    30.0
20230629.0600     0.2710     3.5375    85.4953    30.0
20230629.0700     0.2654     3.5593    84.5299    30.0
20230629.0800     0.2617     3.5465    83.1585    30.0
20230629.0900     0.2584     3.5303    80.7998    30.0
20230629.1000     0.2450     3.6201    74.1624    30.0
20230629.1100     0.2396     3.6228    73.2683    30.0
20230629.1200     0.2334     3.6354    72.7088    30.0
20230629.1300     0.2266     3.6683    72.4181    30.0
20230629.1400     0.2216     3.6815    72.4016    30.0
20230629.1500     0.2266     3.5672    75.6270    30.0
20230629.1600     0.2362     3.4381    84.5025    30.0
20230629.1700     0.2417     3.3817    92.6538    30.0
20230629.1800     0.2459     3.3513   100.4541    30.0
20230629.1900     0.2499     3.3312   107.3548    30.0
20230629.2000     0.2541     3.3180   114.0799    30.0
20230629.2100     0.2580     3.3099   118.9784    30.0
20230629.2200     0.2497     3.3960   122.7743    30.0
20230629.2300     0.2565     3.3405   123.1309    30.0
20230630.0000     0.2596     3.3316   120.9806    30.0
20230630.0100     0.2645     3.2996   117.3547    30.0
20230630.0200     0.2659     3.2921   113.2955    30.0
20230630.0300     0.2642     3.3056   108.8139    30.0
20230630.0400     0.2610     3.3208   104.4255    30.0
20230630.0500     0.2575     3.3344   100.3992    30.0
20230630.0600     0.2528     3.3602    96.9160    30.0
20230630.0700     0.2487     3.3683    93.7125    30.0
20230630.0800     0.2472     3.3395    90.1086    30.0
20230630.0900     0.2474     3.3011    85.3692    30.0
20230630.1000     0.2278     3.4639    78.6166    30.0
20230630.1100     0.2248     3.4632    77.1520    30.0
20230630.1200     0.2208     3.4863    75.8903    30.0
20230630.1300     0.2171     3.5019    74.8317    30.0
20230630.1400     0.2137     3.5163    74.0034    30.0
20230630.1500     0.2184     3.4185    75.4351    30.0
20230630.1600     0.2223     3.3813    79.0829    30.0
20230630.1700     0.2237     3.3714    81.1234    30.0
20230630.1800     0.2281     3.3250    84.4092    30.0
20230630.1900     0.2317     3.3066    88.2545    30.0
20230630.2000     0.2351     3.2984    91.8749    30.0
20230630.2100     0.2383     3.2838    94.6560    30.0
20230630.2200     0.2286     3.3986    97.5742    30.0
20230630.2300     0.2345     3.3662    99.9604    30.0
