TPAR
20230501.0000     0.1613     2.2926    25.7096    30.0
20230501.0100     0.1588     2.2980    22.5500    30.0
20230501.0200     0.1565     2.3025    19.2368    30.0
20230501.0300     0.1683     2.2197     5.0515    30.0
20230501.0400     0.1668     2.2197   359.0811    30.0
20230501.0500     0.1682     2.2068   351.9501    30.0
20230501.0600     0.1784     2.2100   338.4285    30.0
20230501.0700     0.1833     2.2335   329.1855    30.0
20230501.0800     0.1868     2.2477   315.8779    30.0
20230501.0900     0.1844     2.2575   310.9081    30.0
20230501.1000     0.1892     2.3189   287.9461    30.0
20230501.1100     0.1837     2.3253   289.6082    30.0
20230501.1200     0.1755     2.3564   292.2192    30.0
20230501.1300     0.1681     2.3836   295.0168    30.0
20230501.1400     0.1646     2.3785   297.2548    30.0
20230501.1500     0.1648     2.3667   296.4595    30.0
20230501.1600     0.1774     2.2706   303.3437    30.0
20230501.1700     0.1845     2.2620   336.0972    30.0
20230501.1800     0.1871     2.2618    12.7585    30.0
20230501.1900     0.1826     2.2669    20.3888    30.0
20230501.2000     0.1792     2.2630    20.4381    30.0
20230501.2100     0.1757     2.2693    21.9576    30.0
20230501.2200     0.1569     2.2876    61.8641    30.0
20230501.2300     0.1734     2.2737    63.7785    30.0
20230502.0000     0.1904     2.2961    71.3594    30.0
20230502.0100     0.1862     2.3095    72.0615    30.0
20230502.0200     0.1821     2.3140    74.2721    30.0
20230502.0300     0.1759     2.3172    72.6155    30.0
20230502.0400     0.1742     2.2932    65.9069    30.0
20230502.0500     0.1804     2.2865    55.6656    30.0
20230502.0600     0.1928     2.3066    49.0008    30.0
20230502.0700     0.2040     2.3203    44.6563    30.0
20230502.0800     0.2185     2.3576    46.6366    30.0
20230502.0900     0.2165     2.3872    48.9898    30.0
20230502.1000     0.2040     2.4188    53.3946    30.0
20230502.1100     0.1992     2.4307    53.5592    30.0
20230502.1200     0.2053     2.4218    58.5838    30.0
20230502.1300     0.2201     2.4191    68.9732    30.0
20230502.1400     0.2308     2.4311    75.6435    30.0
20230502.1500     0.2380     2.4414    79.4888    30.0
20230502.1600     0.2446     2.4555    83.4438    30.0
20230502.1700     0.2431     2.4801    84.5025    30.0
20230502.1800     0.2325     2.5164    83.4548    30.0
20230502.1900     0.2210     2.5475    81.6830    30.0
20230502.2000     0.2162     2.5398    82.0066    30.0
20230502.2100     0.2137     2.5330    83.7126    30.0
20230502.2200     0.1965     2.5552    89.4229    30.0
20230502.2300     0.1902     2.5664    89.1431    30.0
20230503.0000     0.1976     2.5102    89.6752    30.0
20230503.0100     0.2066     2.4945    90.7668    30.0
20230503.0200     0.2109     2.4960    91.3812    30.0
20230503.0300     0.2035     2.5337    89.6259    30.0
20230503.0400     0.2043     2.5367    85.0949    30.0
20230503.0500     0.2101     2.5284    78.8086    30.0
20230503.0600     0.2173     2.5353    70.2184    30.0
20230503.0700     0.2133     2.5756    67.3331    30.0
20230503.0800     0.2272     2.5798    59.4999    30.0
20230503.0900     0.2336     2.6072    58.8197    30.0
20230503.1000     0.2470     2.6238    59.2476    30.0
20230503.1100     0.2487     2.6664    61.1839    30.0
20230503.1200     0.2479     2.7050    63.1477    30.0
20230503.1300     0.2435     2.7469    63.4439    30.0
20230503.1400     0.2378     2.7917    63.3068    30.0
20230503.1500     0.2327     2.8290    63.5536    30.0
20230503.1600     0.2261     2.8838    63.3452    30.0
20230503.1700     0.2215     2.9155    63.4055    30.0
20230503.1800     0.2185     2.9349    64.4313    30.0
20230503.1900     0.2119     2.9997    64.3325    30.0
20230503.2000     0.2181     2.9426    70.5530    30.0
20230503.2100     0.2162     2.9799    73.7236    30.0
20230503.2200     0.2056     3.0725    77.0258    30.0
20230503.2300     0.2079     3.0666    78.8634    30.0
20230504.0000     0.2162     3.0514    83.5699    30.0
20230504.0100     0.2130     3.1062    82.7855    30.0
20230504.0200     0.2090     3.1691    82.1218    30.0
20230504.0300     0.2060     3.2191    81.3045    30.0
20230504.0400     0.2023     3.2845    79.9276    30.0
20230504.0500     0.2027     3.2989    77.9584    30.0
20230504.0600     0.1975     3.3894    76.7954    30.0
20230504.0700     0.2112     3.2032    67.9090    30.0
20230504.0800     0.2211     3.1404    59.2476    30.0
20230504.0900     0.2180     3.1965    58.4302    30.0
20230504.1000     0.1973     3.4679    57.0644    30.0
20230504.1100     0.1998     3.4399    59.6754    30.0
20230504.1200     0.2064     3.3390    63.2190    30.0
20230504.1300     0.2088     3.3220    66.7736    30.0
20230504.1400     0.2162     3.2527    73.6029    30.0
20230504.1500     0.2141     3.2767    74.7110    30.0
20230504.1600     0.2132     3.2743    75.0182    30.0
20230504.1700     0.2092     3.3177    75.4844    30.0
20230504.1800     0.2084     3.3198    77.3879    30.0
20230504.1900     0.2064     3.3228    78.4850    30.0
20230504.2000     0.2013     3.3699    78.5453    30.0
20230504.2100     0.2009     3.3484    80.6736    30.0
20230504.2200     0.1946     3.4252    88.9292    30.0
20230504.2300     0.1966     3.3842    89.0499    30.0
20230505.0000     0.2009     3.3264    89.2583    30.0
20230505.0100     0.2044     3.2529    90.6955    30.0
20230505.0200     0.2091     3.1809    93.2024    30.0
20230505.0300     0.2055     3.1946    92.7635    30.0
20230505.0400     0.2024     3.1986    90.4816    30.0
20230505.0500     0.2014     3.1779    87.6017    30.0
20230505.0600     0.1963     3.2238    85.0784    30.0
20230505.0700     0.1917     3.2543    82.1163    30.0
20230505.0800     0.1871     3.2862    80.5255    30.0
20230505.0900     0.1829     3.3197    79.0500    30.0
20230505.1000     0.1669     3.5454    78.2984    30.0
20230505.1100     0.1803     3.3004    81.7268    30.0
20230505.1200     0.1824     3.2807    81.4197    30.0
20230505.1300     0.1840     3.2647    81.3209    30.0
20230505.1400     0.1859     3.2358    80.7120    30.0
20230505.1500     0.1839     3.2755    79.1706    30.0
20230505.1600     0.1896     3.2042    79.8947    30.0
20230505.1700     0.1942     3.1670    84.0691    30.0
20230505.1800     0.1937     3.1854    83.0872    30.0
20230505.1900     0.1918     3.2240    81.2441    30.0
20230505.2000     0.1907     3.2558    80.7998    30.0
20230505.2100     0.1917     3.2369    79.8179    30.0
20230505.2200     0.2234     3.0400   128.4408    30.0
20230505.2300     0.2219     3.0598   129.8670    30.0
20230506.0000     0.2160     3.1085   123.4326    30.0
20230506.0100     0.2078     3.1912   115.7091    30.0
20230506.0200     0.2012     3.2588   107.3273    30.0
20230506.0300     0.1977     3.2834    98.4903    30.0
20230506.0400     0.1962     3.3123    92.2479    30.0
20230506.0500     0.1919     3.3585    87.8870    30.0
20230506.0600     0.1903     3.3622    83.2189    30.0
20230506.0700     0.1889     3.3626    76.9381    30.0
20230506.0800     0.1907     3.2927    72.9118    30.0
20230506.0900     0.1865     3.3294    71.7434    30.0
20230506.1000     0.1623     3.6847    71.2936    30.0
20230506.1100     0.1626     3.6443    71.5788    30.0
20230506.1200     0.1616     3.6373    71.6391    30.0
20230506.1300     0.1603     3.6390    71.6007    30.0
20230506.1400     0.1591     3.6379    71.6446    30.0
20230506.1500     0.1788     3.2211    80.0154    30.0
20230506.1600     0.1827     3.1665    85.0565    30.0
20230506.1700     0.1799     3.1827    83.8662    30.0
20230506.1800     0.1756     3.2263    82.5332    30.0
20230506.1900     0.1777     3.1824    84.5518    30.0
20230506.2000     0.1768     3.1924    85.0675    30.0
20230506.2100     0.1745     3.2152    84.7987    30.0
20230506.2200     0.1524     3.5645    83.6413    30.0
20230506.2300     0.1523     3.5580    82.8678    30.0
20230507.0000     0.1532     3.5211    81.8585    30.0
20230507.0100     0.1530     3.5105    80.9644    30.0
20230507.0200     0.1519     3.5196    80.0483    30.0
20230507.0300     0.1510     3.5308    79.1377    30.0
20230507.0400     0.1504     3.5350    78.2984    30.0
20230507.0500     0.1532     3.4781    75.2760    30.0
20230507.0600     0.1556     3.4275    73.6742    30.0
20230507.0700     0.1556     3.4192    72.3303    30.0
20230507.0800     0.1549     3.4298    71.3429    30.0
20230507.0900     0.1537     3.4600    70.7450    30.0
20230507.1000     0.1333     3.9353    68.6770    30.0
20230507.1100     0.1344     3.8997    68.3643    30.0
20230507.1200     0.1354     3.8692    68.0407    30.0
20230507.1300     0.1388     3.7697    68.0736    30.0
20230507.1400     0.1494     3.5477    74.4696    30.0
20230507.1500     0.1711     3.1297    85.2649    30.0
20230507.1600     0.1733     3.0967    85.3253    30.0
20230507.1700     0.1760     3.0562    85.5228    30.0
20230507.1800     0.1758     3.0655    83.9375    30.0
20230507.1900     0.1872     2.9129    84.8206    30.0
20230507.2000     0.1895     2.9018    85.3363    30.0
20230507.2100     0.1876     2.9263    84.2117    30.0
20230507.2200     0.1633     3.2002    83.6577    30.0
20230507.2300     0.1634     3.2096    82.4729    30.0
20230508.0000     0.1657     3.1888    82.8404    30.0
20230508.0100     0.1647     3.2173    81.4087    30.0
20230508.0200     0.1635     3.2382    79.6040    30.0
20230508.0300     0.1648     3.2216    77.3220    30.0
20230508.0400     0.1671     3.2149    73.9595    30.0
20230508.0500     0.1676     3.2288    71.2771    30.0
20230508.0600     0.1711     3.1812    66.9052    30.0
20230508.0700     0.1800     3.0478    58.0846    30.0
20230508.0800     0.1775     3.0960    57.0479    30.0
20230508.0900     0.1745     3.1517    56.7188    30.0
20230508.1000     0.1432     3.6767    60.8493    30.0
20230508.1100     0.1442     3.6809    60.7176    30.0
20230508.1200     0.1440     3.7176    60.7835    30.0
20230508.1300     0.1442     3.7484    60.8219    30.0
20230508.1400     0.1445     3.7798    60.7835    30.0
20230508.1500     0.1453     3.7952    60.8328    30.0
20230508.1600     0.1466     3.7997    61.0029    30.0
20230508.1700     0.1481     3.7933    61.2168    30.0
20230508.1800     0.1488     3.7933    61.0961    30.0
20230508.1900     0.1488     3.8236    60.7012    30.0
20230508.2000     0.1485     3.8508    60.3337    30.0
20230508.2100     0.1483     3.8731    59.9936    30.0
20230508.2200     0.1402     4.0036    66.4170    30.0
20230508.2300     0.1412     3.9729    66.4719    30.0
20230509.0000     0.1414     3.9612    66.2689    30.0
20230509.0100     0.1420     3.9367    66.0769    30.0
20230509.0200     0.1415     3.9295    65.7752    30.0
20230509.0300     0.1413     3.9118    65.4241    30.0
20230509.0400     0.1405     3.9068    65.1115    30.0
20230509.0500     0.1431     3.8117    62.4949    30.0
20230509.0600     0.1423     3.8007    62.0451    30.0
20230509.0700     0.1407     3.8047    61.8422    30.0
20230509.0800     0.1425     3.7185    59.3627    30.0
20230509.0900     0.1406     3.7221    59.5218    30.0
20230509.1000     0.1270     3.9794    59.2037    30.0
20230509.1100     0.1266     3.9263    60.4489    30.0
20230509.1200     0.1326     3.6992    61.9683    30.0
20230509.1300     0.1581     3.1472    67.3989    30.0
20230509.1400     0.1647     3.0165    71.0357    30.0
20230509.1500     0.1798     2.8687    79.3681    30.0
20230509.1600     0.2086     2.7633    87.0203    30.0
20230509.1700     0.2492     2.6796    91.9517    30.0
20230509.1800     0.2901     2.6575    94.2556    30.0
20230509.1900     0.3300     2.6962    95.9615    30.0
20230509.2000     0.3679     2.7497    98.2051    30.0
20230509.2100     0.4006     2.7984    98.9182    30.0
20230509.2200     0.4071     2.8615    99.7300    30.0
20230509.2300     0.4217     2.8987    98.6110    30.0
20230510.0000     0.4463     2.9325    96.8557    30.0
20230510.0100     0.4629     2.9807    94.3872    30.0
20230510.0200     0.4685     3.0358    91.8968    30.0
20230510.0300     0.4675     3.0887    89.2419    30.0
20230510.0400     0.4778     3.1272    87.1848    30.0
20230510.0500     0.4970     3.1771    85.4460    30.0
20230510.0600     0.5146     3.2496    83.5809    30.0
20230510.0700     0.5251     3.3400    81.2386    30.0
20230510.0800     0.5344     3.4296    78.3752    30.0
20230510.0900     0.5600     3.4821    76.5596    30.0
20230510.1000     0.6148     3.5087    76.4663    30.0
20230510.1100     0.6566     3.5731    77.2233    30.0
20230510.1200     0.6769     3.6561    77.8980    30.0
20230510.1300     0.6746     3.7377    78.3588    30.0
20230510.1400     0.6605     3.7962    78.8251    30.0
20230510.1500     0.6499     3.8139    80.1196    30.0
20230510.1600     0.6440     3.8086    81.4416    30.0
20230510.1700     0.6393     3.8090    81.6994    30.0
20230510.1800     0.6336     3.8073    81.6226    30.0
20230510.1900     0.6564     3.7403    82.8898    30.0
20230510.2000     0.6795     3.7065    83.5590    30.0
20230510.2100     0.6954     3.7002    83.4712    30.0
20230510.2200     0.7075     3.7064    82.6045    30.0
20230510.2300     0.7454     3.7480    80.4652    30.0
20230511.0000     0.7595     3.7724    78.9512    30.0
20230511.0100     0.7496     3.7979    78.0790    30.0
20230511.0200     0.7293     3.8022    77.3824    30.0
20230511.0300     0.7262     3.7731    76.4828    30.0
20230511.0400     0.7182     3.7582    75.0182    30.0
20230511.0500     0.6940     3.7449    74.2502    30.0
20230511.0600     0.6767     3.6977    74.3435    30.0
20230511.0700     0.6796     3.6353    76.9052    30.0
20230511.0800     0.6801     3.5938    80.7230    30.0
20230511.0900     0.6760     3.5717    83.8936    30.0
20230511.1000     0.6868     3.5353    88.8140    30.0
20230511.1100     0.7067     3.5091    94.4366    30.0
20230511.1200     0.7347     3.5074    98.2380    30.0
20230511.1300     0.7785     3.5409    99.2089    30.0
20230511.1400     0.8071     3.6064    98.7646    30.0
20230511.1500     0.7881     3.6757    97.7498    30.0
20230511.1600     0.7478     3.7203    96.6362    30.0
20230511.1700     0.7110     3.7377    95.3197    30.0
20230511.1800     0.6789     3.7421    94.0800    30.0
20230511.1900     0.6564     3.7316    93.5150    30.0
20230511.2000     0.6444     3.7070    94.0855    30.0
20230511.2100     0.6410     3.6768    95.4678    30.0
20230511.2200     0.6281     3.6762    95.9451    30.0
20230511.2300     0.6206     3.6672    95.9560    30.0
20230512.0000     0.6171     3.6547    96.2907    30.0
20230512.0100     0.6051     3.6658    96.0603    30.0
20230512.0200     0.5857     3.6922    94.9248    30.0
20230512.0300     0.5634     3.7234    93.1749    30.0
20230512.0400     0.5435     3.7466    91.0356    30.0
20230512.0500     0.5297     3.7587    88.4410    30.0
20230512.0600     0.5213     3.7691    85.2704    30.0
20230512.0700     0.5215     3.7722    81.9682    30.0
20230512.0800     0.5252     3.7955    78.8470    30.0
20230512.0900     0.5279     3.8422    76.1482    30.0
20230512.1000     0.5290     3.8859    74.0088    30.0
20230512.1100     0.6169     4.1555    72.9611    30.0
20230512.1200     0.6164     4.1279    72.4455    30.0
20230512.1300     0.6073     4.1195    72.2425    30.0
20230512.1400     0.5901     4.1417    71.7927    30.0
20230512.1500     0.5698     4.1807    71.1838    30.0
20230512.1600     0.5499     4.2218    70.8163    30.0
20230512.1700     0.5305     4.2743    70.3720    30.0
20230512.1800     0.5129     4.3301    69.9606    30.0
20230512.1900     0.4960     4.3956    69.3572    30.0
20230512.2000     0.4809     4.4619    68.7977    30.0
20230512.2100     0.4668     4.5276    68.2382    30.0
20230512.2200     0.4505     4.6210    67.8432    30.0
20230512.2300     0.4400     4.6662    67.6622    30.0
20230513.0000     0.4329     4.6765    68.2217    30.0
20230513.0100     0.4300     4.6403    70.1032    30.0
20230513.0200     0.4231     4.6430    71.0632    30.0
20230513.0300     0.4125     4.6858    71.1345    30.0
20230513.0400     0.4021     4.7192    70.5750    30.0
20230513.0500     0.3913     4.7648    70.0155    30.0
20230513.0600     0.3822     4.7918    69.2201    30.0
20230513.0700     0.3726     4.8274    68.6222    30.0
20230513.0800     0.3630     4.8684    68.3150    30.0
20230513.0900     0.3554     4.8814    68.3095    30.0
20230513.1000     0.3429     4.9580    68.7319    30.0
20230513.1100     0.3348     4.9897    68.6112    30.0
20230513.1200     0.3278     5.0082    68.5234    30.0
20230513.1300     0.3312     4.8303    70.3336    30.0
20230513.1400     0.3297     4.7553    71.7434    30.0
20230513.1500     0.3315     4.6523    74.4806    30.0
20230513.1600     0.3409     4.4832    79.9167    30.0
20230513.1700     0.3537     4.3281    85.8245    30.0
20230513.1800     0.3683     4.1842    91.9023    30.0
20230513.1900     0.3845     4.0476    97.8924    30.0
20230513.2000     0.4034     3.9057   104.1129    30.0
20230513.2100     0.4181     3.8190   108.8139    30.0
20230513.2200     0.4199     3.7983   110.7502    30.0
20230513.2300     0.4438     3.7105   113.9099    30.0
20230514.0000     0.4702     3.6720   117.2176    30.0
20230514.0100     0.4796     3.6938   118.8522    30.0
20230514.0200     0.4698     3.7638   118.4682    30.0
20230514.0300     0.4509     3.8545   116.9982    30.0
20230514.0400     0.4315     3.9330   114.9411    30.0
20230514.0500     0.4123     4.0102   112.2258    30.0
20230514.0600     0.3924     4.1105   109.1650    30.0
20230514.0700     0.3725     4.2300   105.5775    30.0
20230514.0800     0.3551     4.3427   101.9187    30.0
20230514.0900     0.3395     4.4470    98.3258    30.0
20230514.1000     0.3151     4.6928    93.6631    30.0
20230514.1100     0.3067     4.7131    89.7191    30.0
20230514.1200     0.2980     4.7353    86.4553    30.0
20230514.1300     0.2916     4.7169    83.6906    30.0
20230514.1400     0.2875     4.6547    81.9847    30.0
20230514.1500     0.2951     4.4238    84.7767    30.0
20230514.1600     0.3059     4.2222    89.4942    30.0
20230514.1700     0.3121     4.0819    92.6428    30.0
20230514.1800     0.3190     3.9310    95.6379    30.0
20230514.1900     0.3268     3.7965    99.1925    30.0
20230514.2000     0.3422     3.6264   103.5972    30.0
20230514.2100     0.3674     3.4554   108.5287    30.0
20230514.2200     0.3873     3.3895   111.1891    30.0
20230514.2300     0.4096     3.3153   113.4601    30.0
20230515.0000     0.4372     3.2456   116.0821    30.0
20230515.0100     0.4573     3.2134   118.0678    30.0
20230515.0200     0.4624     3.2028   118.7974    30.0
20230515.0300     0.4461     3.2127   118.1556    30.0
20230515.0400     0.4163     3.2348   116.7294    30.0
20230515.0500     0.3826     3.2658   114.8369    30.0
20230515.0600     0.3504     3.3009   112.6647    30.0
20230515.0700     0.3238     3.3098   110.1469    30.0
20230515.0800     0.3039     3.2751   106.5868    30.0
20230515.0900     0.2865     3.2445   100.9697    30.0
20230515.1000     0.2631     3.2768    90.9478    30.0
20230515.1100     0.2555     3.2392    83.9210    30.0
20230515.1200     0.2457     3.2547    78.3643    30.0
20230515.1300     0.2370     3.2601    74.0472    30.0
20230515.1400     0.2275     3.2702    70.8383    30.0
20230515.1500     0.2190     3.2716    68.4740    30.0
20230515.1600     0.2279     3.0697    74.2392    30.0
20230515.1700     0.2289     3.0017    80.4103    30.0
20230515.1800     0.2243     2.9802    82.2041    30.0
20230515.1900     0.2185     2.9661    82.6594    30.0
20230515.2000     0.2150     2.9541    84.3050    30.0
20230515.2100     0.2156     2.9194    86.8009    30.0
20230515.2200     0.2048     2.9477    88.4246    30.0
20230515.2300     0.2127     2.9010    90.5035    30.0
20230516.0000     0.2187     2.8623    92.4125    30.0
20230516.0100     0.2255     2.8051    93.9374    30.0
20230516.0200     0.2274     2.7969    94.7493    30.0
20230516.0300     0.2233     2.8182    94.1129    30.0
20230516.0400     0.2174     2.8343    93.0927    30.0
20230516.0500     0.2114     2.8547    90.7723    30.0
20230516.0600     0.2048     2.8842    88.0680    30.0
20230516.0700     0.1997     2.8949    85.3253    30.0
20230516.0800     0.1960     2.8850    82.6374    30.0
20230516.0900     0.1887     2.9242    80.8876    30.0
20230516.1000     0.1725     3.0135    75.8958    30.0
20230516.1100     0.1694     3.0226    73.8004    30.0
20230516.1200     0.1673     3.0254    71.9628    30.0
20230516.1300     0.1670     2.9938    70.5859    30.0
20230516.1400     0.1706     2.9066    69.7576    30.0
20230516.1500     0.1704     2.9001    68.9732    30.0
20230516.1600     0.1703     2.8997    68.9842    30.0
20230516.1700     0.1726     2.8894    70.8218    30.0
20230516.1800     0.1818     2.7828    74.8701    30.0
20230516.1900     0.1884     2.7631    80.4103    30.0
20230516.2000     0.1945     2.7450    83.8991    30.0
20230516.2100     0.2103     2.6824    90.6078    30.0
20230516.2200     0.2056     2.7150    94.4585    30.0
20230516.2300     0.2267     2.6786    99.0498    30.0
20230517.0000     0.2547     2.6521   104.4420    30.0
20230517.0100     0.2762     2.6642   107.7881    30.0
20230517.0200     0.2931     2.6949   110.4102    30.0
20230517.0300     0.2934     2.7430   110.5747    30.0
20230517.0400     0.2840     2.7879   108.6000    30.0
20230517.0500     0.2724     2.8234   105.3800    30.0
20230517.0600     0.2598     2.8460   102.0174    30.0
20230517.0700     0.2456     2.8811    98.7646    30.0
20230517.0800     0.2337     2.8946    95.5392    30.0
20230517.0900     0.2260     2.8719    91.5458    30.0
20230517.1000     0.2075     2.9254    85.8848    30.0
20230517.1100     0.2015     2.9310    81.6994    30.0
20230517.1200     0.2028     2.8698    77.8870    30.0
20230517.1300     0.2047     2.8344    75.4296    30.0
20230517.1400     0.2108     2.7948    73.1092    30.0
20230517.1500     0.2197     2.7704    71.7598    30.0
20230517.1600     0.2316     2.7604    73.3067    30.0
20230517.1700     0.2411     2.7723    74.4422    30.0
20230517.1800     0.2467     2.7981    74.8591    30.0
20230517.1900     0.2481     2.8389    74.7055    30.0
20230517.2000     0.2485     2.8648    74.9030    30.0
20230517.2100     0.2475     2.8858    75.7916    30.0
20230517.2200     0.2434     2.9253    79.8234    30.0
20230517.2300     0.2477     2.8969    82.5277    30.0
20230518.0000     0.2476     2.8878    83.7565    30.0
20230518.0100     0.2470     2.8812    84.8645    30.0
20230518.0200     0.2468     2.8728    86.2139    30.0
20230518.0300     0.2461     2.8667    87.1958    30.0
20230518.0400     0.2402     2.8921    86.0768    30.0
20230518.0500     0.2320     2.9346    83.7729    30.0
20230518.0600     0.2234     2.9890    81.6281    30.0
20230518.0700     0.2153     3.0479    79.5107    30.0
20230518.0800     0.2088     3.0975    77.3824    30.0
20230518.0900     0.2024     3.1498    75.7752    30.0
20230518.1000     0.1845     3.3315    72.7856    30.0
20230518.1100     0.1831     3.3393    71.5404    30.0
20230518.1200     0.1805     3.3666    70.4707    30.0
20230518.1300     0.1933     3.1183    72.5826    30.0
20230518.1400     0.2027     3.0429    77.7005    30.0
20230518.1500     0.2199     2.9422    85.9342    30.0
20230518.1600     0.2329     2.8861    91.8475    30.0
20230518.1700     0.2421     2.8504    95.9944    30.0
20230518.1800     0.2435     2.8507    96.8776    30.0
20230518.1900     0.2418     2.8649    96.3784    30.0
20230518.2000     0.2423     2.8700    96.3675    30.0
20230518.2100     0.2425     2.8799    96.0877    30.0
20230518.2200     0.2402     2.9164    97.3768    30.0
20230518.2300     0.2448     2.8992    97.1135    30.0
20230519.0000     0.2483     2.8928    97.1628    30.0
20230519.0100     0.2482     2.9007    96.5814    30.0
20230519.0200     0.2451     2.9157    95.9231    30.0
20230519.0300     0.2404     2.9207    94.5627    30.0
20230519.0400     0.2345     2.9407    92.0614    30.0
20230519.0500     0.2280     2.9672    89.3406    30.0
20230519.0600     0.2226     2.9850    86.6912    30.0
20230519.0700     0.2206     2.9730    82.9336    30.0
20230519.0800     0.2201     2.9685    78.3752    30.0
20230519.0900     0.2205     2.9670    75.4351    30.0
20230519.1000     0.2167     2.9766    68.4302    30.0
20230519.1100     0.2159     3.0014    66.8339    30.0
20230519.1200     0.2152     3.0227    65.6765    30.0
20230519.1300     0.2177     3.0141    65.3254    30.0
20230519.1400     0.2266     2.9638    65.6490    30.0
20230519.1500     0.2327     2.9452    65.8520    30.0
20230519.1600     0.2366     2.9486    66.3457    30.0
20230519.1700     0.2415     2.9440    67.9968    30.0
20230519.1800     0.2461     2.9429    70.2129    30.0
20230519.1900     0.2495     2.9485    72.1548    30.0
20230519.2000     0.2541     2.9470    73.9869    30.0
20230519.2100     0.2632     2.9368    77.0587    30.0
20230519.2200     0.2627     2.9657    78.9402    30.0
20230519.2300     0.2936     3.1110    79.5711    30.0
20230520.0000     0.2946     3.1868    77.6676    30.0
20230520.0100     0.2960     3.2387    76.0220    30.0
20230520.0200     0.3009     3.2506    75.5996    30.0
20230520.0300     0.3107     3.2279    76.6967    30.0
20230520.0400     0.3165     3.2284    76.7845    30.0
20230520.0500     0.3140     3.2764    75.4241    30.0
20230520.0600     0.3061     3.3491    73.4768    30.0
20230520.0700     0.2989     3.4052    71.4362    30.0
20230520.0800     0.2927     3.4504    69.5547    30.0
20230520.0900     0.2877     3.4787    68.2766    30.0
20230520.1000     0.2759     3.5578    66.8339    30.0
20230520.1100     0.2706     3.5859    66.0440    30.0
20230520.1200     0.2658     3.6159    65.4022    30.0
20230520.1300     0.2618     3.6352    64.8591    30.0
20230520.1400     0.2581     3.6508    64.4423    30.0
20230520.1500     0.2569     3.6319    64.0967    30.0
20230520.1600     0.2568     3.6080    64.1351    30.0
20230520.1700     0.2574     3.5916    64.5191    30.0
20230520.1800     0.2612     3.5251    65.2157    30.0
20230520.1900     0.2631     3.5052    65.9453    30.0
20230520.2000     0.2677     3.4500    67.5251    30.0
20230520.2100     0.2679     3.4442    67.8048    30.0
20230520.2200     0.2711     3.4294    71.6391    30.0
20230520.2300     0.2759     3.3931    72.7911    30.0
20230521.0000     0.2908     3.2900    76.4718    30.0
20230521.0100     0.3047     3.2132    78.9677    30.0
20230521.0200     0.3222     3.1510    82.2754    30.0
20230521.0300     0.3277     3.1668    81.9572    30.0
20230521.0400     0.3263     3.2240    79.9550    30.0
20230521.0500     0.3235     3.2957    77.0203    30.0
20230521.0600     0.3210     3.3709    74.2502    30.0
20230521.0700     0.3179     3.4563    71.7982    30.0
20230521.0800     0.3156     3.5409    69.7412    30.0
20230521.0900     0.3149     3.6153    67.8487    30.0
20230521.1000     0.3103     3.7166    65.2980    30.0
20230521.1100     0.3099     3.7887    64.5300    30.0
20230521.1200     0.3102     3.8483    64.0418    30.0
20230521.1300     0.3105     3.8971    63.7182    30.0
20230521.1400     0.3110     3.9333    63.5317    30.0
20230521.1500     0.3129     3.9382    63.4055    30.0
20230521.1600     0.3145     3.9334    63.5481    30.0
20230521.1700     0.3189     3.8875    65.4187    30.0
20230521.1800     0.3239     3.8370    67.9749    30.0
20230521.1900     0.3242     3.8191    69.1268    30.0
20230521.2000     0.3230     3.8098    70.2623    30.0
20230521.2100     0.3203     3.8081    70.7999    30.0
20230521.2200     0.3097     3.8829    71.5239    30.0
20230521.2300     0.3100     3.8380    72.2371    30.0
20230522.0000     0.3170     3.7418    75.3912    30.0
20230522.0100     0.3192     3.6891    76.8284    30.0
20230522.0200     0.3230     3.6360    78.6879    30.0
20230522.0300     0.3220     3.6255    78.8251    30.0
20230522.0400     0.3188     3.6362    77.9913    30.0
20230522.0500     0.3151     3.6533    76.4663    30.0
20230522.0600     0.3102     3.6846    74.8097    30.0
20230522.0700     0.3067     3.7091    72.9611    30.0
20230522.0800     0.3044     3.7217    71.2277    30.0
20230522.0900     0.3033     3.7345    69.8619    30.0
20230522.1000     0.2990     3.7819    66.8997    30.0
20230522.1100     0.2986     3.8061    66.2963    30.0
20230522.1200     0.2993     3.8263    65.8685    30.0
20230522.1300     0.3024     3.8267    65.7204    30.0
20230522.1400     0.3063     3.8168    65.5503    30.0
20230522.1500     0.3108     3.8049    65.4625    30.0
20230522.1600     0.3161     3.7827    65.7588    30.0
20230522.1700     0.3222     3.7479    66.6200    30.0
20230522.1800     0.3256     3.7345    67.5909    30.0
20230522.1900     0.3246     3.7475    67.8377    30.0
20230522.2000     0.3212     3.7745    67.6622    30.0
20230522.2100     0.3174     3.7912    67.5415    30.0
20230522.2200     0.3140     3.7940    70.1636    30.0
20230522.2300     0.3198     3.7115    73.6523    30.0
20230523.0000     0.3250     3.6947    75.5996    30.0
20230523.0100     0.3238     3.7058    76.1152    30.0
20230523.0200     0.3188     3.7369    75.9013    30.0
20230523.0300     0.3122     3.7702    74.9743    30.0
20230523.0400     0.3061     3.7912    73.5536    30.0
20230523.0500     0.2998     3.8181    72.0999    30.0
20230523.0600     0.2923     3.8714    70.6518    30.0
20230523.0700     0.2876     3.8798    69.1762    30.0
20230523.0800     0.2819     3.9047    68.1339    30.0
20230523.0900     0.2757     3.9406    67.5799    30.0
20230523.1000     0.2638     4.0502    66.1482    30.0
20230523.1100     0.2667     3.9562    66.1263    30.0
20230523.1200     0.2658     3.9385    66.4938    30.0
20230523.1300     0.2675     3.8864    67.1630    30.0
20230523.1400     0.2702     3.8180    68.4192    30.0
20230523.1500     0.2676     3.8273    68.2601    30.0
20230523.1600     0.2680     3.7908    69.0445    30.0
20230523.1700     0.2699     3.7439    70.8986    30.0
20230523.1800     0.2716     3.7021    72.5936    30.0
20230523.1900     0.2751     3.6432    75.1992    30.0
20230523.2000     0.2822     3.5577    78.9457    30.0
20230523.2100     0.2885     3.4831    82.2699    30.0
20230523.2200     0.2864     3.4741    85.1662    30.0
20230523.2300     0.2993     3.3709    89.3187    30.0
20230524.0000     0.3147     3.2653    92.8239    30.0
20230524.0100     0.3323     3.1810    95.0893    30.0
20230524.0200     0.3457     3.1432    95.3252    30.0
20230524.0300     0.3496     3.1523    93.1914    30.0
20230524.0400     0.3442     3.1917    89.5162    30.0
20230524.0500     0.3339     3.2454    85.4460    30.0
20230524.0600     0.3227     3.3020    81.6500    30.0
20230524.0700     0.3135     3.3488    78.2820    30.0
20230524.0800     0.3052     3.3960    75.8300    30.0
20230524.0900     0.2984     3.4421    74.0856    30.0
20230524.1000     0.2862     3.5384    71.8805    30.0
20230524.1100     0.2855     3.5415    70.9809    30.0
20230524.1200     0.2891     3.5098    70.5475    30.0
20230524.1300     0.2950     3.4726    70.9809    30.0
20230524.1400     0.2970     3.4760    71.0357    30.0
20230524.1500     0.2967     3.4947    70.7286    30.0
20230524.1600     0.2972     3.4999    71.3100    30.0
20230524.1700     0.2985     3.4847    72.7143    30.0
20230524.1800     0.3028     3.4479    75.9342    30.0
20230524.1900     0.3068     3.4193    79.2913    30.0
20230524.2000     0.3094     3.3928    81.7982    30.0
20230524.2100     0.3135     3.3615    84.3928    30.0
20230524.2200     0.3086     3.3986    85.8683    30.0
20230524.2300     0.3111     3.3940    86.4663    30.0
20230525.0000     0.3153     3.3809    87.9747    30.0
20230525.0100     0.3166     3.3957    88.6769    30.0
20230525.0200     0.3151     3.4319    88.4355    30.0
20230525.0300     0.3106     3.4890    87.1684    30.0
20230525.0400     0.3052     3.5449    84.9687    30.0
20230525.0500     0.3004     3.5962    82.3906    30.0
20230525.0600     0.2963     3.6395    79.8837    30.0
20230525.0700     0.2957     3.6544    76.4060    30.0
20230525.0800     0.3015     3.6172    71.6666    30.0
20230525.0900     0.3090     3.5860    68.3259    30.0
20230525.1000     0.3047     3.6698    65.3309    30.0
20230525.1100     0.3119     3.6645    64.6397    30.0
20230525.1200     0.3197     3.6874    64.4916    30.0
20230525.1300     0.3253     3.7347    64.3435    30.0
20230525.1400     0.3330     3.7517    65.0566    30.0
20230525.1500     0.3440     3.7396    66.5157    30.0
20230525.1600     0.3532     3.7424    67.7280    30.0
20230525.1700     0.3581     3.7728    67.9365    30.0
20230525.1800     0.3626     3.7946    68.5508    30.0
20230525.1900     0.3727     3.7617    71.6940    30.0
20230525.2000     0.3800     3.7343    74.7713    30.0
20230525.2100     0.3862     3.7051    78.1723    30.0
20230525.2200     0.3819     3.7365    80.4597    30.0
20230525.2300     0.3838     3.7163    82.0505    30.0
20230526.0000     0.3902     3.6677    84.7438    30.0
20230526.0100     0.3990     3.6108    87.7169    30.0
20230526.0200     0.4083     3.5638    90.3774    30.0
20230526.0300     0.4052     3.5846    90.0866    30.0
20230526.0400     0.3949     3.6404    88.1283    30.0
20230526.0500     0.3809     3.7176    84.9852    30.0
20230526.0600     0.3687     3.7852    81.5842    30.0
20230526.0700     0.3594     3.8368    77.9090    30.0
20230526.0800     0.3546     3.8568    73.8333    30.0
20230526.0900     0.3505     3.8801    70.6463    30.0
20230526.1000     0.3502     3.8832    67.0423    30.0
20230526.1100     0.3601     3.8204    65.5119    30.0
20230526.1200     0.3736     3.7657    64.4642    30.0
20230526.1300     0.3861     3.7472    63.8498    30.0
20230526.1400     0.3933     3.7736    63.3452    30.0
20230526.1500     0.3981     3.8037    63.0928    30.0
20230526.1600     0.4033     3.8146    63.5701    30.0
20230526.1700     0.4088     3.8024    65.2431    30.0
20230526.1800     0.4126     3.7793    67.4208    30.0
20230526.1900     0.4209     3.7215    71.4746    30.0
20230526.2000     0.4309     3.6513    76.5651    30.0
20230526.2100     0.4363     3.6064    81.1344    30.0
20230526.2200     0.4428     3.5659    86.3236    30.0
20230526.2300     0.4526     3.5192    89.5546    30.0
20230527.0000     0.4596     3.5899    89.2803    30.0
20230527.0100     0.4647     3.6512    89.0609    30.0
20230527.0200     0.4726     3.6901    89.4394    30.0
20230527.0300     0.4663     3.7948    87.2891    30.0
20230527.0400     0.4493     3.9593    83.4932    30.0
20230527.0500     0.4340     4.1259    80.0702    30.0
20230527.0600     0.4220     4.2774    77.2891    30.0
20230527.0700     0.4127     4.4149    75.0895    30.0
20230527.0800     0.4054     4.5376    73.2025    30.0
20230527.0900     0.3989     4.6499    71.7269    30.0
20230527.1000     0.3874     4.8150    69.7796    30.0
20230527.1100     0.3834     4.8929    69.0994    30.0
20230527.1200     0.3792     4.9605    68.6331    30.0
20230527.1300     0.3751     5.0078    68.2985    30.0
20230527.1400     0.3699     5.0598    68.0352    30.0
20230527.1500     0.3643     5.0996    67.8652    30.0
20230527.1600     0.3582     5.1294    67.7609    30.0
20230527.1700     0.3562     5.0598    68.4466    30.0
20230527.1800     0.3572     4.9277    69.7960    30.0
20230527.1900     0.3595     4.7850    72.7746    30.0
20230527.2000     0.3736     4.5158    79.2419    30.0
20230527.2100     0.4003     4.1917    87.5579    30.0
20230527.2200     0.4362     3.9145    95.1936    30.0
20230527.2300     0.4812     3.6943    99.7684    30.0
20230528.0000     0.5122     3.5898   101.7761    30.0
20230528.0100     0.5230     3.5507   103.1474    30.0
20230528.0200     0.5147     3.5474   103.5040    30.0
20230528.0300     0.4857     3.5849   101.8968    30.0
20230528.0400     0.4506     3.6436    99.1211    30.0
20230528.0500     0.4177     3.7079    96.0932    30.0
20230528.0600     0.3884     3.7747    92.9226    30.0
20230528.0700     0.3642     3.8356    89.6807    30.0
20230528.0800     0.3472     3.8513    85.9506    30.0
20230528.0900     0.3363     3.8447    81.1180    30.0
20230528.1000     0.3158     3.9748    77.0203    30.0
20230528.1100     0.3254     4.1002    74.6781    30.0
20230528.1200     0.3293     4.2256    72.3468    30.0
20230528.1300     0.3324     4.3461    70.4762    30.0
20230528.1400     0.3362     4.4212    69.0720    30.0
20230528.1500     0.3398     4.4644    68.1339    30.0
20230528.1600     0.3442     4.4684    68.2327    30.0
20230528.1700     0.3482     4.4547    68.7922    30.0
20230528.1800     0.3536     4.3984    70.2349    30.0
20230528.1900     0.3591     4.3419    72.3797    30.0
20230528.2000     0.3631     4.2723    74.5135    30.0
20230528.2100     0.3685     4.1836    77.3440    30.0
20230528.2200     0.3767     4.0668    81.8146    30.0
20230528.2300     0.3887     3.9288    85.1388    30.0
20230529.0000     0.4026     3.8036    88.4630    30.0
20230529.0100     0.4149     3.7016    91.2934    30.0
20230529.0200     0.4257     3.6166    93.8058    30.0
20230529.0300     0.4321     3.5578    94.9961    30.0
20230529.0400     0.4304     3.5418    93.9868    30.0
20230529.0500     0.4163     3.5839    90.9862    30.0
20230529.0600     0.3968     3.6520    86.9161    30.0
20230529.0700     0.3825     3.6944    81.6939    30.0
20230529.0800     0.3743     3.7163    76.3292    30.0
20230529.0900     0.3659     3.7557    73.0489    30.0
20230529.1000     0.3589     3.8082    69.2420    30.0
20230529.1100     0.3595     3.8109    67.7829    30.0
20230529.1200     0.3616     3.8082    66.9217    30.0
20230529.1300     0.3648     3.8063    66.4444    30.0
20230529.1400     0.3672     3.8156    66.0879    30.0
20230529.1500     0.3692     3.8268    65.9069    30.0
20230529.1600     0.3716     3.8287    66.0330    30.0
20230529.1700     0.3744     3.8236    66.4444    30.0
20230529.1800     0.3796     3.7871    67.8542    30.0
20230529.1900     0.3869     3.7369    70.1361    30.0
20230529.2000     0.3980     3.6640    73.5481    30.0
20230529.2100     0.4046     3.6240    75.9562    30.0
20230529.2200     0.4041     3.6254    77.7389    30.0
20230529.2300     0.4035     3.6303    78.0571    30.0
20230530.0000     0.4007     3.6447    78.1339    30.0
20230530.0100     0.4002     3.6478    78.4904    30.0
20230530.0200     0.4048     3.6235    79.5930    30.0
20230530.0300     0.4118     3.6017    80.3445    30.0
20230530.0400     0.4117     3.6282    79.5162    30.0
20230530.0500     0.4063     3.6906    77.4701    30.0
20230530.0600     0.3982     3.7754    74.8207    30.0
20230530.0700     0.3955     3.8219    71.5623    30.0
20230530.0800     0.3981     3.8380    68.8251    30.0
20230530.0900     0.4029     3.8444    67.1740    30.0
20230530.1000     0.4167     3.8095    65.6216    30.0
20230530.1100     0.4309     3.7888    65.1389    30.0
20230530.1200     0.4379     3.8063    65.1115    30.0
20230530.1300     0.4397     3.8417    65.3748    30.0
20230530.1400     0.4362     3.8925    65.7258    30.0
20230530.1500     0.4316     3.9316    66.4719    30.0
20230530.1600     0.4249     3.9669    67.1959    30.0
20230530.1700     0.4176     3.9956    67.8816    30.0
20230530.1800     0.4080     4.0240    68.3589    30.0
20230530.1900     0.4001     4.0301    69.5711    30.0
20230530.2000     0.3931     4.0210    71.4636    30.0
20230530.2100     0.3893     3.9844    74.2831    30.0
20230530.2200     0.3782     4.0003    76.1866    30.0
20230530.2300     0.3786     3.9248    79.0719    30.0
20230531.0000     0.3848     3.8121    83.2353    30.0
20230531.0100     0.3924     3.7149    87.1684    30.0
20230531.0200     0.3919     3.6866    88.7098    30.0
20230531.0300     0.3832     3.7065    88.2161    30.0
20230531.0400     0.3704     3.7530    86.4443    30.0
20230531.0500     0.3578     3.8042    83.8113    30.0
20230531.0600     0.3466     3.8557    81.0850    30.0
20230531.0700     0.3414     3.8543    77.1630    30.0
20230531.0800     0.3363     3.8762    73.3341    30.0
20230531.0900     0.3293     3.9246    71.4142    30.0
20230531.1000     0.3168     4.0483    68.8306    30.0
20230531.1100     0.3494     4.2691    68.0462    30.0
20230531.1200     0.3509     4.2799    67.4812    30.0
20230531.1300     0.3542     4.2644    67.0698    30.0
20230531.1400     0.3555     4.2689    66.5432    30.0
20230531.1500     0.3565     4.2693    66.0001    30.0
20230531.1600     0.3586     4.2408    65.8520    30.0
20230531.1700     0.3620     4.1911    66.9326    30.0
20230531.1800     0.3709     4.0929    70.2404    30.0
20230531.1900     0.3760     4.0229    72.5991    30.0
20230531.2000     0.3773     3.9846    74.0143    30.0
20230531.2100     0.3799     3.9339    75.9891    30.0
20230531.2200     0.3730     3.9584    77.3659    30.0
20230531.2300     0.3768     3.8916    79.0390    30.0
20230601.0000     0.3911     3.7659    82.8459    30.0
20230601.0100     0.4030     3.6791    85.2375    30.0
20230601.0200     0.4092     3.6461    85.9671    30.0
20230601.0300     0.4069     3.6624    85.0565    30.0
20230601.0400     0.3982     3.7138    83.2244    30.0
20230601.0500     0.3852     3.7902    80.5200    30.0
20230601.0600     0.3752     3.8469    77.3166    30.0
20230601.0700     0.3699     3.8672    73.8114    30.0
20230601.0800     0.3708     3.8489    70.0209    30.0
20230601.0900     0.3749     3.8206    67.4702    30.0
20230601.1000     0.3844     3.7875    64.5465    30.0
20230601.1100     0.3936     3.7727    64.2228    30.0
20230601.1200     0.3992     3.7846    64.1570    30.0
20230601.1300     0.4015     3.8218    63.8663    30.0
20230601.1400     0.4014     3.8686    63.5426    30.0
20230601.1500     0.3996     3.9073    63.3726    30.0
20230601.1600     0.3974     3.9219    63.6962    30.0
20230601.1700     0.3935     3.9291    64.4258    30.0
20230601.1800     0.3885     3.9306    65.6600    30.0
20230601.1900     0.3833     3.9220    67.3879    30.0
20230601.2000     0.3791     3.9000    69.6260    30.0
20230601.2100     0.3711     3.8968    70.5530    30.0
20230601.2200     0.3551     3.9644    70.9041    30.0
20230601.2300     0.3549     3.9971    70.9973    30.0
20230602.0000     0.3562     4.0205    71.6282    30.0
20230602.0100     0.3569     4.0472    72.1767    30.0
20230602.0200     0.3575     4.0640    72.8734    30.0
20230602.0300     0.3561     4.0932    72.9282    30.0
20230602.0400     0.3530     4.1269    72.5881    30.0
20230602.0500     0.3486     4.1634    71.8092    30.0
20230602.0600     0.3443     4.1832    70.7176    30.0
20230602.0700     0.3446     4.1424    68.4192    30.0
20230602.0800     0.3545     4.0093    64.4368    30.0
20230602.0900     0.3668     3.8772    61.3759    30.0
20230602.1000     0.3725     3.8230    58.8636    30.0
20230602.1100     0.3943     3.6997    58.4741    30.0
20230602.1200     0.4202     3.6154    58.7429    30.0
20230602.1300     0.4376     3.6041    59.3737    30.0
20230602.1400     0.4496     3.6247    59.8784    30.0
20230602.1500     0.4592     3.6595    60.4873    30.0
20230602.1600     0.4704     3.6834    62.1219    30.0
20230602.1700     0.4791     3.7121    64.2448    30.0
20230602.1800     0.4792     3.7629    65.2980    30.0
20230602.1900     0.4798     3.7898    67.0094    30.0
20230602.2000     0.4807     3.7983    69.2749    30.0
20230602.2100     0.4775     3.8206    70.9919    30.0
20230602.2200     0.4623     3.9049    71.0577    30.0
20230602.2300     0.4482     3.9792    70.0319    30.0
20230603.0000     0.4349     4.0471    69.0884    30.0
20230603.0100     0.4238     4.0940    68.6441    30.0
20230603.0200     0.4145     4.1340    68.5783    30.0
20230603.0300     0.4041     4.1828    68.1778    30.0
20230603.0400     0.3944     4.2352    67.5196    30.0
20230603.0500     0.3845     4.3043    66.6200    30.0
20230603.0600     0.3757     4.3684    65.9014    30.0
20230603.0700     0.3720     4.3622    64.5520    30.0
20230603.0800     0.3714     4.3406    62.3194    30.0
20230603.0900     0.3673     4.3598    61.3814    30.0
20230603.1000     0.3568     4.4571    60.3721    30.0
20230603.1100     0.3554     4.4493    60.7999    30.0
20230603.1200     0.3612     4.5280    61.1016    30.0
20230603.1300     0.3654     4.5613    61.2717    30.0
20230603.1400     0.3681     4.5710    61.3046    30.0
20230603.1500     0.3722     4.5220    61.5898    30.0
20230603.1600     0.3737     4.4799    61.9738    30.0
20230603.1700     0.3748     4.4298    63.1312    30.0
20230603.1800     0.3765     4.3487    64.2064    30.0
20230603.1900     0.3746     4.3109    65.5448    30.0
20230603.2000     0.3711     4.2844    66.6145    30.0
20230603.2100     0.3700     4.2253    68.4905    30.0
20230603.2200     0.3597     4.2618    70.8273    30.0
20230603.2300     0.3553     4.2273    72.1548    30.0
20230604.0000     0.3483     4.2161    72.5497    30.0
20230604.0100     0.3410     4.2080    72.7746    30.0
20230604.0200     0.3334     4.2011    73.1312    30.0
20230604.0300     0.3243     4.2167    72.9008    30.0
20230604.0400     0.3159     4.2230    72.6649    30.0
20230604.0500     0.3067     4.2463    72.1054    30.0
20230604.0600     0.2984     4.2596    70.9919    30.0
20230604.0700     0.2910     4.2759    69.8728    30.0
20230604.0800     0.2972     4.0740    65.3474    30.0
20230604.0900     0.2953     4.0285    62.4510    30.0
20230604.1000     0.2799     4.1607    60.9426    30.0
20230604.1100     0.2753     4.1596    61.3978    30.0
20230604.1200     0.2698     4.1855    61.8202    30.0
20230604.1300     0.2659     4.1975    62.2975    30.0
20230604.1400     0.2620     4.2104    62.7527    30.0
20230604.1500     0.2580     4.2308    63.0928    30.0
20230604.1600     0.2541     4.2507    63.3781    30.0
20230604.1700     0.2522     4.2304    63.8553    30.0
20230604.1800     0.2491     4.2413    64.0418    30.0
20230604.1900     0.2456     4.2499    64.1515    30.0
20230604.2000     0.2425     4.2552    64.2283    30.0
20230604.2100     0.2393     4.2569    64.2722    30.0
20230604.2200     0.2240     4.4924    64.7769    30.0
20230604.2300     0.2893     5.0499    64.9743    30.0
20230605.0000     0.2800     4.9038    65.2376    30.0
20230605.0100     0.2793     4.5541    68.0681    30.0
20230605.0200     0.2736     4.3697    70.0538    30.0
20230605.0300     0.2688     4.2126    71.9354    30.0
20230605.0400     0.2611     4.1155    72.0725    30.0
20230605.0500     0.2538     4.0372    71.8147    30.0
20230605.0600     0.2455     4.0078    71.4307    30.0
20230605.0700     0.2380     3.9813    70.9919    30.0
20230605.0800     0.2313     3.9554    70.0977    30.0
20230605.0900     0.2271     3.8928    69.2420    30.0
20230605.1000     0.2288     3.7615    62.4456    30.0
20230605.1100     0.2372     3.5861    61.5076    30.0
20230605.1200     0.2426     3.4736    62.8570    30.0
20230605.1300     0.2523     3.3508    65.7807    30.0
20230605.1400     0.2610     3.2859    66.9820    30.0
20230605.1500     0.2657     3.2807    66.1153    30.0
20230605.1600     0.2715     3.2845    65.4735    30.0
20230605.1700     0.2813     3.2681    66.7297    30.0
20230605.1800     0.2891     3.2687    68.0462    30.0
20230605.1900     0.2970     3.2731    70.3994    30.0
20230605.2000     0.2993     3.3035    71.1125    30.0
20230605.2100     0.2992     3.3482    71.2497    30.0
20230605.2200     0.2936     3.4323    71.9957    30.0
20230605.2300     0.3017     3.4105    73.6907    30.0
20230606.0000     0.3098     3.3835    75.2321    30.0
20230606.0100     0.3159     3.3746    76.4499    30.0
20230606.0200     0.3191     3.3844    77.4208    30.0
20230606.0300     0.3164     3.4345    76.8613    30.0
20230606.0400     0.3098     3.5077    75.1114    30.0
20230606.0500     0.3034     3.5805    72.9447    30.0
20230606.0600     0.2981     3.6321    70.9370    30.0
20230606.0700     0.2931     3.6853    68.8909    30.0
20230606.0800     0.2906     3.7173    66.4115    30.0
20230606.0900     0.2877     3.7446    65.1663    30.0
20230606.1000     0.2831     3.7638    65.3803    30.0
20230606.1100     0.2853     3.7399    66.8174    30.0
20230606.1200     0.2906     3.6927    69.7686    30.0
20230606.1300     0.2940     3.6676    71.6391    30.0
20230606.1400     0.2943     3.6680    72.5113    30.0
20230606.1500     0.2964     3.6560    74.5080    30.0
20230606.1600     0.3021     3.6130    77.7718    30.0
20230606.1700     0.3045     3.5961    79.9770    30.0
20230606.1800     0.3042     3.6041    81.0521    30.0
20230606.1900     0.3032     3.6127    81.3922    30.0
20230606.2000     0.3024     3.6256    81.5952    30.0
20230606.2100     0.3030     3.6248    81.6884    30.0
20230606.2200     0.3001     3.6506    81.3867    30.0
20230606.2300     0.3166     3.5469    83.7674    30.0
20230607.0000     0.3376     3.4324    87.7498    30.0
20230607.0100     0.3613     3.3459    92.1327    30.0
20230607.0200     0.3806     3.3092    95.1277    30.0
20230607.0300     0.3843     3.3350    94.6011    30.0
20230607.0400     0.3772     3.3918    92.0943    30.0
20230607.0500     0.3656     3.4659    88.6165    30.0
20230607.0600     0.3538     3.5362    84.9468    30.0
20230607.0700     0.3443     3.6013    81.1125    30.0
20230607.0800     0.3399     3.6369    77.0478    30.0
20230607.0900     0.3362     3.6790    74.2831    30.0
20230607.1000     0.3411     3.6732    70.3281    30.0
20230607.1100     0.3614     3.6080    70.1032    30.0
20230607.1200     0.3817     3.5965    70.9260    30.0
20230607.1300     0.3950     3.6701    70.4598    30.0
20230607.1400     0.4057     3.7624    69.7412    30.0
20230607.1500     0.4139     3.8587    68.9787    30.0
20230607.1600     0.4203     3.9507    68.4027    30.0
20230607.1700     0.4271     4.0163    68.4466    30.0
20230607.1800     0.4352     4.0520    69.2255    30.0
20230607.1900     0.4485     4.0355    71.3539    30.0
20230607.2000     0.4663     3.9928    74.6232    30.0
20230607.2100     0.4860     3.9509    77.9035    30.0
20230607.2200     0.5061     3.9255    79.9825    30.0
20230607.2300     0.5764     4.0552    81.1070    30.0
20230608.0000     0.5858     4.1232    80.0373    30.0
20230608.0100     0.5827     4.2225    78.5124    30.0
20230608.0200     0.5705     4.3442    76.4883    30.0
20230608.0300     0.5547     4.4747    74.2447    30.0
20230608.0400     0.5388     4.6015    72.0615    30.0
20230608.0500     0.5248     4.7102    70.1252    30.0
20230608.0600     0.5130     4.7925    68.4411    30.0
20230608.0700     0.5031     4.8480    67.0423    30.0
20230608.0800     0.4944     4.8769    65.9453    30.0
20230608.0900     0.4873     4.8762    65.1499    30.0
20230608.1000     0.4805     4.8549    63.9979    30.0
20230608.1100     0.4763     4.8028    63.6633    30.0
20230608.1200     0.4703     4.7649    63.4110    30.0
20230608.1300     0.4633     4.7304    63.0599    30.0
20230608.1400     0.4563     4.6967    62.6321    30.0
20230608.1500     0.4513     4.6326    62.6211    30.0
20230608.1600     0.4493     4.5397    63.4275    30.0
20230608.1700     0.4452     4.4642    64.2009    30.0
20230608.1800     0.4457     4.3571    66.6090    30.0
20230608.1900     0.4492     4.2347    70.3830    30.0
20230608.2000     0.4495     4.1343    73.5974    30.0
20230608.2100     0.4490     4.0496    77.0917    30.0
20230608.2200     0.4413     4.0243    79.5875    30.0
20230608.2300     0.4392     3.9601    81.5294    30.0
20230609.0000     0.4355     3.9084    82.8678    30.0
20230609.0100     0.4270     3.8894    83.2134    30.0
20230609.0200     0.4133     3.9036    82.4509    30.0
20230609.0300     0.3971     3.9389    80.7230    30.0
20230609.0400     0.3829     3.9639    78.7099    30.0
20230609.0500     0.3698     3.9840    76.6199    30.0
20230609.0600     0.3590     3.9914    74.1844    30.0
20230609.0700     0.3525     3.9638    71.3045    30.0
20230609.0800     0.3448     3.9548    69.0610    30.0
20230609.0900     0.3377     3.9524    67.1521    30.0
20230609.1000     0.3301     3.9612    63.9541    30.0
20230609.1100     0.3278     3.9369    63.1148    30.0
20230609.1200     0.3254     3.9260    62.4401    30.0
20230609.1300     0.3230     3.9187    61.8476    30.0
20230609.1400     0.3216     3.8938    61.4033    30.0
20230609.1500     0.3173     3.8978    60.9590    30.0
20230609.1600     0.3116     3.9121    60.6573    30.0
20230609.1700     0.3086     3.8801    61.1620    30.0
20230609.1800     0.3048     3.8666    62.5059    30.0
20230609.1900     0.3045     3.7922    64.1790    30.0
20230609.2000     0.3089     3.6920    69.1049    30.0
20230609.2100     0.3122     3.6156    73.7730    30.0
20230609.2200     0.3065     3.6163    77.7335    30.0
20230609.2300     0.3090     3.5363    79.6534    30.0
20230610.0000     0.3138     3.4523    83.2792    30.0
20230610.0100     0.3167     3.3889    86.7076    30.0
20230610.0200     0.3158     3.3585    89.3790    30.0
20230610.0300     0.3057     3.3873    89.3242    30.0
20230610.0400     0.2916     3.4317    87.5908    30.0
20230610.0500     0.2787     3.4692    85.2979    30.0
20230610.0600     0.2658     3.5209    83.0104    30.0
20230610.0700     0.2553     3.5563    80.7340    30.0
20230610.0800     0.2512     3.5174    75.6709    30.0
20230610.0900     0.2558     3.3898    67.7116    30.0
20230610.1000     0.2471     3.4273    58.8636    30.0
20230610.1100     0.2433     3.4073    57.7555    30.0
20230610.1200     0.2385     3.4064    57.5087    30.0
20230610.1300     0.2348     3.4032    57.5306    30.0
20230610.1400     0.2314     3.4119    57.6074    30.0
20230610.1500     0.2308     3.3963    58.2766    30.0
20230610.1600     0.2339     3.3431    59.6974    30.0
20230610.1700     0.2447     3.2360    65.1828    30.0
20230610.1800     0.2542     3.1734    70.6956    30.0
20230610.1900     0.2599     3.1568    74.6232    30.0
20230610.2000     0.2627     3.1539    77.0533    30.0
20230610.2100     0.2634     3.1643    77.7335    30.0
20230610.2200     0.2703     3.1450    83.9320    30.0
20230610.2300     0.2854     3.0778    86.8009    30.0
20230611.0000     0.3047     3.0224    91.7652    30.0
20230611.0100     0.3227     3.0012    96.1590    30.0
20230611.0200     0.3303     3.0279    97.7498    30.0
20230611.0300     0.3235     3.1025    96.1755    30.0
20230611.0400     0.3087     3.2080    92.8074    30.0
20230611.0500     0.2951     3.3074    89.2529    30.0
20230611.0600     0.2836     3.4035    85.7586    30.0
20230611.0700     0.2750     3.4822    82.4399    30.0
20230611.0800     0.2671     3.5672    79.5656    30.0
20230611.0900     0.2602     3.6510    77.2398    30.0
20230611.1000     0.2552     3.6837    70.6134    30.0
20230611.1100     0.2567     3.6862    68.2601    30.0
20230611.1200     0.2591     3.6858    67.5306    30.0
20230611.1300     0.2670     3.6527    67.9639    30.0
20230611.1400     0.2903     3.5177    72.3742    30.0
20230611.1500     0.3208     3.4237    78.8251    30.0
20230611.1600     0.3400     3.4342    81.0357    30.0
20230611.1700     0.3541     3.4975    81.2716    30.0
20230611.1800     0.3658     3.5846    81.0137    30.0
20230611.1900     0.3776     3.6603    81.2990    30.0
20230611.2000     0.3875     3.7328    81.8366    30.0
20230611.2100     0.3941     3.8104    81.9243    30.0
20230611.2200     0.3898     3.9537    80.6736    30.0
20230611.2300     0.3924     4.0260    79.1871    30.0
20230612.0000     0.4062     4.0269    80.0154    30.0
20230612.0100     0.4243     3.9990    81.3703    30.0
20230612.0200     0.4433     3.9742    82.3028    30.0
20230612.0300     0.4555     4.0016    81.6500    30.0
20230612.0400     0.4581     4.0882    79.4230    30.0
20230612.0500     0.4557     4.2118    76.5212    30.0
20230612.0600     0.4564     4.3163    73.3616    30.0
20230612.0700     0.4620     4.3797    70.0703    30.0
20230612.0800     0.4696     4.4285    67.4154    30.0
20230612.0900     0.4744     4.4939    66.0166    30.0
20230612.1000     0.4731     4.6003    64.9524    30.0
20230612.1100     0.4853     4.5707    64.6836    30.0
20230612.1200     0.5046     4.4852    64.6452    30.0
20230612.1300     0.5235     4.4188    65.3364    30.0
20230612.1400     0.5349     4.4046    66.2415    30.0
20230612.1500     0.5395     4.4264    66.9326    30.0
20230612.1600     0.5430     4.4293    68.2930    30.0
20230612.1700     0.5432     4.4277    69.5711    30.0
20230612.1800     0.5396     4.4364    70.4488    30.0
20230612.1900     0.5363     4.4313    71.3045    30.0
20230612.2000     0.5328     4.4234    71.9024    30.0
20230612.2100     0.5258     4.4303    72.1548    30.0
20230612.2200     0.5111     4.4900    71.7598    30.0
20230612.2300     0.5042     4.4835    71.5020    30.0
20230613.0000     0.5010     4.4486    71.6501    30.0
20230613.0100     0.5004     4.3978    72.1438    30.0
20230613.0200     0.5021     4.3412    72.9118    30.0
20230613.0300     0.5028     4.3079    73.3506    30.0
20230613.0400     0.4971     4.3355    72.7033    30.0
20230613.0500     0.4888     4.3886    71.4965    30.0
20230613.0600     0.4814     4.4411    70.1142    30.0
20230613.0700     0.4775     4.4725    68.7319    30.0
20230613.0800     0.4792     4.4668    67.4538    30.0
20230613.0900     0.4854     4.4439    66.5871    30.0
20230613.1000     0.4844     4.5099    65.7094    30.0
20230613.1100     0.5041     4.6100    65.1554    30.0
20230613.1200     0.5083     4.6052    64.5794    30.0
20230613.1300     0.5196     4.5599    64.0583    30.0
20230613.1400     0.5354     4.5019    63.8608    30.0
20230613.1500     0.5482     4.4772    64.0802    30.0
20230613.1600     0.5595     4.4521    64.8098    30.0
20230613.1700     0.5654     4.4457    65.4187    30.0
20230613.1800     0.5626     4.4818    65.5174    30.0
20230613.1900     0.5571     4.5115    65.8410    30.0
20230613.2000     0.5533     4.5106    66.5432    30.0
20230613.2100     0.5599     4.4304    68.8525    30.0
20230613.2200     0.5632     4.3823    70.6024    30.0
20230613.2300     0.5740     4.2970    72.7691    30.0
20230614.0000     0.5862     4.2118    75.0456    30.0
20230614.0100     0.5983     4.1385    77.6896    30.0
20230614.0200     0.5987     4.1166    79.5217    30.0
20230614.0300     0.5799     4.1751    79.0500    30.0
20230614.0400     0.5537     4.2667    77.3440    30.0
20230614.0500     0.5276     4.3630    75.4515    30.0
20230614.0600     0.5046     4.4497    73.6249    30.0
20230614.0700     0.4880     4.4936    71.5569    30.0
20230614.0800     0.4776     4.4951    69.3572    30.0
20230614.0900     0.4718     4.4753    67.7225    30.0
20230614.1000     0.4640     4.4901    65.5284    30.0
20230614.1100     0.4664     4.4330    64.7549    30.0
20230614.1200     0.4662     4.4133    64.2174    30.0
20230614.1300     0.4610     4.4390    63.5865    30.0
20230614.1400     0.4543     4.4664    63.0380    30.0
20230614.1500     0.4466     4.4910    62.6046    30.0
20230614.1600     0.4379     4.5089    62.3413    30.0
20230614.1700     0.4284     4.5193    62.1932    30.0
20230614.1800     0.4239     4.4483    62.8954    30.0
20230614.1900     0.4177     4.4048    64.2941    30.0
20230614.2000     0.4118     4.3511    66.0934    30.0
20230614.2100     0.4016     4.3388    66.9326    30.0
20230614.2200     0.3851     4.3916    67.7335    30.0
20230614.2300     0.3756     4.3652    67.6677    30.0
20230615.0000     0.3730     4.3179    68.2656    30.0
20230615.0100     0.3838     4.1588    72.0176    30.0
20230615.0200     0.3963     3.9977    75.1827    30.0
20230615.0300     0.4028     3.9048    76.6035    30.0
20230615.0400     0.3998     3.8917    76.5541    30.0
20230615.0500     0.3919     3.9114    75.4735    30.0
20230615.0600     0.3819     3.9454    73.9156    30.0
20230615.0700     0.3716     3.9790    72.0286    30.0
20230615.0800     0.3642     3.9829    69.8235    30.0
20230615.0900     0.3624     3.9349    67.2234    30.0
20230615.1000     0.3573     3.9153    63.3123    30.0
20230615.1100     0.3627     3.8208    62.5224    30.0
20230615.1200     0.3734     3.7088    62.0177    30.0
20230615.1300     0.3812     3.6455    61.7379    30.0
20230615.1400     0.3834     3.6294    61.5679    30.0
20230615.1500     0.3841     3.6217    61.5405    30.0
20230615.1600     0.3823     3.6275    61.6118    30.0
20230615.1700     0.3795     3.6319    61.8038    30.0
20230615.1800     0.3771     3.6265    62.1603    30.0
20230615.1900     0.3746     3.6132    62.8460    30.0
20230615.2000     0.3752     3.5736    65.1224    30.0
20230615.2100     0.3793     3.5160    69.1104    30.0
20230615.2200     0.3690     3.5337    69.9496    30.0
20230615.2300     0.3705     3.4787    72.2206    30.0
20230616.0000     0.3793     3.3970    74.9030    30.0
20230616.0100     0.3925     3.3210    77.5360    30.0
20230616.0200     0.3931     3.3207    77.7993    30.0
20230616.0300     0.3798     3.3808    76.0165    30.0
20230616.0400     0.3643     3.4460    73.5700    30.0
20230616.0500     0.3520     3.4861    70.7395    30.0
20230616.0600     0.3442     3.4962    67.1466    30.0
20230616.0700     0.3362     3.5053    64.6946    30.0
20230616.0800     0.3272     3.5251    63.4439    30.0
20230616.0900     0.3165     3.5682    62.6650    30.0
20230616.1000     0.2989     3.6720    61.2881    30.0
20230616.1100     0.4160     4.3364    59.2201    30.0
20230616.1200     0.3987     4.2462    58.4412    30.0
20230616.1300     0.3828     4.1501    56.8011    30.0
20230616.1400     0.3686     4.0549    55.1774    30.0
20230616.1500     0.3527     4.0097    54.3655    30.0
20230616.1600     0.3379     3.9914    54.0419    30.0
20230616.1700     0.3340     3.8598    55.8301    30.0
20230616.1800     0.3402     3.6865    63.2245    30.0
20230616.1900     0.3618     3.4842    73.0928    30.0
20230616.2000     0.3909     3.3118    81.4416    30.0
20230616.2100     0.4196     3.2157    87.5414    30.0
20230616.2200     0.4445     3.1772    92.5496    30.0
20230616.2300     0.4717     3.1571    93.2188    30.0
20230617.0000     0.5069     3.1558    92.0614    30.0
20230617.0100     0.5277     3.1892    89.9934    30.0
20230617.0200     0.5309     3.2314    88.1009    30.0
20230617.0300     0.5157     3.2918    85.3747    30.0
20230617.0400     0.4903     3.3670    81.9901    30.0
20230617.0500     0.4654     3.4404    78.1723    30.0
20230617.0600     0.4465     3.5000    74.1295    30.0
20230617.0700     0.4345     3.5514    70.5037    30.0
20230617.0800     0.4286     3.5936    67.6896    30.0
20230617.0900     0.4299     3.6141    65.6052    30.0
20230617.1000     0.4312     3.6457    63.2684    30.0
20230617.1100     0.4327     3.6855    62.1603    30.0
20230617.1200     0.4349     3.7193    61.4308    30.0
20230617.1300     0.4416     3.7193    61.2059    30.0
20230617.1400     0.4440     3.7416    61.2004    30.0
20230617.1500     0.4384     3.8017    60.9151    30.0
20230617.1600     0.4291     3.8707    60.6573    30.0
20230617.1700     0.4208     3.9183    60.7670    30.0
20230617.1800     0.4129     3.9503    61.0413    30.0
20230617.1900     0.4062     3.9654    61.8696    30.0
20230617.2000     0.3987     3.9780    62.4949    30.0
20230617.2100     0.3935     3.9623    63.6524    30.0
20230617.2200     0.3929     3.9120    66.4170    30.0
20230617.2300     0.4081     3.7739    69.9057    30.0
20230618.0000     0.4325     3.6510    73.1696    30.0
20230618.0100     0.4546     3.5726    74.8152    30.0
20230618.0200     0.4686     3.5465    74.8481    30.0
20230618.0300     0.4699     3.5668    73.5536    30.0
20230618.0400     0.4667     3.5956    71.6830    30.0
20230618.0500     0.4652     3.6077    69.3133    30.0
20230618.0600     0.4731     3.5812    66.3896    30.0
20230618.0700     0.4984     3.5194    63.3452    30.0
20230618.0800     0.5405     3.4719    61.0632    30.0
20230618.0900     0.5772     3.4803    60.2459    30.0
20230618.1000     0.5695     3.5513    60.1143    30.0
20230618.1100     0.5640     3.5793    60.6573    30.0
20230618.1200     0.5518     3.6011    61.1400    30.0
20230618.1300     0.5393     3.6053    61.6941    30.0
20230618.1400     0.5272     3.5973    62.1713    30.0
20230618.1500     0.5151     3.5878    62.2481    30.0
20230618.1600     0.5009     3.5802    62.5717    30.0
20230618.1700     0.4831     3.5828    62.8350    30.0
20230618.1800     0.4631     3.5907    62.9228    30.0
20230618.1900     0.4423     3.5970    63.2739    30.0
20230618.2000     0.4232     3.5907    64.1954    30.0
20230618.2100     0.4087     3.5606    66.0714    30.0
20230618.2200     0.4029     3.4818    70.7779    30.0
20230618.2300     0.3903     3.4576    72.3577    30.0
20230619.0000     0.3721     3.4672    72.4236    30.0
20230619.0100     0.3560     3.4633    72.3468    30.0
20230619.0200     0.3423     3.4480    72.4181    30.0
20230619.0300     0.3285     3.4401    72.1219    30.0
20230619.0400     0.3134     3.4505    71.2497    30.0
20230619.0500     0.2986     3.4672    70.0100    30.0
20230619.0600     0.2855     3.4746    68.5179    30.0
20230619.0700     0.2790     3.4169    65.4680    30.0
20230619.0800     0.2713     3.3945    62.8844    30.0
20230619.0900     0.2614     3.3894    62.2536    30.0
20230619.1000     0.2433     3.4649    59.6974    30.0
20230619.1100     0.2368     3.4403    59.6974    30.0
20230619.1200     0.2276     3.4701    59.6974    30.0
20230619.1300     0.2195     3.4906    59.7632    30.0
20230619.1400     0.2124     3.5048    59.8948    30.0
20230619.1500     0.2066     3.4937    60.3117    30.0
20230619.1600     0.2075     3.3855    62.0232    30.0
20230619.1700     0.2202     3.1452    69.2914    30.0
20230619.1800     0.2157     3.1330    69.8125    30.0
20230619.1900     0.2094     3.1473    69.8125    30.0
20230619.2000     0.2032     3.1626    69.5821    30.0
20230619.2100     0.2131     3.0034    75.7313    30.0
20230619.2200     0.1977     3.0994    79.9221    30.0
20230619.2300     0.2009     3.0411    82.0999    30.0
20230620.0000     0.1984     3.0227    82.5332    30.0
20230620.0100     0.1970     2.9888    81.7323    30.0
20230620.0200     0.1986     2.9508    82.8898    30.0
20230620.0300     0.1946     2.9417    81.6555    30.0
20230620.0400     0.1905     2.9440    79.8673    30.0
20230620.0500     0.1884     2.9073    77.2343    30.0
20230620.0600     0.1900     2.8526    73.3561    30.0
20230620.0700     0.1966     2.7863    65.5009    30.0
20230620.0800     0.1991     2.7618    62.0122    30.0
20230620.0900     0.1969     2.7612    62.4510    30.0
20230620.1000     0.1904     2.7581    66.3622    30.0
20230620.1100     0.1892     2.7648    66.1976    30.0
20230620.1200     0.1910     2.7684    65.7588    30.0
20230620.1300     0.2104     2.7117    69.3682    30.0
20230620.1400     0.2364     2.6764    71.0357    30.0
20230620.1500     0.2577     2.6913    69.8838    30.0
20230620.1600     0.2732     2.7464    68.7044    30.0
20230620.1700     0.2926     2.7886    70.0264    30.0
20230620.1800     0.3106     2.8349    71.7598    30.0
20230620.1900     0.3275     2.8724    74.1131    30.0
20230620.2000     0.3470     2.8988    79.3133    30.0
20230620.2100     0.3692     2.9157    86.5540    30.0
20230620.2200     0.3725     2.9644    89.0389    30.0
20230620.2300     0.4250     3.1829    91.2441    30.0
20230621.0000     0.4254     3.2311    90.4761    30.0
20230621.0100     0.4175     3.2894    89.3516    30.0
20230621.0200     0.4050     3.3439    88.1558    30.0
20230621.0300     0.3883     3.4038    86.3291    30.0
20230621.0400     0.3701     3.4617    83.8278    30.0
20230621.0500     0.3517     3.5268    81.1180    30.0
20230621.0600     0.3344     3.5949    78.4850    30.0
20230621.0700     0.3214     3.6262    75.8190    30.0
20230621.0800     0.3204     3.5500    69.9057    30.0
20230621.0900     0.3137     3.5480    66.6200    30.0
20230621.1000     0.3036     3.5927    61.4143    30.0
20230621.1100     0.3035     3.5611    59.6809    30.0
20230621.1200     0.3054     3.5293    59.1324    30.0
20230621.1300     0.3060     3.5253    59.3189    30.0
20230621.1400     0.3081     3.5166    60.3117    30.0
20230621.1500     0.3110     3.5090    61.3101    30.0
20230621.1600     0.3263     3.4296    63.9924    30.0
20230621.1700     0.3497     3.3403    66.1098    30.0
20230621.1800     0.3726     3.2948    66.8833    30.0
20230621.1900     0.3909     3.2997    67.6073    30.0
20230621.2000     0.4034     3.3257    68.7428    30.0
20230621.2100     0.4100     3.3643    70.3062    30.0
20230621.2200     0.4071     3.4320    71.5185    30.0
20230621.2300     0.4100     3.4544    72.8020    30.0
20230622.0000     0.4124     3.4711    73.8223    30.0
20230622.0100     0.4154     3.4864    74.4422    30.0
20230622.0200     0.4164     3.5165    74.2996    30.0
20230622.0300     0.4130     3.5699    73.1531    30.0
20230622.0400     0.4065     3.6391    71.4307    30.0
20230622.0500     0.3970     3.7254    69.1872    30.0
20230622.0600     0.3873     3.8150    66.9436    30.0
20230622.0700     0.3822     3.8584    64.3161    30.0
20230622.0800     0.3802     3.8792    61.0029    30.0
20230622.0900     0.3792     3.8894    58.2437    30.0
20230622.1000     0.3740     3.9322    56.0934    30.0
20230622.1100     0.3756     3.9151    55.3255    30.0
20230622.1200     0.3761     3.9302    55.2377    30.0
20230622.1300     0.3761     3.9434    55.3913    30.0
20230622.1400     0.3756     3.9563    55.6546    30.0
20230622.1500     0.3754     3.9624    55.8740    30.0
20230622.1600     0.3748     3.9636    56.1373    30.0
20230622.1700     0.3771     3.9291    57.4922    30.0
20230622.1800     0.3818     3.8760    59.8126    30.0
20230622.1900     0.3872     3.8068    62.6101    30.0
20230622.2000     0.3904     3.7549    64.7604    30.0
20230622.2100     0.3878     3.7427    65.5613    30.0
20230622.2200     0.3784     3.7845    65.7752    30.0
20230622.2300     0.3738     3.7832    65.4461    30.0
20230623.0000     0.3714     3.7603    65.6984    30.0
20230623.0100     0.3732     3.7044    66.7900    30.0
20230623.0200     0.3774     3.6425    68.1394    30.0
20230623.0300     0.3756     3.6340    68.1010    30.0
20230623.0400     0.3669     3.6724    66.9601    30.0
20230623.0500     0.3559     3.7269    65.6490    30.0
20230623.0600     0.3444     3.7832    64.5191    30.0
20230623.0700     0.3339     3.8304    63.6085    30.0
20230623.0800     0.3244     3.8593    63.0270    30.0
20230623.0900     0.3147     3.8955    62.6759    30.0
20230623.1000     0.2993     3.9852    61.7654    30.0
20230623.1100     0.2921     3.9903    61.7105    30.0
20230623.1200     0.2850     3.9944    61.7160    30.0
20230623.1300     0.2783     3.9922    61.7654    30.0
20230623.1400     0.2722     3.9799    61.8696    30.0
20230623.1500     0.2664     3.9685    61.9628    30.0
20230623.1600     0.2603     3.9578    62.0451    30.0
20230623.1700     0.2547     3.9395    62.1823    30.0
20230623.1800     0.2611     3.7254    64.9305    30.0
20230623.1900     0.2603     3.6507    67.1959    30.0
20230623.2000     0.2580     3.5984    69.0994    30.0
20230623.2100     0.2553     3.5531    70.8821    30.0
20230623.2200     0.2485     3.5622    74.7823    30.0
20230623.2300     0.2568     3.5506    76.9655    30.0
20230624.0000     0.2611     3.4717    79.3846    30.0
20230624.0100     0.2594     3.4410    80.2897    30.0
20230624.0200     0.2559     3.4254    80.7450    30.0
20230624.0300     0.2500     3.4267    79.8179    30.0
20230624.0400     0.2452     3.4145    77.9364    30.0
20230624.0500     0.2383     3.4449    75.8355    30.0
20230624.0600     0.2339     3.4451    73.6523    30.0
20230624.0700     0.2345     3.3858    69.7467    30.0
20230624.0800     0.2393     3.2995    64.1076    30.0
20230624.0900     0.2409     3.2686    60.7122    30.0
20230624.1000     0.2514     3.1963    52.0616    30.0
20230624.1100     0.2696     3.0898    52.7967    30.0
20230624.1200     0.2838     3.0440    54.2448    30.0
20230624.1300     0.2917     3.0504    55.2761    30.0
20230624.1400     0.2931     3.0973    56.3074    30.0
20230624.1500     0.2921     3.1448    57.2673    30.0
20230624.1600     0.2911     3.1790    58.6387    30.0
20230624.1700     0.2897     3.2017    60.0539    30.0
20230624.1800     0.2872     3.2199    61.2442    30.0
20230624.1900     0.2872     3.2181    64.0967    30.0
20230624.2000     0.2857     3.2221    66.5322    30.0
20230624.2100     0.2814     3.2329    68.1065    30.0
20230624.2200     0.2757     3.2630    73.8717    30.0
20230624.2300     0.2702     3.2736    74.4696    30.0
20230625.0000     0.2651     3.2787    75.0182    30.0
20230625.0100     0.2617     3.2666    75.9123    30.0
20230625.0200     0.2607     3.2418    77.9638    30.0
20230625.0300     0.2575     3.2263    78.9073    30.0
20230625.0400     0.2523     3.2298    78.2875    30.0
20230625.0500     0.2469     3.2468    76.4005    30.0
20230625.0600     0.2445     3.2527    73.4109    30.0
20230625.0700     0.2532     3.1612    66.4938    30.0
20230625.0800     0.2684     3.0916    58.6058    30.0
20230625.0900     0.2821     3.0408    55.4132    30.0
20230625.1000     0.2926     3.0289    53.7347    30.0
20230625.1100     0.3013     3.0420    55.1829    30.0
20230625.1200     0.3025     3.0895    57.3551    30.0
20230625.1300     0.2995     3.1418    59.1269    30.0
20230625.1400     0.2938     3.2027    59.6809    30.0
20230625.1500     0.2867     3.2709    59.7522    30.0
20230625.1600     0.2795     3.3331    59.7687    30.0
20230625.1700     0.2749     3.3563    60.4543    30.0
20230625.1800     0.2710     3.3592    61.0413    30.0
20230625.1900     0.2640     3.3964    61.2662    30.0
20230625.2000     0.2565     3.4365    61.3320    30.0
20230625.2100     0.2493     3.4723    61.3978    30.0
20230625.2200     0.2262     3.7280    61.1949    30.0
20230625.2300     0.2236     3.6860    61.7599    30.0
20230626.0000     0.2229     3.6324    64.1406    30.0
20230626.0100     0.2244     3.5357    66.2854    30.0
20230626.0200     0.2248     3.4590    68.9403    30.0
20230626.0300     0.2199     3.4551    69.3078    30.0
20230626.0400     0.2147     3.4531    68.5728    30.0
20230626.0500     0.2093     3.4638    67.8213    30.0
20230626.0600     0.2095     3.4056    65.7313    30.0
20230626.0700     0.2076     3.3989    61.4966    30.0
20230626.0800     0.2082     3.3235    59.2092    30.0
20230626.0900     0.2103     3.2554    54.4752    30.0
20230626.1000     0.1919     3.4078    51.6009    30.0
20230626.1100     0.1855     3.4461    52.9942    30.0
20230626.1200     0.1806     3.4584    54.7495    30.0
20230626.1300     0.1762     3.4674    56.5926    30.0
20230626.1400     0.1785     3.3998    64.0363    30.0
20230626.1500     0.1920     3.1637    78.2326    30.0
20230626.1600     0.1884     3.1777    80.9644    30.0
20230626.1700     0.1836     3.2009    81.7652    30.0
20230626.1800     0.1830     3.1819    83.3615    30.0
20230626.1900     0.1880     3.1200    87.0751    30.0
20230626.2000     0.1923     3.0983    90.6078    30.0
20230626.2100     0.2020     3.0424    95.3581    30.0
20230626.2200     0.1948     3.1506   100.0701    30.0
20230626.2300     0.2036     3.0964   101.8748    30.0
20230627.0000     0.2172     3.0276   105.4678    30.0
20230627.0100     0.2266     2.9898   108.3257    30.0
20230627.0200     0.2318     2.9662   111.1781    30.0
20230627.0300     0.2288     2.9645   112.2697    30.0
20230627.0400     0.2222     2.9619   112.7360    30.0
20230627.0500     0.2139     2.9640   110.4705    30.0
20230627.0600     0.2042     2.9833   109.3131    30.0
20230627.0700     0.1960     2.9837   107.7387    30.0
20230627.0800     0.1888     2.9589   105.4568    30.0
20230627.0900     0.1805     2.9659   103.1749    30.0
20230627.1000     0.1553     3.1530   101.4470    30.0
20230627.1100     0.1625     2.9350   101.9352    30.0
20230627.1200     0.1656     2.8364   103.8551    30.0
20230627.1300     0.1657     2.7872   101.8968    30.0
20230627.1400     0.1736     2.7192   105.2813    30.0
20230627.1500     0.1872     2.6343   111.8419    30.0
20230627.1600     0.2034     2.6257   118.3915    30.0
20230627.1700     0.2202     2.6027   122.8127    30.0
20230627.1800     0.2324     2.5916   125.2153    30.0
20230627.1900     0.2476     2.5873   128.8961    30.0
20230627.2000     0.2640     2.6062   130.0699    30.0
20230627.2100     0.2824     2.6319   129.5269    30.0
20230627.2200     0.3090     2.6646   126.2411    30.0
20230627.2300     0.3423     2.7130   125.6761    30.0
20230628.0000     0.3694     2.7681   126.2576    30.0
20230628.0100     0.3848     2.8221   126.5757    30.0
20230628.0200     0.3854     2.8683   126.1753    30.0
20230628.0300     0.3696     2.9117   125.1934    30.0
20230628.0400     0.3447     2.9504   123.6410    30.0
20230628.0500     0.3165     3.0010   120.9861    30.0
20230628.0600     0.2930     3.0407   117.5248    30.0
20230628.0700     0.2735     3.0643   114.4803    30.0
20230628.0800     0.2648     3.0133   108.1447    30.0
20230628.0900     0.2561     2.9929    99.5545    30.0
20230628.1000     0.2332     3.0950    89.6423    30.0
20230628.1100     0.2276     3.1001    82.4070    30.0
20230628.1200     0.2254     3.1030    76.0549    30.0
20230628.1300     0.2245     3.1178    71.1619    30.0
20230628.1400     0.2311     3.0974    70.8547    30.0
20230628.1500     0.2426     3.0655    73.6194    30.0
20230628.1600     0.2534     3.0513    77.0752    30.0
20230628.1700     0.2612     3.0611    80.2732    30.0
20230628.1800     0.2739     3.0511    86.1700    30.0
20230628.1900     0.2824     3.0576    90.4761    30.0
20230628.2000     0.2848     3.1038    92.6264    30.0
20230628.2100     0.2849     3.1536    93.6686    30.0
20230628.2200     0.2858     3.1998    97.6456    30.0
20230628.2300     0.2939     3.1874    99.3625    30.0
20230629.0000     0.3060     3.1475   102.3246    30.0
20230629.0100     0.3188     3.1244   105.8737    30.0
20230629.0200     0.3223     3.1289   107.8046    30.0
20230629.0300     0.3147     3.1597   108.3312    30.0
20230629.0400     0.3008     3.2016   107.9362    30.0
20230629.0500     0.2837     3.2456   106.3235    30.0
20230629.0600     0.2675     3.2956   104.3213    30.0
20230629.0700     0.2544     3.3175   101.6883    30.0
20230629.0800     0.2419     3.3496    98.8249    30.0
20230629.0900     0.2305     3.3845    95.8463    30.0
20230629.1000     0.2085     3.5205    89.0883    30.0
20230629.1100     0.2021     3.5147    85.3198    30.0
20230629.1200     0.1958     3.5281    81.8914    30.0
20230629.1300     0.1903     3.5487    78.9567    30.0
20230629.1400     0.1852     3.5698    76.5047    30.0
20230629.1500     0.1873     3.4828    76.4169    30.0
20230629.1600     0.2006     3.2789    80.8656    30.0
20230629.1700     0.2087     3.2179    85.5557    30.0
20230629.1800     0.2155     3.1741    89.6094    30.0
20230629.1900     0.2265     3.1131    95.0729    30.0
20230629.2000     0.2361     3.0721   101.8968    30.0
20230629.2100     0.2449     3.0475   106.3290    30.0
20230629.2200     0.2508     3.0474   109.8397    30.0
20230629.2300     0.2682     2.9851   113.1803    30.0
20230630.0000     0.2813     2.9649   114.4529    30.0
20230630.0100     0.2936     2.9540   115.2593    30.0
20230630.0200     0.2964     2.9684   115.2648    30.0
20230630.0300     0.2884     3.0066   113.8769    30.0
20230630.0400     0.2766     3.0382   111.2055    30.0
20230630.0500     0.2637     3.0862   108.0898    30.0
20230630.0600     0.2511     3.1392   105.0235    30.0
20230630.0700     0.2406     3.1819   102.0284    30.0
20230630.0800     0.2352     3.1663    95.9176    30.0
20230630.0900     0.2363     3.0830    86.5266    30.0
20230630.1000     0.2132     3.2268    76.7790    30.0
20230630.1100     0.2082     3.2341    73.2299    30.0
20230630.1200     0.2041     3.2403    70.2788    30.0
20230630.1300     0.2000     3.2585    68.1559    30.0
20230630.1400     0.1966     3.2731    66.8723    30.0
20230630.1500     0.1947     3.2753    66.2799    30.0
20230630.1600     0.1959     3.2644    69.3078    30.0
20230630.1700     0.1997     3.2594    73.6468    30.0
20230630.1800     0.2124     3.1220    80.0483    30.0
20230630.1900     0.2232     3.0756    88.2216    30.0
20230630.2000     0.2384     3.0262    97.2890    30.0
20230630.2100     0.2498     3.0037   103.5424    30.0
20230630.2200     0.2486     3.0602   106.7459    30.0
20230630.2300     0.2659     3.0113   110.8161    30.0
