TPAR
20230501.0000     0.2022     2.8116    61.7873    30.0
20230501.0100     0.2014     2.8215    62.6430    30.0
20230501.0200     0.2101     2.7603    53.6689    30.0
20230501.0300     0.2311     2.6905    10.7893    30.0
20230501.0400     0.2478     2.6754   333.1844    30.0
20230501.0500     0.2447     2.7118   327.7977    30.0
20230501.0600     0.2396     2.7487   329.0045    30.0
20230501.0700     0.2362     2.7700   328.5437    30.0
20230501.0800     0.2334     2.7837   328.1927    30.0
20230501.0900     0.2317     2.7826   327.2985    30.0
20230501.1000     0.2276     2.7839   293.4150    30.0
20230501.1100     0.2297     2.7668   279.2297    30.0
20230501.1200     0.2308     2.7497   264.0022    30.0
20230501.1300     0.2310     2.7379   245.0281    30.0
20230501.1400     0.2292     2.7371   230.1242    30.0
20230501.1500     0.2233     2.7776   222.6585    30.0
20230501.1600     0.2182     2.8107   215.1105    30.0
20230501.1700     0.2148     2.8307   186.3285    30.0
20230501.1800     0.2125     2.8364   169.8558    30.0
20230501.1900     0.2087     2.8599   160.6402    30.0
20230501.2000     0.2050     2.8869   153.9096    30.0
20230501.2100     0.2019     2.9092   147.8263    30.0
20230501.2200     0.1762     3.1184   138.4572    30.0
20230501.2300     0.1755     3.1148   131.9569    30.0
20230502.0000     0.1752     3.1081   126.4331    30.0
20230502.0100     0.1777     3.0564   123.3448    30.0
20230502.0200     0.1838     2.9721   123.0157    30.0
20230502.0300     0.1839     2.9609   119.6586    30.0
20230502.0400     0.1836     2.9559   116.8007    30.0
20230502.0500     0.1834     2.9513   114.2719    30.0
20230502.0600     0.1836     2.9423   111.9296    30.0
20230502.0700     0.1835     2.9389   110.0536    30.0
20230502.0800     0.1891     2.8642   107.0147    30.0
20230502.0900     0.2059     2.7621    99.7904    30.0
20230502.1000     0.1943     2.8155    99.9769    30.0
20230502.1100     0.1945     2.8207    99.3241    30.0
20230502.1200     0.1973     2.8151    98.7701    30.0
20230502.1300     0.2130     2.7546    96.5540    30.0
20230502.1400     0.2309     2.7103    95.0126    30.0
20230502.1500     0.2424     2.6984    94.8480    30.0
20230502.1600     0.2428     2.7378    94.5518    30.0
20230502.1700     0.2393     2.7828    94.7273    30.0
20230502.1800     0.2396     2.7960    95.2484    30.0
20230502.1900     0.2410     2.8048    95.4569    30.0
20230502.2000     0.2409     2.8197    95.6269    30.0
20230502.2100     0.2416     2.8300    96.7295    30.0
20230502.2200     0.2358     2.8340    98.4190    30.0
20230502.2300     0.2434     2.8063   100.9862    30.0
20230503.0000     0.2586     2.7673   104.5133    30.0
20230503.0100     0.2718     2.7562   106.4826    30.0
20230503.0200     0.2872     2.7523   107.8485    30.0
20230503.0300     0.3024     2.7654   108.5670    30.0
20230503.0400     0.3031     2.8223   108.6109    30.0
20230503.0500     0.2980     2.8845   108.5177    30.0
20230503.0600     0.2939     2.9331   108.3421    30.0
20230503.0700     0.2915     2.9688   108.0898    30.0
20230503.0800     0.2922     2.9917   107.5961    30.0
20230503.0900     0.2990     2.9866   106.6252    30.0
20230503.1000     0.3005     2.9918   104.1897    30.0
20230503.1100     0.3133     2.9664   102.6318    30.0
20230503.1200     0.3193     2.9829   101.2495    30.0
20230503.1300     0.3272     2.9895   100.0866    30.0
20230503.1400     0.3376     2.9890    99.2034    30.0
20230503.1500     0.3392     3.0298    98.5891    30.0
20230503.1600     0.3328     3.1015    98.7920    30.0
20230503.1700     0.3246     3.1794    99.5490    30.0
20230503.1800     0.3181     3.2470   100.1908    30.0
20230503.1900     0.3131     3.3047   100.7229    30.0
20230503.2000     0.3130     3.3233   101.9626    30.0
20230503.2100     0.3171     3.3049   104.3707    30.0
20230503.2200     0.3240     3.2837   108.9236    30.0
20230503.2300     0.3951     3.4945   112.8786    30.0
20230504.0000     0.3970     3.4873   113.4875    30.0
20230504.0100     0.3947     3.5082   113.6246    30.0
20230504.0200     0.3898     3.5428   113.4271    30.0
20230504.0300     0.3829     3.5913   112.8731    30.0
20230504.0400     0.3761     3.6380   112.2368    30.0
20230504.0500     0.3700     3.6806   111.6115    30.0
20230504.0600     0.3659     3.7062   110.7557    30.0
20230504.0700     0.3610     3.7436   110.0646    30.0
20230504.0800     0.3564     3.7832   109.6038    30.0
20230504.0900     0.3521     3.8254   109.1430    30.0
20230504.1000     0.3400     3.9405   108.3367    30.0
20230504.1100     0.3377     3.9761   107.9582    30.0
20230504.1200     0.3367     3.9982   107.5029    30.0
20230504.1300     0.3417     3.9515   106.7020    30.0
20230504.1400     0.3416     3.9738   106.4881    30.0
20230504.1500     0.3412     4.0048   106.2961    30.0
20230504.1600     0.3448     3.9934   105.9286    30.0
20230504.1700     0.3472     3.9950   106.2248    30.0
20230504.1800     0.3530     3.9609   107.8869    30.0
20230504.1900     0.3635     3.8946   111.0958    30.0
20230504.2000     0.3735     3.8392   114.4913    30.0
20230504.2100     0.3802     3.8148   116.9817    30.0
20230504.2200     0.3788     3.8488   117.8100    30.0
20230504.2300     0.3771     3.8921   117.4589    30.0
20230505.0000     0.3774     3.9123   117.0749    30.0
20230505.0100     0.3768     3.9345   116.5703    30.0
20230505.0200     0.3772     3.9459   116.1424    30.0
20230505.0300     0.3762     3.9673   115.7146    30.0
20230505.0400     0.3740     3.9977   115.1167    30.0
20230505.0500     0.3716     4.0290   114.4419    30.0
20230505.0600     0.3700     4.0464   113.6411    30.0
20230505.0700     0.3665     4.0856   113.0048    30.0
20230505.0800     0.3640     4.1088   112.4398    30.0
20230505.0900     0.3625     4.1200   111.9735    30.0
20230505.1000     0.3544     4.1861   111.1397    30.0
20230505.1100     0.3524     4.2048   110.6570    30.0
20230505.1200     0.3524     4.1949   110.2895    30.0
20230505.1300     0.3513     4.1996   109.8452    30.0
20230505.1400     0.3511     4.1956   109.3734    30.0
20230505.1500     0.3503     4.1990   109.0498    30.0
20230505.1600     0.3530     4.1512   109.4283    30.0
20230505.1700     0.3543     4.1324   110.0536    30.0
20230505.1800     0.3543     4.1289   110.3059    30.0
20230505.1900     0.3536     4.1327   110.1578    30.0
20230505.2000     0.3538     4.1239   110.0042    30.0
20230505.2100     0.3544     4.1173   110.1085    30.0
20230505.2200     0.3511     4.1359   110.2127    30.0
20230505.2300     0.3527     4.1183   110.6625    30.0
20230506.0000     0.3588     4.0613   112.3355    30.0
20230506.0100     0.3651     4.0044   114.2116    30.0
20230506.0200     0.3753     3.9230   116.6635    30.0
20230506.0300     0.3834     3.8703   117.8155    30.0
20230506.0400     0.3847     3.8795   117.8045    30.0
20230506.0500     0.3828     3.9114   117.5357    30.0
20230506.0600     0.3809     3.9333   117.3547    30.0
20230506.0700     0.3807     3.9378   117.5193    30.0
20230506.0800     0.3823     3.9242   117.8155    30.0
20230506.0900     0.3843     3.9032   118.2379    30.0
20230506.1000     0.3806     3.9126   118.1007    30.0
20230506.1100     0.3817     3.9007   118.3860    30.0
20230506.1200     0.3849     3.8728   118.6054    30.0
20230506.1300     0.3876     3.8479   118.2653    30.0
20230506.1400     0.3910     3.8192   117.7606    30.0
20230506.1500     0.3902     3.8244   117.2231    30.0
20230506.1600     0.3857     3.8562   116.7019    30.0
20230506.1700     0.3812     3.8858   116.2357    30.0
20230506.1800     0.3767     3.9124   115.7475    30.0
20230506.1900     0.3728     3.9273   115.2702    30.0
20230506.2000     0.3699     3.9350   114.9685    30.0
20230506.2100     0.3675     3.9337   114.9027    30.0
20230506.2200     0.3609     3.9472   115.0179    30.0
20230506.2300     0.3660     3.9421   115.5774    30.0
20230507.0000     0.3669     3.8896   116.5867    30.0
20230507.0100     0.3666     3.8567   117.0640    30.0
20230507.0200     0.3662     3.8273   117.3328    30.0
20230507.0300     0.3638     3.8216   117.0914    30.0
20230507.0400     0.3595     3.8372   116.4057    30.0
20230507.0500     0.3547     3.8580   115.6213    30.0
20230507.0600     0.3501     3.8782   114.7766    30.0
20230507.0700     0.3466     3.8895   113.8550    30.0
20230507.0800     0.3419     3.9185   112.8128    30.0
20230507.0900     0.3377     3.9406   111.8309    30.0
20230507.1000     0.3259     4.0288   110.0536    30.0
20230507.1100     0.3236     4.0348   109.1979    30.0
20230507.1200     0.3228     4.0227   108.5122    30.0
20230507.1300     0.3215     4.0192   107.9362    30.0
20230507.1400     0.3245     3.9645   108.4354    30.0
20230507.1500     0.3261     3.9317   108.8084    30.0
20230507.1600     0.3265     3.9202   109.0553    30.0
20230507.1700     0.3289     3.8921   109.7848    30.0
20230507.1800     0.3335     3.8551   112.2423    30.0
20230507.1900     0.3410     3.8044   115.9614    30.0
20230507.2000     0.3524     3.7361   121.0903    30.0
20230507.2100     0.3663     3.6773   126.4112    30.0
20230507.2200     0.3844     3.6150   137.9525    30.0
20230507.2300     0.3981     3.6225   145.9338    30.0
20230508.0000     0.4085     3.6714   151.9568    30.0
20230508.0100     0.4198     3.7242   158.0182    30.0
20230508.0200     0.4311     3.7859   164.7159    30.0
20230508.0300     0.4430     3.8431   171.8470    30.0
20230508.0400     0.4527     3.9112   179.0877    30.0
20230508.0500     0.4619     3.9748   185.0559    30.0
20230508.0600     0.4684     4.0406   190.8430    30.0
20230508.0700     0.4728     4.1016   195.6866    30.0
20230508.0800     0.4755     4.1499   199.3728    30.0
20230508.0900     0.4756     4.1942   201.8961    30.0
20230508.1000     0.4655     4.3022   203.7118    30.0
20230508.1100     0.4644     4.3081   204.3481    30.0
20230508.1200     0.4620     4.3045   204.0793    30.0
20230508.1300     0.4620     4.2501   202.0497    30.0
20230508.1400     0.4566     4.2336   199.8556    30.0
20230508.1500     0.4494     4.2260   197.2171    30.0
20230508.1600     0.4411     4.2180   193.8380    30.0
20230508.1700     0.4350     4.1786   189.5046    30.0
20230508.1800     0.4292     4.1376   184.8200    30.0
20230508.1900     0.4226     4.1035   180.1464    30.0
20230508.2000     0.4160     4.0732   175.0011    30.0
20230508.2100     0.4095     4.0440   169.5870    30.0
20230508.2200     0.3977     4.0527   164.0796    30.0
20230508.2300     0.3915     4.0414   159.2360    30.0
20230509.0000     0.3862     4.0290   154.9464    30.0
20230509.0100     0.3811     4.0251   151.0462    30.0
20230509.0200     0.3764     4.0242   147.6836    30.0
20230509.0300     0.3742     4.0031   145.2646    30.0
20230509.0400     0.3709     4.0012   143.1472    30.0
20230509.0500     0.3687     3.9956   141.5893    30.0
20230509.0600     0.3669     3.9856   139.1757    30.0
20230509.0700     0.3683     3.9399   136.2630    30.0
20230509.0800     0.3733     3.8757   132.0666    30.0
20230509.0900     0.3871     3.7575   127.5905    30.0
20230509.1000     0.3894     3.7114   124.2554    30.0
20230509.1100     0.4103     3.5750   122.4562    30.0
20230509.1200     0.4397     3.4422   119.7683    30.0
20230509.1300     0.4916     3.3245   115.6597    30.0
20230509.1400     0.5662     3.2778   110.9752    30.0
20230509.1500     0.6391     3.3255   107.1079    30.0
20230509.1600     0.6717     3.4283   104.6395    30.0
20230509.1700     0.6664     3.5393   103.1913    30.0
20230509.1800     0.6496     3.6409   102.2423    30.0
20230509.1900     0.6316     3.7317   101.4799    30.0
20230509.2000     0.6155     3.8123   100.7832    30.0
20230509.2100     0.6043     3.8756   100.0756    30.0
20230509.2200     0.5932     3.9337    99.3022    30.0
20230509.2300     0.5894     3.9734    98.7317    30.0
20230510.0000     0.5932     3.9761    98.2819    30.0
20230510.0100     0.6063     3.9439    97.8869    30.0
20230510.0200     0.6307     3.8932    97.5084    30.0
20230510.0300     0.6621     3.8605    97.2177    30.0
20230510.0400     0.6964     3.8559    97.0038    30.0
20230510.0500     0.7323     3.8760    96.8118    30.0
20230510.0600     0.7647     3.9171    96.6746    30.0
20230510.0700     0.7817     3.9820    96.5101    30.0
20230510.0800     0.7835     4.0612    96.3291    30.0
20230510.0900     0.7821     4.1307    96.1316    30.0
20230510.1000     0.7695     4.2201    96.0767    30.0
20230510.1100     0.7670     4.2644    96.3565    30.0
20230510.1200     0.7668     4.2903    96.7843    30.0
20230510.1300     0.7720     4.2891    97.5852    30.0
20230510.1400     0.7824     4.2665    98.5123    30.0
20230510.1500     0.7908     4.2497    99.3954    30.0
20230510.1600     0.7921     4.2514   100.1030    30.0
20230510.1700     0.7843     4.2738   100.6132    30.0
20230510.1800     0.7748     4.2941   101.3098    30.0
20230510.1900     0.7664     4.3073   102.3685    30.0
20230510.2000     0.7732     4.2734   104.4969    30.0
20230510.2100     0.8061     4.1932   107.7168    30.0
20230510.2200     0.8478     4.1376   110.3663    30.0
20230510.2300     0.9105     4.1766   111.6499    30.0
20230511.0000     0.9586     4.2000   111.7321    30.0
20230511.0100     0.9764     4.2645   110.8600    30.0
20230511.0200     0.9739     4.3336   110.0152    30.0
20230511.0300     0.9685     4.3835   109.3460    30.0
20230511.0400     0.9565     4.4283   108.9839    30.0
20230511.0500     0.9471     4.4483   108.6000    30.0
20230511.0600     0.9499     4.4301   108.0130    30.0
20230511.0700     0.9564     4.4046   107.4041    30.0
20230511.0800     0.9647     4.3787   106.8611    30.0
20230511.0900     0.9746     4.3561   106.5320    30.0
20230511.1000     0.9745     4.3493   107.0915    30.0
20230511.1100     0.9701     4.3494   108.1447    30.0
20230511.1200     0.9794     4.3363   109.4008    30.0
20230511.1300     0.9998     4.3301   110.4047    30.0
20230511.1400     1.0311     4.3379   110.9642    30.0
20230511.1500     1.0581     4.3689   111.3262    30.0
20230511.1600     1.0703     4.4138   111.5182    30.0
20230511.1700     1.0795     4.4520   111.5237    30.0
20230511.1800     1.0830     4.4840   111.2439    30.0
20230511.1900     1.0829     4.5092   110.8216    30.0
20230511.2000     1.0725     4.5368   110.4431    30.0
20230511.2100     1.0595     4.5562   109.9110    30.0
20230511.2200     1.0401     4.5742   109.3515    30.0
20230511.2300     1.0341     4.5623   108.5616    30.0
20230512.0000     1.0320     4.5466   107.7113    30.0
20230512.0100     1.0269     4.5389   106.9927    30.0
20230512.0200     1.0242     4.5289   106.2906    30.0
20230512.0300     1.0162     4.5303   105.9066    30.0
20230512.0400     1.0074     4.5325   105.8682    30.0
20230512.0500     1.0060     4.5215   105.8188    30.0
20230512.0600     1.0068     4.5109   105.6488    30.0
20230512.0700     1.0028     4.5114   105.4623    30.0
20230512.0800     0.9958     4.5157   105.3690    30.0
20230512.0900     0.9887     4.5164   105.4568    30.0
20230512.1000     0.9717     4.5342   105.3910    30.0
20230512.1100     0.9847     4.5763   105.4458    30.0
20230512.1200     0.9740     4.5842   105.5281    30.0
20230512.1300     0.9627     4.5997   105.5830    30.0
20230512.1400     0.9563     4.6059   105.6323    30.0
20230512.1500     0.9486     4.6237   105.6927    30.0
20230512.1600     0.9378     4.6580   105.6653    30.0
20230512.1700     0.9270     4.6950   105.6269    30.0
20230512.1800     0.9187     4.7264   105.6323    30.0
20230512.1900     0.9079     4.7689   105.4842    30.0
20230512.2000     0.8964     4.8135   105.2648    30.0
20230512.2100     0.8885     4.8388   105.1990    30.0
20230512.2200     0.8754     4.8821   105.1771    30.0
20230512.2300     0.8681     4.8939   105.3142    30.0
20230513.0000     0.8680     4.8666   105.7805    30.0
20230513.0100     0.8663     4.8445   106.0931    30.0
20230513.0200     0.8615     4.8344   106.0383    30.0
20230513.0300     0.8625     4.7952   105.9724    30.0
20230513.0400     0.8661     4.7492   105.7366    30.0
20230513.0500     0.8659     4.7202   105.3306    30.0
20230513.0600     0.8537     4.7374   104.8095    30.0
20230513.0700     0.8346     4.7804   104.3323    30.0
20230513.0800     0.8146     4.8240   103.8825    30.0
20230513.0900     0.7989     4.8451   103.4162    30.0
20230513.1000     0.7816     4.8722   103.1420    30.0
20230513.1100     0.7734     4.8488   103.1474    30.0
20230513.1200     0.7686     4.8102   103.2297    30.0
20230513.1300     0.7662     4.7642   103.2078    30.0
20230513.1400     0.7667     4.7074   103.0816    30.0
20230513.1500     0.7646     4.6720   103.1749    30.0
20230513.1600     0.7626     4.6357   103.9867    30.0
20230513.1700     0.7584     4.6098   105.2100    30.0
20230513.1800     0.7482     4.6142   106.0712    30.0
20230513.1900     0.7436     4.5909   107.2121    30.0
20230513.2000     0.7458     4.5424   108.6164    30.0
20230513.2100     0.7482     4.4991   110.1030    30.0
20230513.2200     0.7386     4.5165   110.7886    30.0
20230513.2300     0.7741     4.6160   111.8748    30.0
20230514.0000     0.7735     4.6334   112.6318    30.0
20230514.0100     0.7753     4.6512   113.3119    30.0
20230514.0200     0.7806     4.6606   113.9153    30.0
20230514.0300     0.7857     4.6804   114.2445    30.0
20230514.0400     0.7909     4.7047   114.3981    30.0
20230514.0500     0.7929     4.7494   114.4090    30.0
20230514.0600     0.7961     4.7870   114.3761    30.0
20230514.0700     0.7990     4.8201   114.2719    30.0
20230514.0800     0.8021     4.8448   114.1402    30.0
20230514.0900     0.8059     4.8573   114.0360    30.0
20230514.1000     0.8018     4.9011   113.7508    30.0
20230514.1100     0.8014     4.9146   113.5094    30.0
20230514.1200     0.8015     4.9126   113.2735    30.0
20230514.1300     0.8032     4.8909   113.0596    30.0
20230514.1400     0.8085     4.8431   112.9664    30.0
20230514.1500     0.8115     4.8001   112.9499    30.0
20230514.1600     0.8087     4.7786   112.8567    30.0
20230514.1700     0.8014     4.7680   112.6153    30.0
20230514.1800     0.7954     4.7395   112.5934    30.0
20230514.1900     0.7935     4.6867   113.1254    30.0
20230514.2000     0.7961     4.6146   114.0964    30.0
20230514.2100     0.8018     4.5359   115.0508    30.0
20230514.2200     0.8091     4.4582   115.6981    30.0
20230514.2300     0.8251     4.3719   116.3564    30.0
20230515.0000     0.8365     4.3208   116.4057    30.0
20230515.0100     0.8344     4.3101   116.1369    30.0
20230515.0200     0.8263     4.3096   115.8901    30.0
20230515.0300     0.8151     4.3113   115.4951    30.0
20230515.0400     0.8010     4.3161   114.7382    30.0
20230515.0500     0.7872     4.3142   113.8056    30.0
20230515.0600     0.7726     4.3107   112.9554    30.0
20230515.0700     0.7554     4.3135   112.3959    30.0
20230515.0800     0.7362     4.3237   112.0393    30.0
20230515.0900     0.7197     4.3193   111.8199    30.0
20230515.1000     0.7059     4.2962   111.5566    30.0
20230515.1100     0.8124     4.5804   111.2385    30.0
20230515.1200     0.8027     4.5663   111.0136    30.0
20230515.1300     0.7921     4.5425   110.9422    30.0
20230515.1400     0.7808     4.5092   110.8819    30.0
20230515.1500     0.7667     4.4765   110.6954    30.0
20230515.1600     0.7454     4.4664   110.3718    30.0
20230515.1700     0.7199     4.4697   109.9110    30.0
20230515.1800     0.6951     4.4649   109.3789    30.0
20230515.1900     0.6740     4.4384   108.8907    30.0
20230515.2000     0.6568     4.3891   108.6329    30.0
20230515.2100     0.6438     4.3219   108.8084    30.0
20230515.2200     0.6184     4.3273   108.6658    30.0
20230515.2300     0.6005     4.2958   108.7261    30.0
20230516.0000     0.5834     4.2683   108.6987    30.0
20230516.0100     0.5666     4.2478   108.5067    30.0
20230516.0200     0.5516     4.2245   108.2324    30.0
20230516.0300     0.5398     4.1873   107.9198    30.0
20230516.0400     0.5330     4.1248   107.6016    30.0
20230516.0500     0.5321     4.0364   107.2286    30.0
20230516.0600     0.5353     3.9452   106.7678    30.0
20230516.0700     0.5391     3.8718   106.4113    30.0
20230516.0800     0.5387     3.8331   106.1535    30.0
20230516.0900     0.5335     3.8202   106.1151    30.0
20230516.1000     0.5202     3.8404   105.7366    30.0
20230516.1100     0.5105     3.8463   105.5336    30.0
20230516.1200     0.5042     3.8330   105.5336    30.0
20230516.1300     0.4973     3.8258   105.4842    30.0
20230516.1400     0.4878     3.8358   105.3032    30.0
20230516.1500     0.4789     3.8414   105.0619    30.0
20230516.1600     0.4712     3.8382   104.8260    30.0
20230516.1700     0.4661     3.8204   104.6066    30.0
20230516.1800     0.4623     3.7957   104.4091    30.0
20230516.1900     0.4590     3.7717   104.3104    30.0
20230516.2000     0.4573     3.7402   104.3158    30.0
20230516.2100     0.4621     3.6779   104.4749    30.0
20230516.2200     0.4602     3.6543   104.6395    30.0
20230516.2300     0.4756     3.6298   105.1332    30.0
20230517.0000     0.5005     3.5430   105.6872    30.0
20230517.0100     0.5308     3.4886   105.9176    30.0
20230517.0200     0.5628     3.4655   106.1041    30.0
20230517.0300     0.5872     3.4733   106.4442    30.0
20230517.0400     0.5979     3.5016   106.7294    30.0
20230517.0500     0.5963     3.5402   106.7678    30.0
20230517.0600     0.5865     3.5835   106.5923    30.0
20230517.0700     0.5769     3.6133   106.6855    30.0
20230517.0800     0.5707     3.6261   106.9050    30.0
20230517.0900     0.5665     3.6328   107.0750    30.0
20230517.1000     0.5578     3.6466   106.9104    30.0
20230517.1100     0.5535     3.6484   106.7185    30.0
20230517.1200     0.5489     3.6510   106.4826    30.0
20230517.1300     0.5493     3.6360   105.9670    30.0
20230517.1400     0.5590     3.6004   105.1222    30.0
20230517.1500     0.5678     3.5848   104.2994    30.0
20230517.1600     0.5660     3.6014   103.7728    30.0
20230517.1700     0.5622     3.6164   103.3175    30.0
20230517.1800     0.5559     3.6363   102.9774    30.0
20230517.1900     0.5422     3.6792   102.8019    30.0
20230517.2000     0.5304     3.7042   103.2297    30.0
20230517.2100     0.5197     3.7206   103.7618    30.0
20230517.2200     0.5084     3.7302   103.7838    30.0
20230517.2300     0.4983     3.7427   103.5918    30.0
20230518.0000     0.4887     3.7525   103.3285    30.0
20230518.0100     0.4864     3.7195   103.2462    30.0
20230518.0200     0.4842     3.6949   103.3120    30.0
20230518.0300     0.4767     3.7078   103.2791    30.0
20230518.0400     0.4681     3.7249   103.2242    30.0
20230518.0500     0.4576     3.7594   103.1310    30.0
20230518.0600     0.4479     3.7864   103.0158    30.0
20230518.0700     0.4394     3.8099   102.9171    30.0
20230518.0800     0.4319     3.8290   102.8896    30.0
20230518.0900     0.4282     3.8172   103.3614    30.0
20230518.1000     0.4195     3.8451   103.8112    30.0
20230518.1100     0.4809     4.1006   104.6395    30.0
20230518.1200     0.4744     4.0515   104.8973    30.0
20230518.1300     0.4709     3.9885   105.3690    30.0
20230518.1400     0.4743     3.8929   106.0876    30.0
20230518.1500     0.4804     3.8004   106.4661    30.0
20230518.1600     0.4771     3.7759   106.1919    30.0
20230518.1700     0.4681     3.7835   105.7256    30.0
20230518.1800     0.4601     3.7826   105.3032    30.0
20230518.1900     0.4519     3.7821   104.7986    30.0
20230518.2000     0.4457     3.7718   104.3488    30.0
20230518.2100     0.4419     3.7490   103.9099    30.0
20230518.2200     0.4375     3.7231   103.7508    30.0
20230518.2300     0.4407     3.6686   103.6631    30.0
20230519.0000     0.4434     3.6287   103.4217    30.0
20230519.0100     0.4478     3.5880   103.1255    30.0
20230519.0200     0.4523     3.5552   103.0213    30.0
20230519.0300     0.4547     3.5382   103.0926    30.0
20230519.0400     0.4571     3.5217   103.3285    30.0
20230519.0500     0.4614     3.4991   103.6960    30.0
20230519.0600     0.4660     3.4806   103.9483    30.0
20230519.0700     0.4695     3.4692   104.3213    30.0
20230519.0800     0.4730     3.4588   104.9083    30.0
20230519.0900     0.4782     3.4446   105.4897    30.0
20230519.1000     0.4643     3.4991   105.1277    30.0
20230519.1100     0.4543     3.5380   104.9905    30.0
20230519.1200     0.4475     3.5550   104.9522    30.0
20230519.1300     0.4458     3.5432   104.8589    30.0
20230519.1400     0.4541     3.4891   104.5133    30.0
20230519.1500     0.4651     3.4442   103.8112    30.0
20230519.1600     0.4764     3.4148   102.8841    30.0
20230519.1700     0.4877     3.3981   102.0558    30.0
20230519.1800     0.4933     3.4036   101.4470    30.0
20230519.1900     0.4962     3.4165   100.7448    30.0
20230519.2000     0.4923     3.4529   100.3992    30.0
20230519.2100     0.4827     3.5074   100.2895    30.0
20230519.2200     0.4718     3.5517   100.0591    30.0
20230519.2300     0.5972     4.0007    99.6368    30.0
20230520.0000     0.6001     4.0184    99.2638    30.0
20230520.0100     0.6031     4.0034    98.7646    30.0
20230520.0200     0.6084     3.9664    98.4464    30.0
20230520.0300     0.6153     3.9231    98.3587    30.0
20230520.0400     0.6205     3.8907    98.4355    30.0
20230520.0500     0.6200     3.8808    98.7646    30.0
20230520.0600     0.6158     3.8818    99.2692    30.0
20230520.0700     0.6115     3.8804    99.9056    30.0
20230520.0800     0.6100     3.8668   100.7448    30.0
20230520.0900     0.6105     3.8471   101.8474    30.0
20230520.1000     0.5976     3.8759   102.5605    30.0
20230520.1100     0.5964     3.8547   103.4382    30.0
20230520.1200     0.6026     3.8148   104.3158    30.0
20230520.1300     0.6055     3.7986   104.6614    30.0
20230520.1400     0.6067     3.7920   104.6943    30.0
20230520.1500     0.6050     3.7950   104.5572    30.0
20230520.1600     0.5995     3.8086   104.2829    30.0
20230520.1700     0.5915     3.8270   103.7783    30.0
20230520.1800     0.5773     3.8707   103.3614    30.0
20230520.1900     0.5599     3.9301   102.9500    30.0
20230520.2000     0.5456     3.9732   102.5824    30.0
20230520.2100     0.5373     3.9785   102.4453    30.0
20230520.2200     0.5440     3.8963   102.1765    30.0
20230520.2300     0.5581     3.8123   102.2643    30.0
20230521.0000     0.5756     3.7457   102.7909    30.0
20230521.0100     0.6155     3.6623   104.3158    30.0
20230521.0200     0.6612     3.6321   105.5281    30.0
20230521.0300     0.6903     3.6591   105.5720    30.0
20230521.0400     0.6979     3.7077   105.1003    30.0
20230521.0500     0.6932     3.7549   104.4255    30.0
20230521.0600     0.6848     3.7937   103.9648    30.0
20230521.0700     0.6721     3.8324   103.6686    30.0
20230521.0800     0.6622     3.8568   103.5972    30.0
20230521.0900     0.6593     3.8622   103.6740    30.0
20230521.1000     0.6610     3.8588   103.3449    30.0
20230521.1100     0.6945     3.9791   102.9664    30.0
20230521.1200     0.6849     4.0030   102.6318    30.0
20230521.1300     0.6768     4.0199   102.3411    30.0
20230521.1400     0.6748     4.0153   102.2314    30.0
20230521.1500     0.6771     4.0005   102.4453    30.0
20230521.1600     0.6765     3.9991   102.6922    30.0
20230521.1700     0.6741     4.0038   103.0487    30.0
20230521.1800     0.6711     4.0089   103.3723    30.0
20230521.1900     0.6654     4.0227   103.3943    30.0
20230521.2000     0.6594     4.0354   103.2572    30.0
20230521.2100     0.6526     4.0505   103.1090    30.0
20230521.2200     0.6448     4.0609   102.8951    30.0
20230521.2300     0.6382     4.0711   102.8128    30.0
20230522.0000     0.6396     4.0467   103.0377    30.0
20230522.0100     0.6541     3.9865   104.0690    30.0
20230522.0200     0.6828     3.9136   106.0876    30.0
20230522.0300     0.7159     3.8735   107.8923    30.0
20230522.0400     0.7482     3.8684   109.1375    30.0
20230522.0500     0.7793     3.8876   109.9987    30.0
20230522.0600     0.7974     3.9321   110.0975    30.0
20230522.0700     0.8049     3.9828   109.4886    30.0
20230522.0800     0.8023     4.0352   108.3805    30.0
20230522.0900     0.7994     4.0744   107.2286    30.0
20230522.1000     0.7743     4.1581   105.9340    30.0
20230522.1100     0.7559     4.2135   104.9960    30.0
20230522.1200     0.7439     4.2441   104.2116    30.0
20230522.1300     0.7386     4.2490   103.4437    30.0
20230522.1400     0.7374     4.2416   102.5276    30.0
20230522.1500     0.7300     4.2616   101.7377    30.0
20230522.1600     0.7188     4.2947   101.1727    30.0
20230522.1700     0.7084     4.3206   100.8161    30.0
20230522.1800     0.6985     4.3416   100.5638    30.0
20230522.1900     0.6872     4.3672   100.2511    30.0
20230522.2000     0.6758     4.3912    99.9440    30.0
20230522.2100     0.6662     4.4001    99.7574    30.0
20230522.2200     0.6619     4.3716    99.7026    30.0
20230522.2300     0.7807     4.7210    99.8617    30.0
20230523.0000     0.7595     4.7016    99.9659    30.0
20230523.0100     0.7385     4.6854   100.1689    30.0
20230523.0200     0.7209     4.6541   100.5474    30.0
20230523.0300     0.7075     4.6059   101.0849    30.0
20230523.0400     0.6928     4.5727   101.5073    30.0
20230523.0500     0.6773     4.5499   101.8090    30.0
20230523.0600     0.6603     4.5451   101.9352    30.0
20230523.0700     0.6450     4.5326   102.1272    30.0
20230523.0800     0.6324     4.5088   102.4124    30.0
20230523.0900     0.6240     4.4646   102.9116    30.0
20230523.1000     0.6150     4.4241   103.3120    30.0
20230523.1100     0.6168     4.3357   104.1677    30.0
20230523.1200     0.6263     4.2274   105.5062    30.0
20230523.1300     0.6377     4.1377   106.6307    30.0
20230523.1400     0.6433     4.0901   106.9927    30.0
20230523.1500     0.6416     4.0765   106.6307    30.0
20230523.1600     0.6374     4.0718   106.0657    30.0
20230523.1700     0.6345     4.0623   105.5226    30.0
20230523.1800     0.6356     4.0376   105.2155    30.0
20230523.1900     0.6368     4.0183   105.1332    30.0
20230523.2000     0.6381     4.0021   105.1661    30.0
20230523.2100     0.6414     3.9816   105.2484    30.0
20230523.2200     0.6406     3.9733   104.9741    30.0
20230523.2300     0.6457     3.9506   104.3817    30.0
20230524.0000     0.6492     3.9373   103.6521    30.0
20230524.0100     0.6548     3.9188   103.0981    30.0
20230524.0200     0.6611     3.9018   102.8841    30.0
20230524.0300     0.6605     3.9054   102.7964    30.0
20230524.0400     0.6563     3.9134   102.7909    30.0
20230524.0500     0.6549     3.9090   102.8841    30.0
20230524.0600     0.6568     3.8960   102.8841    30.0
20230524.0700     0.6589     3.8866   102.9006    30.0
20230524.0800     0.6610     3.8816   103.0652    30.0
20230524.0900     0.6616     3.8819   103.5150    30.0
20230524.1000     0.6571     3.8864   104.5188    30.0
20230524.1100     0.6587     3.8779   105.4513    30.0
20230524.1200     0.6622     3.8695   105.8298    30.0
20230524.1300     0.6672     3.8615   106.1260    30.0
20230524.1400     0.6713     3.8590   106.4332    30.0
20230524.1500     0.6704     3.8719   106.3948    30.0
20230524.1600     0.6643     3.8940   106.3400    30.0
20230524.1700     0.6582     3.9107   106.4552    30.0
20230524.1800     0.6569     3.9106   106.5429    30.0
20230524.1900     0.6572     3.9064   106.3948    30.0
20230524.2000     0.6620     3.8923   106.2687    30.0
20230524.2100     0.6711     3.8728   106.0767    30.0
20230524.2200     0.6880     3.8424   105.8079    30.0
20230524.2300     0.6939     3.8503   105.8627    30.0
20230525.0000     0.6983     3.8568   106.6033    30.0
20230525.0100     0.7113     3.8470   107.8155    30.0
20230525.0200     0.7384     3.8295   109.3624    30.0
20230525.0300     0.7742     3.8287   110.8380    30.0
20230525.0400     0.8139     3.8513   111.9351    30.0
20230525.0500     0.8449     3.8973   112.2368    30.0
20230525.0600     0.8632     3.9533   111.6444    30.0
20230525.0700     0.8706     4.0097   110.1743    30.0
20230525.0800     0.8771     4.0574   108.8358    30.0
20230525.0900     0.8829     4.0997   108.0404    30.0
20230525.1000     0.8755     4.1490   107.0421    30.0
20230525.1100     0.8849     4.2269   106.4442    30.0
20230525.1200     0.8730     4.2697   106.2083    30.0
20230525.1300     0.8625     4.2994   105.7311    30.0
20230525.1400     0.8624     4.2990   104.9686    30.0
20230525.1500     0.8675     4.2889   104.1019    30.0
20230525.1600     0.8706     4.2861   103.1694    30.0
20230525.1700     0.8770     4.2798   102.5221    30.0
20230525.1800     0.8709     4.3010   102.1875    30.0
20230525.1900     0.8567     4.3337   101.9297    30.0
20230525.2000     0.8470     4.3472   102.0229    30.0
20230525.2100     0.8362     4.3609   102.2478    30.0
20230525.2200     0.8212     4.3800   102.2259    30.0
20230525.2300     0.8503     4.4742   102.2698    30.0
20230526.0000     0.8425     4.4554   102.3411    30.0
20230526.0100     0.8457     4.4107   102.5440    30.0
20230526.0200     0.8613     4.3513   102.9116    30.0
20230526.0300     0.8775     4.3171   103.3120    30.0
20230526.0400     0.8914     4.3077   103.5479    30.0
20230526.0500     0.9036     4.3141   103.4821    30.0
20230526.0600     0.9151     4.3273   103.2517    30.0
20230526.0700     0.9247     4.3463   103.0487    30.0
20230526.0800     0.9348     4.3614   103.1749    30.0
20230526.0900     0.9449     4.3724   103.6192    30.0
20230526.1000     0.9288     4.4266   103.1694    30.0
20230526.1100     0.9176     4.4524   102.7306    30.0
20230526.1200     0.9088     4.4615   102.3246    30.0
20230526.1300     0.9012     4.4609   101.8968    30.0
20230526.1400     0.8959     4.4490   101.4744    30.0
20230526.1500     0.8954     4.4250   101.0740    30.0
20230526.1600     0.8958     4.4032   100.7723    30.0
20230526.1700     0.8936     4.3912   100.4486    30.0
20230526.1800     0.8851     4.3950   100.0372    30.0
20230526.1900     0.8736     4.4013    99.6587    30.0
20230526.2000     0.8619     4.4041    99.4283    30.0
20230526.2100     0.8451     4.4179    99.3515    30.0
20230526.2200     0.8220     4.4476    99.0937    30.0
20230526.2300     0.8137     4.4918    99.0114    30.0
20230527.0000     0.8165     4.5210    99.1431    30.0
20230527.0100     0.8308     4.4953    99.8233    30.0
20230527.0200     0.8375     4.4986   100.0317    30.0
20230527.0300     0.8350     4.5327   100.0482    30.0
20230527.0400     0.8311     4.5666   100.2292    30.0
20230527.0500     0.8288     4.5918   100.5090    30.0
20230527.0600     0.8300     4.6042   100.8490    30.0
20230527.0700     0.8342     4.6092   101.3043    30.0
20230527.0800     0.8434     4.6018   101.8748    30.0
20230527.0900     0.8542     4.5985   102.5824    30.0
20230527.1000     0.8534     4.6430   102.9061    30.0
20230527.1100     0.8585     4.6680   103.3010    30.0
20230527.1200     0.8680     4.6783   103.8825    30.0
20230527.1300     0.8795     4.6856   104.3707    30.0
20230527.1400     0.8884     4.7051   104.4749    30.0
20230527.1500     0.8847     4.7679   104.1074    30.0
20230527.1600     0.8718     4.8610   103.4217    30.0
20230527.1700     0.8591     4.9443   102.7415    30.0
20230527.1800     0.8545     4.9762   102.3850    30.0
20230527.1900     0.8550     4.9749   102.4069    30.0
20230527.2000     0.8528     4.9766   102.6318    30.0
20230527.2100     0.8494     4.9747   102.9719    30.0
20230527.2200     0.8388     4.9967   102.6483    30.0
20230527.2300     0.8327     4.9859   102.5221    30.0
20230528.0000     0.8321     4.9416   102.6867    30.0
20230528.0100     0.8308     4.8990   102.9171    30.0
20230528.0200     0.8260     4.8710   103.0268    30.0
20230528.0300     0.8195     4.8458   103.1365    30.0
20230528.0400     0.8150     4.8075   103.4437    30.0
20230528.0500     0.8091     4.7779   103.6795    30.0
20230528.0600     0.7988     4.7686   103.7344    30.0
20230528.0700     0.7877     4.7611   103.7179    30.0
20230528.0800     0.7787     4.7408   103.7015    30.0
20230528.0900     0.7749     4.6954   103.7508    30.0
20230528.1000     0.7756     4.6305   104.1129    30.0
20230528.1100     0.8114     4.6710   104.5078    30.0
20230528.1200     0.8054     4.6853   104.6175    30.0
20230528.1300     0.7975     4.7100   104.5133    30.0
20230528.1400     0.7934     4.7157   104.3762    30.0
20230528.1500     0.7869     4.7393   104.0251    30.0
20230528.1600     0.7773     4.7832   103.5534    30.0
20230528.1700     0.7666     4.8388   103.0323    30.0
20230528.1800     0.7583     4.8813   102.5660    30.0
20230528.1900     0.7518     4.9117   102.1765    30.0
20230528.2000     0.7467     4.9324   101.9023    30.0
20230528.2100     0.7421     4.9438   101.7322    30.0
20230528.2200     0.7380     4.9394   101.6335    30.0
20230528.2300     0.7356     4.9239   101.6225    30.0
20230529.0000     0.7363     4.8808   101.8639    30.0
20230529.0100     0.7385     4.8254   102.2807    30.0
20230529.0200     0.7415     4.7636   102.7196    30.0
20230529.0300     0.7469     4.6914   103.2078    30.0
20230529.0400     0.7540     4.6197   103.7234    30.0
20230529.0500     0.7593     4.5632   104.0964    30.0
20230529.0600     0.7629     4.5208   104.3762    30.0
20230529.0700     0.7663     4.4819   104.7218    30.0
20230529.0800     0.7687     4.4502   105.1496    30.0
20230529.0900     0.7715     4.4214   105.7146    30.0
20230529.1000     0.7826     4.3674   106.1151    30.0
20230529.1100     0.7892     4.3416   106.3948    30.0
20230529.1200     0.7864     4.3497   106.3016    30.0
20230529.1300     0.7811     4.3626   106.0273    30.0
20230529.1400     0.7716     4.3860   105.4458    30.0
20230529.1500     0.7603     4.4124   104.6724    30.0
20230529.1600     0.7513     4.4258   103.8057    30.0
20230529.1700     0.7439     4.4305   102.9390    30.0
20230529.1800     0.7359     4.4386   102.2314    30.0
20230529.1900     0.7282     4.4468   101.6773    30.0
20230529.2000     0.7244     4.4386   101.2221    30.0
20230529.2100     0.7246     4.4172   100.9533    30.0
20230529.2200     0.7355     4.3551   100.5364    30.0
20230529.2300     0.7529     4.3090   100.5419    30.0
20230530.0000     0.7595     4.2961   100.7613    30.0
20230530.0100     0.7573     4.3101   100.8655    30.0
20230530.0200     0.7521     4.3278   100.9862    30.0
20230530.0300     0.7515     4.3252   101.4799    30.0
20230530.0400     0.7511     4.3226   102.1765    30.0
20230530.0500     0.7534     4.3097   103.0048    30.0
20230530.0600     0.7564     4.2969   103.7234    30.0
20230530.0700     0.7623     4.2779   104.3652    30.0
20230530.0800     0.7701     4.2578   105.1825    30.0
20230530.0900     0.7804     4.2372   106.0931    30.0
20230530.1000     0.7767     4.2648   106.0547    30.0
20230530.1100     0.7776     4.2744   106.2138    30.0
20230530.1200     0.7768     4.2873   106.4552    30.0
20230530.1300     0.7731     4.3069   106.4003    30.0
20230530.1400     0.7681     4.3271   106.0876    30.0
20230530.1500     0.7587     4.3605   105.5939    30.0
20230530.1600     0.7456     4.4075   105.0564    30.0
20230530.1700     0.7319     4.4542   104.6340    30.0
20230530.1800     0.7181     4.4996   104.2774    30.0
20230530.1900     0.7054     4.5361   103.9867    30.0
20230530.2000     0.6972     4.5433   103.9319    30.0
20230530.2100     0.6960     4.5105   104.2774    30.0
20230530.2200     0.6995     4.4527   104.9851    30.0
20230530.2300     0.7181     4.3415   106.8007    30.0
20230531.0000     0.7445     4.2341   108.9949    30.0
20230531.0100     0.7735     4.1566   110.8654    30.0
20230531.0200     0.7996     4.1166   112.1874    30.0
20230531.0300     0.8149     4.1153   112.8128    30.0
20230531.0400     0.8156     4.1423   112.7963    30.0
20230531.0500     0.8102     4.1707   112.6318    30.0
20230531.0600     0.8079     4.1823   112.7579    30.0
20230531.0700     0.8069     4.1865   113.0377    30.0
20230531.0800     0.8041     4.1943   113.2406    30.0
20230531.0900     0.8020     4.1986   113.4930    30.0
20230531.1000     0.7949     4.2119   113.2022    30.0
20230531.1100     0.8445     4.3846   112.7031    30.0
20230531.1200     0.8374     4.4156   111.8967    30.0
20230531.1300     0.8389     4.4197   111.0355    30.0
20230531.1400     0.8442     4.4128   110.0865    30.0
20230531.1500     0.8512     4.4023   108.9949    30.0
20230531.1600     0.8528     4.4040   107.9746    30.0
20230531.1700     0.8494     4.4134   107.2067    30.0
20230531.1800     0.8400     4.4326   106.7294    30.0
20230531.1900     0.8333     4.4357   106.5813    30.0
20230531.2000     0.8300     4.4247   106.6746    30.0
20230531.2100     0.8306     4.4008   107.0695    30.0
20230531.2200     0.8251     4.3925   107.3657    30.0
20230531.2300     0.8310     4.3549   107.9966    30.0
20230601.0000     0.8485     4.3002   108.9346    30.0
20230601.0100     0.8807     4.2456   109.7245    30.0
20230601.0200     0.9281     4.2143   110.2840    30.0
20230601.0300     0.9661     4.2354   110.3718    30.0
20230601.0400     0.9845     4.2882   110.0810    30.0
20230601.0500     0.9927     4.3411   109.6970    30.0
20230601.0600     1.0020     4.3782   109.3131    30.0
20230601.0700     1.0049     4.4115   108.8797    30.0
20230601.0800     1.0029     4.4381   108.3696    30.0
20230601.0900     1.0000     4.4554   107.8759    30.0
20230601.1000     0.9806     4.4905   107.2396    30.0
20230601.1100     0.9609     4.5167   106.7514    30.0
20230601.1200     0.9357     4.5502   106.2028    30.0
20230601.1300     0.9088     4.5833   105.5830    30.0
20230601.1400     0.8872     4.5946   104.9851    30.0
20230601.1500     0.8673     4.5981   104.4146    30.0
20230601.1600     0.8489     4.5961   103.9319    30.0
20230601.1700     0.8340     4.5805   103.5424    30.0
20230601.1800     0.8232     4.5500   103.2736    30.0
20230601.1900     0.8209     4.4927   103.3065    30.0
20230601.2000     0.8280     4.4145   103.8112    30.0
20230601.2100     0.8427     4.3373   104.6066    30.0
20230601.2200     0.8457     4.3053   104.4310    30.0
20230601.2300     0.8841     4.3467   104.7437    30.0
20230602.0000     0.8995     4.3169   105.6214    30.0
20230602.0100     0.9235     4.2900   106.6801    30.0
20230602.0200     0.9585     4.2723   107.7991    30.0
20230602.0300     0.9883     4.2858   108.3531    30.0
20230602.0400     1.0053     4.3218   108.4080    30.0
20230602.0500     1.0138     4.3632   108.1118    30.0
20230602.0600     1.0161     4.4026   107.4425    30.0
20230602.0700     1.0129     4.4384   106.6307    30.0
20230602.0800     1.0072     4.4658   105.8463    30.0
20230602.0900     0.9982     4.4879   105.1222    30.0
20230602.1000     0.9862     4.5037   103.9703    30.0
20230602.1100     0.9778     4.5065   102.8512    30.0
20230602.1200     0.9701     4.5059   102.0449    30.0
20230602.1300     0.9661     4.4966   101.3208    30.0
20230602.1400     0.9655     4.4830   100.4596    30.0
20230602.1500     0.9637     4.4776    99.5161    30.0
20230602.1600     0.9541     4.4924    98.6549    30.0
20230602.1700     0.9394     4.5185    98.0625    30.0
20230602.1800     0.9263     4.5388    97.6565    30.0
20230602.1900     0.9139     4.5594    97.2561    30.0
20230602.2000     0.9006     4.5819    96.7898    30.0
20230602.2100     0.8893     4.5987    96.4333    30.0
20230602.2200     0.8831     4.5950    96.5649    30.0
20230602.2300     0.8809     4.5809    96.9983    30.0
20230603.0000     0.8833     4.5557    97.4700    30.0
20230603.0100     0.8951     4.5092    98.0899    30.0
20230603.0200     0.9121     4.4637    99.0389    30.0
20230603.0300     0.9300     4.4317   100.2182    30.0
20230603.0400     0.9415     4.4241   101.0026    30.0
20230603.0500     0.9416     4.4411   101.2495    30.0
20230603.0600     0.9353     4.4658   101.1672    30.0
20230603.0700     0.9255     4.4908   100.9972    30.0
20230603.0800     0.9154     4.5089   100.8161    30.0
20230603.0900     0.9060     4.5196   100.7942    30.0
20230603.1000     0.8869     4.5558   100.7832    30.0
20230603.1100     1.0472     5.0367   100.5912    30.0
20230603.1200     1.0135     5.0706   100.0537    30.0
20230603.1300     0.9854     5.0786    99.6368    30.0
20230603.1400     0.9609     5.0690    99.3186    30.0
20230603.1500     0.9377     5.0540    99.0718    30.0
20230603.1600     0.9161     5.0317    98.7481    30.0
20230603.1700     0.8969     4.9997    98.4519    30.0
20230603.1800     0.8778     4.9699    98.2654    30.0
20230603.1900     0.8564     4.9529    98.1557    30.0
20230603.2000     0.8340     4.9447    98.0899    30.0
20230603.2100     0.8125     4.9345    98.1447    30.0
20230603.2200     0.7941     4.9053    98.5836    30.0
20230603.2300     0.7856     4.8265    99.5490    30.0
20230604.0000     0.7833     4.7279   100.8271    30.0
20230604.0100     0.7898     4.6050   102.8238    30.0
20230604.0200     0.8070     4.4681   105.4623    30.0
20230604.0300     0.8195     4.3814   107.2396    30.0
20230604.0400     0.8178     4.3561   107.8375    30.0
20230604.0500     0.8142     4.3416   107.9362    30.0
20230604.0600     0.8065     4.3436   107.6181    30.0
20230604.0700     0.7898     4.3735   107.1463    30.0
20230604.0800     0.7692     4.4165   106.3729    30.0
20230604.0900     0.7501     4.4556   105.5555    30.0
20230604.1000     0.7292     4.5047   104.7327    30.0
20230604.1100     0.7117     4.5454   103.7728    30.0
20230604.1200     0.6981     4.5636   102.7690    30.0
20230604.1300     0.6870     4.5683   101.8748    30.0
20230604.1400     0.6776     4.5621   100.9917    30.0
20230604.1500     0.6666     4.5672   100.2676    30.0
20230604.1600     0.6571     4.5615    99.6587    30.0
20230604.1700     0.6481     4.5507    99.1486    30.0
20230604.1800     0.6385     4.5417    98.7426    30.0
20230604.1900     0.6295     4.5282    98.4519    30.0
20230604.2000     0.6192     4.5233    98.2325    30.0
20230604.2100     0.6066     4.5335    98.0350    30.0
20230604.2200     0.5914     4.5569    97.7608    30.0
20230604.2300     0.6449     4.8004    97.7333    30.0
20230605.0000     0.6379     4.8035    97.8101    30.0
20230605.0100     0.6394     4.7313    98.6878    30.0
20230605.0200     0.6517     4.5857   100.4596    30.0
20230605.0300     0.6743     4.4093   102.9225    30.0
20230605.0400     0.7025     4.2547   105.1606    30.0
20230605.0500     0.7315     4.1435   106.7075    30.0
20230605.0600     0.7504     4.0933   107.1683    30.0
20230605.0700     0.7518     4.0960   106.8775    30.0
20230605.0800     0.7367     4.1332   106.1973    30.0
20230605.0900     0.7180     4.1676   105.4788    30.0
20230605.1000     0.6948     4.2078   104.4530    30.0
20230605.1100     0.6826     4.2007   103.4985    30.0
20230605.1200     0.6802     4.1577   102.5879    30.0
20230605.1300     0.6851     4.1008   101.5512    30.0
20230605.1400     0.6873     4.0663   100.6461    30.0
20230605.1500     0.6819     4.0643   100.0043    30.0
20230605.1600     0.6735     4.0740    99.2912    30.0
20230605.1700     0.6679     4.0731    98.4464    30.0
20230605.1800     0.6599     4.0858    97.7004    30.0
20230605.1900     0.6511     4.1026    97.1793    30.0
20230605.2000     0.6467     4.1030    96.8776    30.0
20230605.2100     0.6454     4.0939    96.7350    30.0
20230605.2200     0.6548     4.0425    97.0092    30.0
20230605.2300     0.6762     3.9785    97.5249    30.0
20230606.0000     0.6990     3.9385    98.1228    30.0
20230606.0100     0.7118     3.9358    98.6768    30.0
20230606.0200     0.7202     3.9408    99.5545    30.0
20230606.0300     0.7340     3.9363   100.9862    30.0
20230606.0400     0.7454     3.9445   102.1710    30.0
20230606.0500     0.7369     3.9925   102.2588    30.0
20230606.0600     0.7149     4.0662   101.6938    30.0
20230606.0700     0.6924     4.1324   101.0465    30.0
20230606.0800     0.6735     4.1791   100.5035    30.0
20230606.0900     0.6580     4.2066   100.0317    30.0
20230606.1000     0.6444     4.2212    99.7849    30.0
20230606.1100     0.6932     4.3976    99.6039    30.0
20230606.1200     0.6781     4.3927    99.1431    30.0
20230606.1300     0.6640     4.3861    98.5287    30.0
20230606.1400     0.6525     4.3680    97.8156    30.0
20230606.1500     0.6416     4.3503    97.2561    30.0
20230606.1600     0.6332     4.3228    96.8666    30.0
20230606.1700     0.6276     4.2852    96.8118    30.0
20230606.1800     0.6259     4.2321    97.4591    30.0
20230606.1900     0.6290     4.1640    98.5891    30.0
20230606.2000     0.6359     4.0950    99.4228    30.0
20230606.2100     0.6471     4.0270   100.3170    30.0
20230606.2200     0.6538     3.9888   100.9588    30.0
20230606.2300     0.6851     3.9068   101.5731    30.0
20230607.0000     0.7344     3.8481   102.0668    30.0
20230607.0100     0.7802     3.8503   102.3959    30.0
20230607.0200     0.8235     3.8858   102.7470    30.0
20230607.0300     0.8606     3.9421   103.0268    30.0
20230607.0400     0.9013     4.0052   103.4327    30.0
20230607.0500     0.9402     4.0785   103.3614    30.0
20230607.0600     0.9591     4.1590   102.6812    30.0
20230607.0700     0.9447     4.2428   101.9023    30.0
20230607.0800     0.9400     4.2826   101.2934    30.0
20230607.0900     0.9445     4.2959   100.6187    30.0
20230607.1000     0.9492     4.3011   100.9862    30.0
20230607.1100     0.9860     4.3049   101.1672    30.0
20230607.1200     1.0213     4.3199   100.8326    30.0
20230607.1300     1.0510     4.3540   100.5199    30.0
20230607.1400     1.0681     4.4003   100.3115    30.0
20230607.1500     1.0806     4.4461    99.8288    30.0
20230607.1600     1.1044     4.4801    99.2857    30.0
20230607.1700     1.1406     4.5097    99.1541    30.0
20230607.1800     1.1634     4.5515    99.2418    30.0
20230607.1900     1.1851     4.5908    99.2692    30.0
20230607.2000     1.2136     4.6307    99.4119    30.0
20230607.2100     1.2371     4.6788    99.6861    30.0
20230607.2200     1.2419     4.7315    99.4393    30.0
20230607.2300     1.4391     5.0826    99.5106    30.0
20230608.0000     1.4355     5.1014    99.9275    30.0
20230608.0100     1.4390     5.1125   100.3773    30.0
20230608.0200     1.4256     5.1332   100.6187    30.0
20230608.0300     1.3973     5.1615   100.6022    30.0
20230608.0400     1.3606     5.1897   100.3334    30.0
20230608.0500     1.3228     5.2092    99.9275    30.0
20230608.0600     1.2853     5.2173    99.4558    30.0
20230608.0700     1.2472     5.2180    98.9675    30.0
20230608.0800     1.2068     5.2218    98.5287    30.0
20230608.0900     1.1682     5.2201    98.0734    30.0
20230608.1000     1.1242     5.2396    97.5413    30.0
20230608.1100     1.0921     5.2170    97.1190    30.0
20230608.1200     1.0710     5.1561    96.8941    30.0
20230608.1300     1.0553     5.0818    96.9654    30.0
20230608.1400     1.0419     5.0084    97.2122    30.0
20230608.1500     1.0259     4.9527    97.4645    30.0
20230608.1600     1.0067     4.9119    97.8101    30.0
20230608.1700     0.9842     4.8852    98.1283    30.0
20230608.1800     0.9598     4.8667    98.3148    30.0
20230608.1900     0.9386     4.8373    98.4739    30.0
20230608.2000     0.9247     4.7828    98.7481    30.0
20230608.2100     0.9159     4.7160    99.2254    30.0
20230608.2200     0.9014     4.6703    99.4228    30.0
20230608.2300     0.8971     4.6023    99.7739    30.0
20230609.0000     0.9030     4.5208   100.1853    30.0
20230609.0100     0.9130     4.4528   100.6406    30.0
20230609.0200     0.9213     4.4104   100.8326    30.0
20230609.0300     0.9234     4.3927   100.6241    30.0
20230609.0400     0.9211     4.3878   100.2676    30.0
20230609.0500     0.9147     4.3899    99.8781    30.0
20230609.0600     0.9080     4.3904    99.4612    30.0
20230609.0700     0.9001     4.3931    98.9346    30.0
20230609.0800     0.8943     4.3895    98.2983    30.0
20230609.0900     0.8896     4.3842    97.7333    30.0
20230609.1000     0.8847     4.3772    97.0092    30.0
20230609.1100     0.8938     4.3852    96.6088    30.0
20230609.1200     0.8925     4.3676    96.6033    30.0
20230609.1300     0.8920     4.3494    96.9599    30.0
20230609.1400     0.8871     4.3394    97.6401    30.0
20230609.1500     0.8745     4.3422    98.3861    30.0
20230609.1600     0.8586     4.3457    99.0169    30.0
20230609.1700     0.8456     4.3323    99.9220    30.0
20230609.1800     0.8366     4.3045   101.2001    30.0
20230609.1900     0.8271     4.2771   102.8019    30.0
20230609.2000     0.8161     4.2547   104.4749    30.0
20230609.2100     0.8066     4.2290   106.1699    30.0
20230609.2200     0.7882     4.2285   106.7294    30.0
20230609.2300     0.7749     4.2110   106.9763    30.0
20230610.0000     0.7706     4.1706   107.2121    30.0
20230610.0100     0.7771     4.1152   107.5358    30.0
20230610.0200     0.7886     4.0714   107.6784    30.0
20230610.0300     0.7972     4.0534   107.2505    30.0
20230610.0400     0.7960     4.0588   106.5868    30.0
20230610.0500     0.7895     4.0717   105.7969    30.0
20230610.0600     0.7811     4.0817   104.9796    30.0
20230610.0700     0.7680     4.0957   104.2061    30.0
20230610.0800     0.7539     4.1048   103.5589    30.0
20230610.0900     0.7413     4.1039   103.1200    30.0
20230610.1000     0.7174     4.1365   102.5221    30.0
20230610.1100     0.7028     4.1282   102.5111    30.0
20230610.1200     0.7017     4.0728   103.2133    30.0
20230610.1300     0.7091     4.0067   104.2390    30.0
20230610.1400     0.7254     3.9442   105.1387    30.0
20230610.1500     0.7417     3.9109   105.3142    30.0
20230610.1600     0.7531     3.9050   104.7108    30.0
20230610.1700     0.7572     3.9187   103.7563    30.0
20230610.1800     0.7507     3.9484   102.7964    30.0
20230610.1900     0.7373     3.9854   101.7925    30.0
20230610.2000     0.7221     4.0202   101.0081    30.0
20230610.2100     0.7110     4.0380   100.7503    30.0
20230610.2200     0.7084     4.0293   100.8381    30.0
20230610.2300     0.7956     4.1887   101.5567    30.0
20230611.0000     0.8021     4.1570   102.0668    30.0
20230611.0100     0.8101     4.1384   102.5715    30.0
20230611.0200     0.8205     4.1262   103.1749    30.0
20230611.0300     0.8365     4.1145   104.2390    30.0
20230611.0400     0.8597     4.1036   105.8518    30.0
20230611.0500     0.8787     4.1120   107.3328    30.0
20230611.0600     0.8859     4.1383   108.2708    30.0
20230611.0700     0.8826     4.1689   108.9181    30.0
20230611.0800     0.8697     4.2000   109.3734    30.0
20230611.0900     0.8557     4.2182   109.8452    30.0
20230611.1000     0.8350     4.2442   109.5819    30.0
20230611.1100     0.8245     4.2391   109.6422    30.0
20230611.1200     0.8195     4.2238   109.7354    30.0
20230611.1300     0.8242     4.1959   109.7025    30.0
20230611.1400     0.8421     4.1611   109.5928    30.0
20230611.1500     0.8662     4.1450   109.4941    30.0
20230611.1600     0.8908     4.1566   109.0443    30.0
20230611.1700     0.9134     4.1923   108.1611    30.0
20230611.1800     0.9482     4.2282   107.8265    30.0
20230611.1900     1.0053     4.2676   108.1282    30.0
20230611.2000     1.0822     4.3300   108.3915    30.0
20230611.2100     1.1546     4.4196   108.5725    30.0
20230611.2200     1.1758     4.5221   108.2489    30.0
20230611.2300     1.2059     4.6201   108.8687    30.0
20230612.0000     1.2161     4.6814   109.2418    30.0
20230612.0100     1.2157     4.7505   108.6768    30.0
20230612.0200     1.2135     4.8163   107.7387    30.0
20230612.0300     1.2094     4.8732   106.6526    30.0
20230612.0400     1.2045     4.9175   105.5885    30.0
20230612.0500     1.2104     4.9281   104.6340    30.0
20230612.0600     1.2356     4.9071   103.8441    30.0
20230612.0700     1.2464     4.9060   103.2626    30.0
20230612.0800     1.2297     4.9309   102.7909    30.0
20230612.0900     1.1978     4.9628   102.4014    30.0
20230612.1000     1.1647     4.9851   102.1381    30.0
20230612.1100     1.1436     4.9926   101.9352    30.0
20230612.1200     1.1377     4.9602   101.8858    30.0
20230612.1300     1.1504     4.9090   102.1601    30.0
20230612.1400     1.1734     4.8696   102.3850    30.0
20230612.1500     1.2036     4.8474   102.7470    30.0
20230612.1600     1.2289     4.8515   102.9609    30.0
20230612.1700     1.2425     4.8741   102.7196    30.0
20230612.1800     1.2402     4.9061   102.3301    30.0
20230612.1900     1.2370     4.9238   102.1217    30.0
20230612.2000     1.2446     4.9202   102.0997    30.0
20230612.2100     1.2582     4.9109   102.0284    30.0
20230612.2200     1.2526     4.9232   102.0449    30.0
20230612.2300     1.2536     4.9218   101.8913    30.0
20230613.0000     1.2677     4.9072   101.7925    30.0
20230613.0100     1.3002     4.8907   101.6390    30.0
20230613.0200     1.3322     4.8957   101.7157    30.0
20230613.0300     1.3517     4.9207   102.0449    30.0
20230613.0400     1.3570     4.9547   102.4508    30.0
20230613.0500     1.3571     4.9836   102.8896    30.0
20230613.0600     1.3497     5.0097   103.1913    30.0
20230613.0700     1.3332     5.0344   103.4601    30.0
20230613.0800     1.3051     5.0650   103.4711    30.0
20230613.0900     1.2770     5.0861   103.3285    30.0
20230613.1000     1.2544     5.0900   103.0213    30.0
20230613.1100     1.2591     5.1175   102.4837    30.0
20230613.1200     1.2420     5.1062   101.7377    30.0
20230613.1300     1.2292     5.0908   101.0246    30.0
20230613.1400     1.2167     5.0792   100.6625    30.0
20230613.1500     1.2069     5.0629   100.5967    30.0
20230613.1600     1.1940     5.0569   100.5364    30.0
20230613.1700     1.1750     5.0643   100.4651    30.0
20230613.1800     1.1506     5.0834   100.3224    30.0
20230613.1900     1.1317     5.0843   100.2731    30.0
20230613.2000     1.1216     5.0590   100.2457    30.0
20230613.2100     1.1121     5.0352   100.0811    30.0
20230613.2200     1.0895     5.0507    99.8672    30.0
20230613.2300     1.0756     5.0375    99.5545    30.0
20230614.0000     1.0754     4.9838    99.1650    30.0
20230614.0100     1.0867     4.9160    98.9017    30.0
20230614.0200     1.1109     4.8500    98.8578    30.0
20230614.0300     1.1488     4.7951    98.7372    30.0
20230614.0400     1.1945     4.7690    98.7481    30.0
20230614.0500     1.2223     4.7843    98.5177    30.0
20230614.0600     1.2174     4.8280    97.9966    30.0
20230614.0700     1.2055     4.8584    97.5084    30.0
20230614.0800     1.1920     4.8713    96.9818    30.0
20230614.0900     1.1702     4.8818    96.6143    30.0
20230614.1000     1.1261     4.9247    96.4936    30.0
20230614.1100     1.0933     4.9262    96.0548    30.0
20230614.1200     1.0629     4.9213    95.8847    30.0
20230614.1300     1.0204     4.9615    96.4442    30.0
20230614.1400     0.9831     4.9836    97.0970    30.0
20230614.1500     0.9543     4.9727    97.5578    30.0
20230614.1600     0.9303     4.9478    97.8814    30.0
20230614.1700     0.9094     4.9176    98.0295    30.0
20230614.1800     0.8914     4.8800    98.2325    30.0
20230614.1900     0.8769     4.8350    98.6549    30.0
20230614.2000     0.8639     4.7918    99.0389    30.0
20230614.2100     0.8527     4.7467    99.2089    30.0
20230614.2200     0.8398     4.7096    99.1321    30.0
20230614.2300     0.8698     4.6649    98.7975    30.0
20230615.0000     0.8754     4.5930    98.9785    30.0
20230615.0100     0.8729     4.5529    99.0992    30.0
20230615.0200     0.8774     4.4991    99.5216    30.0
20230615.0300     0.8763     4.4695    99.6642    30.0
20230615.0400     0.8693     4.4595    99.5490    30.0
20230615.0500     0.8547     4.4708    99.0608    30.0
20230615.0600     0.8382     4.4857    98.5013    30.0
20230615.0700     0.8223     4.4993    98.1941    30.0
20230615.0800     0.8070     4.5120    98.0954    30.0
20230615.0900     0.7953     4.5126    98.1283    30.0
20230615.1000     0.7735     4.5619    98.1996    30.0
20230615.1100     0.7583     4.5812    98.3148    30.0
20230615.1200     0.7475     4.5802    98.3971    30.0
20230615.1300     0.7415     4.5581    98.3477    30.0
20230615.1400     0.7412     4.5115    97.9911    30.0
20230615.1500     0.7399     4.4780    97.6401    30.0
20230615.1600     0.7292     4.4906    97.5962    30.0
20230615.1700     0.7166     4.5089    97.6510    30.0
20230615.1800     0.7090     4.4963    97.6346    30.0
20230615.1900     0.7044     4.4673    97.5359    30.0
20230615.2000     0.6979     4.4508    97.5907    30.0
20230615.2100     0.6851     4.4654    97.7992    30.0
20230615.2200     0.6674     4.4997    97.7827    30.0
20230615.2300     0.6595     4.4748    97.4152    30.0
20230616.0000     0.6590     4.4138    96.7679    30.0
20230616.0100     0.6544     4.3825    96.0658    30.0
20230616.0200     0.6489     4.3566    95.1058    30.0
20230616.0300     0.6394     4.3542    94.4256    30.0
20230616.0400     0.6245     4.3842    94.3214    30.0
20230616.0500     0.6088     4.4195    94.5353    30.0
20230616.0600     0.5951     4.4411    94.6725    30.0
20230616.0700     0.5825     4.4569    94.7438    30.0
20230616.0800     0.5704     4.4721    94.8315    30.0
20230616.0900     0.5591     4.4823    94.9632    30.0
20230616.1000     0.5467     4.4939    95.3801    30.0
20230616.1100     0.5924     4.5895    97.0257    30.0
20230616.1200     0.5878     4.6092    97.8485    30.0
20230616.1300     0.5852     4.6205    98.7975    30.0
20230616.1400     0.5879     4.5975   100.2786    30.0
20230616.1500     0.5951     4.5464   101.7541    30.0
20230616.1600     0.6052     4.4803   103.0816    30.0
20230616.1700     0.6179     4.4071   103.9977    30.0
20230616.1800     0.6414     4.2938   104.5078    30.0
20230616.1900     0.6917     4.1279   104.2939    30.0
20230616.2000     0.7537     4.0143   103.2736    30.0
20230616.2100     0.7962     3.9902   102.3685    30.0
20230616.2200     0.7854     4.0485   102.2478    30.0
20230616.2300     0.7732     4.0848   102.0120    30.0
20230617.0000     0.7793     4.0730   101.4963    30.0
20230617.0100     0.7909     4.0621   100.8710    30.0
20230617.0200     0.7921     4.0807   100.1030    30.0
20230617.0300     0.7827     4.1202    99.4228    30.0
20230617.0400     0.7680     4.1693    98.9127    30.0
20230617.0500     0.7530     4.2159    98.5891    30.0
20230617.0600     0.7415     4.2465    98.3696    30.0
20230617.0700     0.7311     4.2757    98.1831    30.0
20230617.0800     0.7215     4.3052    97.9692    30.0
20230617.0900     0.7111     4.3431    97.7443    30.0
20230617.1000     0.6981     4.3935    97.3987    30.0
20230617.1100     0.6896     4.4238    97.1628    30.0
20230617.1200     0.6855     4.4279    96.9873    30.0
20230617.1300     0.6857     4.4085    96.6911    30.0
20230617.1400     0.6879     4.3812    96.4552    30.0
20230617.1500     0.6904     4.3562    96.3291    30.0
20230617.1600     0.6917     4.3401    96.2303    30.0
20230617.1700     0.6892     4.3421    96.1864    30.0
20230617.1800     0.6831     4.3585    96.1974    30.0
20230617.1900     0.6763     4.3733    96.2248    30.0
20230617.2000     0.6722     4.3721    96.2358    30.0
20230617.2100     0.6712     4.3497    96.2852    30.0
20230617.2200     0.6649     4.3501    95.9396    30.0
20230617.2300     0.6785     4.3820    95.5227    30.0
20230618.0000     0.6796     4.3566    94.9687    30.0
20230618.0100     0.6843     4.3168    94.3378    30.0
20230618.0200     0.6881     4.2855    94.0252    30.0
20230618.0300     0.6886     4.2710    93.9100    30.0
20230618.0400     0.6893     4.2541    93.7783    30.0
20230618.0500     0.6912     4.2325    93.4986    30.0
20230618.0600     0.6891     4.2296    93.2517    30.0
20230618.0700     0.6819     4.2452    93.1749    30.0
20230618.0800     0.6736     4.2614    93.2517    30.0
20230618.0900     0.6691     4.2562    93.4602    30.0
20230618.1000     0.6547     4.2976    93.9210    30.0
20230618.1100     0.6465     4.3053    94.3982    30.0
20230618.1200     0.6398     4.3042    94.9577    30.0
20230618.1300     0.6280     4.3349    95.4130    30.0
20230618.1400     0.6138     4.3776    95.7531    30.0
20230618.1500     0.6009     4.4103    96.0328    30.0
20230618.1600     0.5900     4.4252    96.2303    30.0
20230618.1700     0.5826     4.4113    96.2029    30.0
20230618.1800     0.5772     4.3815    96.0109    30.0
20230618.1900     0.5709     4.3563    95.8354    30.0
20230618.2000     0.5633     4.3419    95.7695    30.0
20230618.2100     0.5536     4.3400    95.9670    30.0
20230618.2200     0.5408     4.3553    96.5485    30.0
20230618.2300     0.5310     4.3507    97.0531    30.0
20230619.0000     0.5230     4.3297    97.6017    30.0
20230619.0100     0.5157     4.3026    98.2106    30.0
20230619.0200     0.5077     4.2833    98.9566    30.0
20230619.0300     0.4985     4.2731    99.5874    30.0
20230619.0400     0.4881     4.2729    99.9056    30.0
20230619.0500     0.4786     4.2678   100.1140    30.0
20230619.0600     0.4688     4.2687   100.2895    30.0
20230619.0700     0.4586     4.2731   100.4047    30.0
20230619.0800     0.4490     4.2743   100.5090    30.0
20230619.0900     0.4455     4.2125   100.5474    30.0
20230619.1000     0.4297     4.2749   101.0410    30.0
20230619.1100     0.4468     4.3599   100.9423    30.0
20230619.1200     0.4419     4.3288   100.9204    30.0
20230619.1300     0.4362     4.2990   100.7448    30.0
20230619.1400     0.4325     4.2450    99.8617    30.0
20230619.1500     0.4268     4.2072    99.7904    30.0
20230619.1600     0.4285     4.1036   102.5276    30.0
20230619.1700     0.4334     3.9891   107.7333    30.0
20230619.1800     0.4314     3.9318   110.6186    30.0
20230619.1900     0.4293     3.8795   112.9993    30.0
20230619.2000     0.4258     3.8410   114.8534    30.0
20230619.2100     0.4242     3.7971   116.9982    30.0
20230619.2200     0.4060     3.8675   116.3838    30.0
20230619.2300     0.4000     3.8537   115.1880    30.0
20230620.0000     0.3999     3.7914   113.0651    30.0
20230620.0100     0.4038     3.7122   109.6038    30.0
20230620.0200     0.4031     3.6718   107.3767    30.0
20230620.0300     0.3999     3.6516   105.7037    30.0
20230620.0400     0.4003     3.6137   104.4365    30.0
20230620.0500     0.3943     3.6227   104.0361    30.0
20230620.0600     0.3855     3.6503   104.0196    30.0
20230620.0700     0.3799     3.6522   104.1129    30.0
20230620.0800     0.3773     3.6319   103.9648    30.0
20230620.0900     0.3786     3.5861   103.3669    30.0
20230620.1000     0.3715     3.5911   104.4146    30.0
20230620.1100     0.3970     3.4356   104.7602    30.0
20230620.1200     0.4394     3.2994   103.9757    30.0
20230620.1300     0.4754     3.2615   103.6356    30.0
20230620.1400     0.5191     3.2476   103.1090    30.0
20230620.1500     0.5594     3.2748   102.2588    30.0
20230620.1600     0.5798     3.3252   102.0010    30.0
20230620.1700     0.5917     3.3716   101.8309    30.0
20230620.1800     0.5945     3.4181   101.6280    30.0
20230620.1900     0.5970     3.4551   101.8145    30.0
20230620.2000     0.6044     3.4832   102.2369    30.0
20230620.2100     0.6106     3.5167   102.4947    30.0
20230620.2200     0.6096     3.5521   102.0010    30.0
20230620.2300     0.6523     3.6849   101.9242    30.0
20230621.0000     0.6659     3.7028   102.0668    30.0
20230621.0100     0.6932     3.7110   102.4453    30.0
20230621.0200     0.7391     3.7253   103.1255    30.0
20230621.0300     0.7800     3.7720   103.6631    30.0
20230621.0400     0.8040     3.8350   104.1513    30.0
20230621.0500     0.8125     3.8968   104.7327    30.0
20230621.0600     0.8071     3.9553   105.3471    30.0
20230621.0700     0.7955     4.0028   105.8956    30.0
20230621.0800     0.7873     4.0286   106.2796    30.0
20230621.0900     0.7834     4.0383   106.4168    30.0
20230621.1000     0.7677     4.0680   106.3016    30.0
20230621.1100     0.7614     4.0674   106.0767    30.0
20230621.1200     0.7635     4.0437   105.9011    30.0
20230621.1300     0.7712     4.0152   105.4129    30.0
20230621.1400     0.7848     3.9869   103.7289    30.0
20230621.1500     0.8008     3.9630   100.5199    30.0
20230621.1600     0.8225     3.9451    96.7734    30.0
20230621.1700     0.8433     3.9488    93.7893    30.0
20230621.1800     0.8563     3.9752    91.9462    30.0
20230621.1900     0.8567     4.0178    91.2495    30.0
20230621.2000     0.8535     4.0579    91.0905    30.0
20230621.2100     0.8509     4.0909    91.0246    30.0
20230621.2200     0.8462     4.1208    90.9917    30.0
20230621.2300     0.8478     4.1397    90.9424    30.0
20230622.0000     0.8549     4.1510    91.0630    30.0
20230622.0100     0.8704     4.1544    91.4251    30.0
20230622.0200     0.8909     4.1613    92.2314    30.0
20230622.0300     0.9064     4.1806    93.1475    30.0
20230622.0400     0.9091     4.2130    93.9594    30.0
20230622.0500     0.9008     4.2501    94.6341    30.0
20230622.0600     0.8881     4.2810    95.2539    30.0
20230622.0700     0.8704     4.3139    95.7641    30.0
20230622.0800     0.8495     4.3461    96.2029    30.0
20230622.0900     0.8325     4.3580    96.7295    30.0
20230622.1000     0.8136     4.3708    97.1519    30.0
20230622.1100     0.8609     4.4837    97.5139    30.0
20230622.1200     0.8486     4.4569    97.6565    30.0
20230622.1300     0.8378     4.4292    97.6072    30.0
20230622.1400     0.8325     4.3878    97.4865    30.0
20230622.1500     0.8330     4.3398    97.3219    30.0
20230622.1600     0.8356     4.2962    96.9873    30.0
20230622.1700     0.8386     4.2618    96.2907    30.0
20230622.1800     0.8331     4.2516    95.4020    30.0
20230622.1900     0.8219     4.2532    94.5847    30.0
20230622.2000     0.8098     4.2532    93.9923    30.0
20230622.2100     0.7979     4.2492    93.7235    30.0
20230622.2200     0.7984     4.2095    93.5315    30.0
20230622.2300     0.7945     4.1898    93.6138    30.0
20230623.0000     0.7914     4.1694    93.9977    30.0
20230623.0100     0.7890     4.1485    94.6450    30.0
20230623.0200     0.7893     4.1229    95.7531    30.0
20230623.0300     0.7992     4.0861    97.5688    30.0
20230623.0400     0.8165     4.0552    99.7958    30.0
20230623.0500     0.8299     4.0468   102.0120    30.0
20230623.0600     0.8317     4.0592   103.8441    30.0
20230623.0700     0.8271     4.0743   105.1332    30.0
20230623.0800     0.8188     4.0875   105.7475    30.0
20230623.0900     0.8029     4.1058   105.8682    30.0
20230623.1000     0.7666     4.1693   105.2429    30.0
20230623.1100     0.7351     4.2139   104.6834    30.0
20230623.1200     0.7073     4.2421   104.2061    30.0
20230623.1300     0.6835     4.2550   103.8331    30.0
20230623.1400     0.6655     4.2420   103.5643    30.0
20230623.1500     0.6485     4.2289   103.2517    30.0
20230623.1600     0.6302     4.2269   102.9006    30.0
20230623.1700     0.6115     4.2349   102.4892    30.0
20230623.1800     0.5921     4.2540   102.0723    30.0
20230623.1900     0.5749     4.2634   101.6883    30.0
20230623.2000     0.5606     4.2566   101.3537    30.0
20230623.2100     0.5487     4.2404   101.1014    30.0
20230623.2200     0.5420     4.1813   100.6625    30.0
20230623.2300     0.6173     4.4032   100.6680    30.0
20230624.0000     0.6095     4.3633   100.9533    30.0
20230624.0100     0.6006     4.3211   101.5347    30.0
20230624.0200     0.5954     4.2532   102.6428    30.0
20230624.0300     0.5898     4.1919   103.7673    30.0
20230624.0400     0.5818     4.1475   104.5517    30.0
20230624.0500     0.5739     4.1038   105.1716    30.0
20230624.0600     0.5660     4.0620   105.4952    30.0
20230624.0700     0.5574     4.0283   105.4568    30.0
20230624.0800     0.5486     3.9994   105.1387    30.0
20230624.0900     0.5410     3.9664   104.7602    30.0
20230624.1000     0.5301     3.9490   104.1458    30.0
20230624.1100     0.5230     3.9217   103.6082    30.0
20230624.1200     0.5172     3.8949   103.1145    30.0
20230624.1300     0.5111     3.8728   102.6318    30.0
20230624.1400     0.5070     3.8468   102.1546    30.0
20230624.1500     0.5009     3.8362   101.4195    30.0
20230624.1600     0.4947     3.8296   100.6625    30.0
20230624.1700     0.4899     3.8168   100.0372    30.0
20230624.1800     0.4866     3.8018    99.5929    30.0
20230624.1900     0.4811     3.8029    99.2912    30.0
20230624.2000     0.4747     3.8109    99.1541    30.0
20230624.2100     0.4695     3.8115    99.0663    30.0
20230624.2200     0.4601     3.8311    98.8359    30.0
20230624.2300     0.4547     3.8378    98.9182    30.0
20230625.0000     0.4516     3.8283    99.2254    30.0
20230625.0100     0.4546     3.7812   100.0098    30.0
20230625.0200     0.4656     3.6994   101.5841    30.0
20230625.0300     0.4761     3.6406   102.8403    30.0
20230625.0400     0.4839     3.6094   103.4382    30.0
20230625.0500     0.4931     3.5795   103.8496    30.0
20230625.0600     0.5020     3.5604   104.1513    30.0
20230625.0700     0.5052     3.5662   104.3542    30.0
20230625.0800     0.5024     3.5936   104.3817    30.0
20230625.0900     0.4979     3.6229   104.3488    30.0
20230625.1000     0.4903     3.6483   103.4437    30.0
20230625.1100     0.4902     3.6698   102.6867    30.0
20230625.1200     0.4886     3.6676   102.2862    30.0
20230625.1300     0.4864     3.6722   102.0504    30.0
20230625.1400     0.4835     3.6809   101.8913    30.0
20230625.1500     0.4814     3.6850   101.6444    30.0
20230625.1600     0.4791     3.6923   101.3976    30.0
20230625.1700     0.4734     3.7200   101.1398    30.0
20230625.1800     0.4654     3.7606   100.9642    30.0
20230625.1900     0.4587     3.7915   101.1946    30.0
20230625.2000     0.4570     3.7876   102.1491    30.0
20230625.2100     0.4575     3.7700   103.2846    30.0
20230625.2200     0.4548     3.7631   104.7711    30.0
20230625.2300     0.4605     3.7168   107.6949    30.0
20230626.0000     0.4630     3.6930   110.3059    30.0
20230626.0100     0.4566     3.7234   110.7832    30.0
20230626.0200     0.4473     3.7679   110.3114    30.0
20230626.0300     0.4383     3.8084   109.6806    30.0
20230626.0400     0.4304     3.8390   109.0937    30.0
20230626.0500     0.4239     3.8591   108.6603    30.0
20230626.0600     0.4175     3.8757   108.2215    30.0
20230626.0700     0.4110     3.8959   107.7333    30.0
20230626.0800     0.4058     3.9021   107.4645    30.0
20230626.0900     0.4026     3.8912   107.3712    30.0
20230626.1000     0.3926     3.9182   106.9269    30.0
20230626.1100     0.3903     3.9003   106.7514    30.0
20230626.1200     0.3884     3.8806   106.6801    30.0
20230626.1300     0.3845     3.8795   106.4716    30.0
20230626.1400     0.3812     3.8707   106.1699    30.0
20230626.1500     0.3797     3.8491   105.9450    30.0
20230626.1600     0.3794     3.8160   105.8353    30.0
20230626.1700     0.3796     3.7838   105.7475    30.0
20230626.1800     0.3789     3.7611   105.5336    30.0
20230626.1900     0.3804     3.7238   105.5172    30.0
20230626.2000     0.3841     3.6736   106.1370    30.0
20230626.2100     0.3852     3.6482   106.8666    30.0
20230626.2200     0.3828     3.6247   107.2780    30.0
20230626.2300     0.3856     3.6168   107.9417    30.0
20230627.0000     0.3830     3.6138   108.4299    30.0
20230627.0100     0.3846     3.5828   109.4337    30.0
20230627.0200     0.3980     3.4881   112.2203    30.0
20230627.0300     0.4214     3.3843   115.6542    30.0
20230627.0400     0.4434     3.3328   117.3492    30.0
20230627.0500     0.4596     3.3191   117.3602    30.0
20230627.0600     0.4707     3.3195   116.4167    30.0
20230627.0700     0.4769     3.3311   115.0453    30.0
20230627.0800     0.4777     3.3519   113.9044    30.0
20230627.0900     0.4787     3.3715   113.2461    30.0
20230627.1000     0.4771     3.3897   112.6756    30.0
20230627.1100     0.4889     3.3828   112.5166    30.0
20230627.1200     0.5064     3.3769   111.8967    30.0
20230627.1300     0.5229     3.3896   110.5473    30.0
20230627.1400     0.5295     3.4267   109.1485    30.0
20230627.1500     0.5264     3.4781   107.9856    30.0
20230627.1600     0.5213     3.5188   106.9982    30.0
20230627.1700     0.5163     3.5474   106.2577    30.0
20230627.1800     0.5122     3.5632   105.9999    30.0
20230627.1900     0.5180     3.5372   106.7788    30.0
20230627.2000     0.5428     3.4742   108.8633    30.0
20230627.2100     0.5932     3.4181   111.8144    30.0
20230627.2200     0.6501     3.4253   112.5220    30.0
20230627.2300     0.6946     3.4851   112.0997    30.0
20230628.0000     0.7396     3.5574   111.2604    30.0
20230628.0100     0.7830     3.6375   110.6296    30.0
20230628.0200     0.8204     3.7204   110.3004    30.0
20230628.0300     0.8414     3.8006   110.0097    30.0
20230628.0400     0.8460     3.8702   109.8726    30.0
20230628.0500     0.8444     3.9234   109.8561    30.0
20230628.0600     0.8415     3.9629   109.8068    30.0
20230628.0700     0.8382     3.9926   109.6093    30.0
20230628.0800     0.8352     4.0149   109.5105    30.0
20230628.0900     0.8268     4.0372   109.3899    30.0
20230628.1000     0.7986     4.0885   108.6219    30.0
20230628.1100     0.7725     4.1296   107.7607    30.0
20230628.1200     0.7517     4.1492   106.8940    30.0
20230628.1300     0.7359     4.1515   105.8572    30.0
20230628.1400     0.7297     4.1225   104.6559    30.0
20230628.1500     0.7284     4.0863   103.3504    30.0
20230628.1600     0.7282     4.0561   101.9736    30.0
20230628.1700     0.7269     4.0358   100.6351    30.0
20230628.1800     0.7167     4.0438    99.5161    30.0
20230628.1900     0.7025     4.0613    98.8359    30.0
20230628.2000     0.6909     4.0645    98.8140    30.0
20230628.2100     0.6940     4.0189   100.6187    30.0
20230628.2200     0.7283     3.9133   104.7437    30.0
20230628.2300     0.7762     3.8494   109.0004    30.0
20230629.0000     0.8027     3.8636   110.9477    30.0
20230629.0100     0.8112     3.9050   110.9477    30.0
20230629.0200     0.8196     3.9341   110.9148    30.0
20230629.0300     0.8316     3.9532   111.3098    30.0
20230629.0400     0.8457     3.9732   111.9296    30.0
20230629.0500     0.8526     4.0044   112.2533    30.0
20230629.0600     0.8558     4.0331   112.5659    30.0
20230629.0700     0.8548     4.0578   112.8347    30.0
20230629.0800     0.8459     4.0830   112.9773    30.0
20230629.0900     0.8288     4.1091   112.9609    30.0
20230629.1000     0.7976     4.1531   111.9186    30.0
20230629.1100     0.7789     4.1877   111.1013    30.0
20230629.1200     0.7515     4.2089   110.2511    30.0
20230629.1300     0.7274     4.2144   109.3131    30.0
20230629.1400     0.7072     4.2043   108.3147    30.0
20230629.1500     0.6840     4.2110   107.3109    30.0
20230629.1600     0.6564     4.2445   106.3235    30.0
20230629.1700     0.6315     4.2709   105.4184    30.0
20230629.1800     0.6098     4.2857   104.6395    30.0
20230629.1900     0.5906     4.2913   104.0032    30.0
20230629.2000     0.5741     4.2875   103.6631    30.0
20230629.2100     0.5630     4.2568   103.9373    30.0
20230629.2200     0.5570     4.1924   104.8589    30.0
20230629.2300     0.5789     4.0006   108.5122    30.0
20230630.0000     0.6364     3.7815   113.8989    30.0
20230630.0100     0.6872     3.7036   116.4332    30.0
20230630.0200     0.7065     3.7173   116.6965    30.0
20230630.0300     0.7129     3.7469   116.1205    30.0
20230630.0400     0.7198     3.7685   115.5281    30.0
20230630.0500     0.7224     3.7955   114.8150    30.0
20230630.0600     0.7187     3.8298   114.1951    30.0
20230630.0700     0.7125     3.8619   113.6466    30.0
20230630.0800     0.6995     3.9047   112.9280    30.0
20230630.0900     0.6862     3.9417   112.3410    30.0
20230630.1000     0.6664     3.9944   111.3866    30.0
20230630.1100     0.6518     4.0269   110.5199    30.0
20230630.1200     0.6409     4.0419   109.8452    30.0
20230630.1300     0.6267     4.0715   108.8962    30.0
20230630.1400     0.6097     4.1166   107.6949    30.0
20230630.1500     0.5929     4.1589   106.4332    30.0
20230630.1600     0.5789     4.1816   105.2648    30.0
20230630.1700     0.5679     4.1818   104.1952    30.0
20230630.1800     0.5576     4.1777   103.3833    30.0
20230630.1900     0.5486     4.1603   102.7031    30.0
20230630.2000     0.5431     4.1197   102.2423    30.0
20230630.2100     0.5424     4.0518   102.4398    30.0
20230630.2200     0.5484     3.9471   103.0103    30.0
20230630.2300     0.5583     3.8569   104.0525    30.0
