TPAR
20230501.0000     0.2119     2.7631    58.8965    30.0
20230501.0100     0.2064     2.7963    60.5695    30.0
20230501.0200     0.2113     2.7458    56.2745    30.0
20230501.0300     0.2231     2.6910    39.7359    30.0
20230501.0400     0.2439     2.6596   357.2490    30.0
20230501.0500     0.2427     2.6878   347.7318    30.0
20230501.0600     0.2358     2.7256   349.9973    30.0
20230501.0700     0.2314     2.7428   351.0779    30.0
20230501.0800     0.2285     2.7507   352.2956    30.0
20230501.0900     0.2259     2.7491   354.3362    30.0
20230501.1000     0.2206     2.7587   329.1581    30.0
20230501.1100     0.2225     2.7372   319.0704    30.0
20230501.1200     0.2245     2.7123   309.1582    30.0
20230501.1300     0.2215     2.7255   305.7079    30.0
20230501.1400     0.2210     2.7146   290.7162    30.0
20230501.1500     0.2152     2.7531   288.1052    30.0
20230501.1600     0.2105     2.7819   288.0448    30.0
20230501.1700     0.2077     2.7912    50.9755    30.0
20230501.1800     0.2097     2.7417    69.4175    30.0
20230501.1900     0.2063     2.7599    71.8366    30.0
20230501.2000     0.2015     2.7974    74.8536    30.0
20230501.2100     0.1972     2.8304    76.9271    30.0
20230501.2200     0.1688     3.1037    72.4839    30.0
20230501.2300     0.1684     3.0961    75.4405    30.0
20230502.0000     0.1685     3.0888    78.0626    30.0
20230502.0100     0.1756     2.9537    83.8552    30.0
20230502.0200     0.1876     2.8065    94.8535    30.0
20230502.0300     0.1872     2.8063    94.5134    30.0
20230502.0400     0.1851     2.8280    94.6670    30.0
20230502.0500     0.1836     2.8452    94.8096    30.0
20230502.0600     0.1826     2.8593    94.8370    30.0
20230502.0700     0.1847     2.8291    94.1952    30.0
20230502.0800     0.1881     2.7957    92.4783    30.0
20230502.0900     0.2014     2.7393    90.0428    30.0
20230502.1000     0.1899     2.8078    92.2424    30.0
20230502.1100     0.1929     2.7991    90.1031    30.0
20230502.1200     0.1959     2.7994    89.9276    30.0
20230502.1300     0.2126     2.7433    86.6857    30.0
20230502.1400     0.2280     2.7065    85.4514    30.0
20230502.1500     0.2393     2.7038    85.8629    30.0
20230502.1600     0.2417     2.7416    86.7296    30.0
20230502.1700     0.2398     2.7866    87.3878    30.0
20230502.1800     0.2412     2.8037    88.5233    30.0
20230502.1900     0.2430     2.8128    89.8124    30.0
20230502.2000     0.2471     2.8105    92.6593    30.0
20230502.2100     0.2550     2.7918    97.7662    30.0
20230502.2200     0.2529     2.7922   102.4343    30.0
20230502.2300     0.2698     2.7642   108.5561    30.0
20230503.0000     0.2908     2.7358   111.8254    30.0
20230503.0100     0.3019     2.7536   111.6224    30.0
20230503.0200     0.3136     2.7690   111.1123    30.0
20230503.0300     0.3257     2.7882   110.4705    30.0
20230503.0400     0.3222     2.8463   109.5380    30.0
20230503.0500     0.3129     2.9100   108.6438    30.0
20230503.0600     0.3060     2.9568   107.8430    30.0
20230503.0700     0.3013     2.9933   107.2505    30.0
20230503.0800     0.3004     3.0152   106.4277    30.0
20230503.0900     0.3080     3.0020   104.5517    30.0
20230503.1000     0.3140     2.9855   100.5144    30.0
20230503.1100     0.3321     2.9529    96.5924    30.0
20230503.1200     0.3394     2.9675    94.8425    30.0
20230503.1300     0.3481     2.9749    93.7399    30.0
20230503.1400     0.3590     2.9822    92.4509    30.0
20230503.1500     0.3619     3.0209    91.2715    30.0
20230503.1600     0.3523     3.1010    91.5238    30.0
20230503.1700     0.3405     3.1871    92.2973    30.0
20230503.1800     0.3320     3.2545    92.9610    30.0
20230503.1900     0.3309     3.2639    94.8644    30.0
20230503.2000     0.3292     3.2842    96.5156    30.0
20230503.2100     0.3303     3.2869    99.0443    30.0
20230503.2200     0.3352     3.2797   103.8880    30.0
20230503.2300     0.4030     3.5656   105.6269    30.0
20230504.0000     0.4028     3.6088   105.3252    30.0
20230504.0100     0.4003     3.6265   105.2922    30.0
20230504.0200     0.3955     3.6447   105.2264    30.0
20230504.0300     0.3870     3.6851   104.6285    30.0
20230504.0400     0.3787     3.7180   103.9538    30.0
20230504.0500     0.3730     3.7351   103.2078    30.0
20230504.0600     0.3688     3.7400   102.1820    30.0
20230504.0700     0.3647     3.7485   101.2111    30.0
20230504.0800     0.3598     3.7742   100.6406    30.0
20230504.0900     0.3544     3.8106   100.0262    30.0
20230504.1000     0.3412     3.9266    99.5106    30.0
20230504.1100     0.3384     3.9492    99.2034    30.0
20230504.1200     0.3365     3.9683    98.8962    30.0
20230504.1300     0.3395     3.9396    98.0186    30.0
20230504.1400     0.3386     3.9627    98.0570    30.0
20230504.1500     0.3379     3.9904    98.0954    30.0
20230504.1600     0.3406     3.9804    98.1996    30.0
20230504.1700     0.3422     3.9819    98.8908    30.0
20230504.1800     0.3457     3.9651   100.3938    30.0
20230504.1900     0.3573     3.8804   104.5901    30.0
20230504.2000     0.3681     3.8149   108.8797    30.0
20230504.2100     0.3756     3.7783   112.4068    30.0
20230504.2200     0.3689     3.8511   112.4672    30.0
20230504.2300     0.3647     3.9064   111.6992    30.0
20230505.0000     0.3627     3.9340   111.0629    30.0
20230505.0100     0.3614     3.9536   110.5583    30.0
20230505.0200     0.3613     3.9607   110.2730    30.0
20230505.0300     0.3604     3.9734   110.0152    30.0
20230505.0400     0.3586     3.9947   109.5489    30.0
20230505.0500     0.3563     4.0199   108.9730    30.0
20230505.0600     0.3553     4.0239   108.1611    30.0
20230505.0700     0.3536     4.0350   107.3273    30.0
20230505.0800     0.3512     4.0580   106.7020    30.0
20230505.0900     0.3476     4.0941   106.1644    30.0
20230505.1000     0.3381     4.1880   105.2648    30.0
20230505.1100     0.3361     4.2054   104.7437    30.0
20230505.1200     0.3345     4.2187   104.2665    30.0
20230505.1300     0.3330     4.2299   103.8002    30.0
20230505.1400     0.3334     4.2201   103.3285    30.0
20230505.1500     0.3346     4.1891   103.0706    30.0
20230505.1600     0.3354     4.1687   102.9884    30.0
20230505.1700     0.3383     4.1240   103.5205    30.0
20230505.1800     0.3399     4.1002   104.0525    30.0
20230505.1900     0.3381     4.1185   103.6960    30.0
20230505.2000     0.3375     4.1251   103.3723    30.0
20230505.2100     0.3398     4.0950   103.5205    30.0
20230505.2200     0.3425     4.0597   106.3454    30.0
20230505.2300     0.3558     3.9433   110.4156    30.0
20230506.0000     0.3755     3.7942   116.3399    30.0
20230506.0100     0.3809     3.7761   118.0898    30.0
20230506.0200     0.3807     3.7932   117.5412    30.0
20230506.0300     0.3805     3.8042   116.6306    30.0
20230506.0400     0.3792     3.8195   115.9724    30.0
20230506.0500     0.3772     3.8366   115.5719    30.0
20230506.0600     0.3749     3.8563   115.2483    30.0
20230506.0700     0.3735     3.8696   115.2538    30.0
20230506.0800     0.3733     3.8645   115.2867    30.0
20230506.0900     0.3752     3.8423   115.6487    30.0
20230506.1000     0.3691     3.8754   115.0289    30.0
20230506.1100     0.3667     3.8947   114.3871    30.0
20230506.1200     0.3660     3.8918   113.6356    30.0
20230506.1300     0.3672     3.8719   112.7469    30.0
20230506.1400     0.3680     3.8517   112.1765    30.0
20230506.1500     0.3669     3.8514   111.6444    30.0
20230506.1600     0.3630     3.8771   110.9313    30.0
20230506.1700     0.3587     3.9050   110.1688    30.0
20230506.1800     0.3558     3.9169   109.5105    30.0
20230506.1900     0.3517     3.9399   108.7645    30.0
20230506.2000     0.3481     3.9588   108.0514    30.0
20230506.2100     0.3443     3.9765   107.3822    30.0
20230506.2200     0.3387     3.9817   107.1628    30.0
20230506.2300     0.3390     4.0108   106.6362    30.0
20230507.0000     0.3364     3.9982   106.3071    30.0
20230507.0100     0.3357     3.9637   106.2906    30.0
20230507.0200     0.3349     3.9457   106.6197    30.0
20230507.0300     0.3343     3.9276   106.6307    30.0
20230507.0400     0.3320     3.9264   106.0547    30.0
20230507.0500     0.3287     3.9443   105.3636    30.0
20230507.0600     0.3256     3.9568   104.7437    30.0
20230507.0700     0.3228     3.9720   104.0855    30.0
20230507.0800     0.3195     3.9959   103.3614    30.0
20230507.0900     0.3164     4.0160   102.6592    30.0
20230507.1000     0.3042     4.1423   100.7723    30.0
20230507.1100     0.3039     4.1250   100.1798    30.0
20230507.1200     0.3037     4.1109    99.6697    30.0
20230507.1300     0.3036     4.0980    99.2363    30.0
20230507.1400     0.3040     4.0839    98.9017    30.0
20230507.1500     0.3060     4.0532    98.9291    30.0
20230507.1600     0.3137     3.9512   100.0482    30.0
20230507.1700     0.3220     3.8759   102.5495    30.0
20230507.1800     0.3302     3.8162   105.7311    30.0
20230507.1900     0.3397     3.7709   110.3663    30.0
20230507.2000     0.3540     3.7039   118.4408    30.0
20230507.2100     0.3698     3.6558   127.5960    30.0
20230507.2200     0.3873     3.6151   145.5608    30.0
20230507.2300     0.3932     3.6761   152.8619    30.0
20230508.0000     0.4004     3.7347   159.9216    30.0
20230508.0100     0.4099     3.7809   166.9485    30.0
20230508.0200     0.4192     3.8287   173.9479    30.0
20230508.0300     0.4276     3.8860   180.8595    30.0
20230508.0400     0.4361     3.9284   187.1733    30.0
20230508.0500     0.4421     3.9793   192.4009    30.0
20230508.0600     0.4463     4.0231   197.0799    30.0
20230508.0700     0.4490     4.0583   201.0733    30.0
20230508.0800     0.4488     4.0945   203.9093    30.0
20230508.0900     0.4463     4.1291   205.4946    30.0
20230508.1000     0.4328     4.2438   206.2571    30.0
20230508.1100     0.4298     4.2441   205.7085    30.0
20230508.1200     0.4257     4.2415   203.9971    30.0
20230508.1300     0.4209     4.2298   201.0020    30.0
20230508.1400     0.4163     4.1970   196.2791    30.0
20230508.1500     0.4090     4.1919   190.5523    30.0
20230508.1600     0.4016     4.1843   183.4377    30.0
20230508.1700     0.3957     4.1500   175.1986    30.0
20230508.1800     0.3926     4.0861   167.5464    30.0
20230508.1900     0.3875     4.0496   159.7680    30.0
20230508.2000     0.3816     4.0256   151.9842    30.0
20230508.2100     0.3753     4.0134   144.7489    30.0
20230508.2200     0.3662     4.0122   138.3639    30.0
20230508.2300     0.3603     4.0189   133.6135    30.0
20230509.0000     0.3556     4.0186   129.8779    30.0
20230509.0100     0.3531     3.9978   127.3437    30.0
20230509.0200     0.3492     4.0043   124.9795    30.0
20230509.0300     0.3458     4.0124   123.1034    30.0
20230509.0400     0.3428     4.0192   121.6827    30.0
20230509.0500     0.3423     3.9988   120.5253    30.0
20230509.0600     0.3397     4.0062   119.4337    30.0
20230509.0700     0.3398     3.9775   118.2433    30.0
20230509.0800     0.3450     3.9006   115.2373    30.0
20230509.0900     0.3541     3.8067   113.6027    30.0
20230509.1000     0.3523     3.7892   111.6224    30.0
20230509.1100     0.3725     3.6377   112.4891    30.0
20230509.1200     0.3977     3.4886   111.8857    30.0
20230509.1300     0.4477     3.3231   109.4886    30.0
20230509.1400     0.5163     3.2455   105.9944    30.0
20230509.1500     0.5895     3.2551   102.7470    30.0
20230509.1600     0.6358     3.3267   100.4376    30.0
20230509.1700     0.6419     3.4128    98.9950    30.0
20230509.1800     0.6284     3.4934    98.0515    30.0
20230509.1900     0.6095     3.5736    97.3603    30.0
20230509.2000     0.5900     3.6512    96.7514    30.0
20230509.2100     0.5772     3.7090    96.1864    30.0
20230509.2200     0.5660     3.7597    95.5776    30.0
20230509.2300     0.5617     3.8046    95.0948    30.0
20230510.0000     0.5667     3.8148    94.7383    30.0
20230510.0100     0.5827     3.7932    94.3872    30.0
20230510.0200     0.6110     3.7602    94.0745    30.0
20230510.0300     0.6483     3.7455    93.6577    30.0
20230510.0400     0.6861     3.7658    93.2188    30.0
20230510.0500     0.7234     3.8090    92.7635    30.0
20230510.0600     0.7582     3.8663    92.5002    30.0
20230510.0700     0.7802     3.9402    92.3960    30.0
20230510.0800     0.7862     4.0266    92.1601    30.0
20230510.0900     0.7878     4.1047    91.8859    30.0
20230510.1000     0.7788     4.1966    91.6719    30.0
20230510.1100     0.7810     4.2390    91.7487    30.0
20230510.1200     0.7846     4.2679    92.2424    30.0
20230510.1300     0.7923     4.2740    93.0872    30.0
20230510.1400     0.8067     4.2550    94.1678    30.0
20230510.1500     0.8250     4.2280    95.4624    30.0
20230510.1600     0.8383     4.2208    96.2797    30.0
20230510.1700     0.8429     4.2365    96.9599    30.0
20230510.1800     0.8449     4.2575    98.1063    30.0
20230510.1900     0.8502     4.2668    99.9549    30.0
20230510.2000     0.8749     4.2381   102.6867    30.0
20230510.2100     0.9160     4.2076   105.7585    30.0
20230510.2200     0.9581     4.1986   108.3476    30.0
20230510.2300     1.0314     4.2564   109.3734    30.0
20230511.0000     1.0742     4.3057   109.0991    30.0
20230511.0100     1.1020     4.3651   108.4135    30.0
20230511.0200     1.1098     4.4211   107.3932    30.0
20230511.0300     1.1027     4.4642   106.3125    30.0
20230511.0400     1.0778     4.5000   105.5117    30.0
20230511.0500     1.0563     4.5076   104.9302    30.0
20230511.0600     1.0436     4.4921   104.4255    30.0
20230511.0700     1.0298     4.4726   103.8331    30.0
20230511.0800     1.0215     4.4436   103.3065    30.0
20230511.0900     1.0263     4.4068   103.2791    30.0
20230511.1000     1.0322     4.3836   104.3433    30.0
20230511.1100     1.0349     4.3781   105.6762    30.0
20230511.1200     1.0537     4.3738   107.2999    30.0
20230511.1300     1.0789     4.3879   108.4080    30.0
20230511.1400     1.1116     4.4164   108.6877    30.0
20230511.1500     1.1348     4.4589   108.4354    30.0
20230511.1600     1.1388     4.5058   107.9637    30.0
20230511.1700     1.1383     4.5389   107.3877    30.0
20230511.1800     1.1329     4.5607   106.7788    30.0
20230511.1900     1.1279     4.5703   106.0383    30.0
20230511.2000     1.1156     4.5799   105.2922    30.0
20230511.2100     1.1006     4.5845   104.5298    30.0
20230511.2200     1.0817     4.5846   103.8112    30.0
20230511.2300     1.0751     4.5650   103.0213    30.0
20230512.0000     1.0725     4.5458   102.2807    30.0
20230512.0100     1.0684     4.5351   101.6554    30.0
20230512.0200     1.0681     4.5254   101.0356    30.0
20230512.0300     1.0592     4.5307   100.7558    30.0
20230512.0400     1.0471     4.5393   100.7942    30.0
20230512.0500     1.0417     4.5325   100.7887    30.0
20230512.0600     1.0430     4.5173   100.7777    30.0
20230512.0700     1.0392     4.5121   100.7393    30.0
20230512.0800     1.0275     4.5148   100.7448    30.0
20230512.0900     1.0172     4.5094   100.9588    30.0
20230512.1000     1.0003     4.5137   100.8436    30.0
20230512.1100     1.0133     4.5528   100.7393    30.0
20230512.1200     1.0012     4.5614   100.5528    30.0
20230512.1300     0.9870     4.5799   100.2511    30.0
20230512.1400     0.9804     4.5849   100.0098    30.0
20230512.1500     0.9724     4.6034    99.7794    30.0
20230512.1600     0.9585     4.6435    99.4558    30.0
20230512.1700     0.9411     4.6967    99.0114    30.0
20230512.1800     0.9244     4.7487    98.4958    30.0
20230512.1900     0.9087     4.7953    98.0734    30.0
20230512.2000     0.8969     4.8251    97.7937    30.0
20230512.2100     0.8865     4.8453    97.6620    30.0
20230512.2200     0.8723     4.8793    97.6017    30.0
20230512.2300     0.8632     4.8846    97.8485    30.0
20230513.0000     0.8563     4.8762    98.1831    30.0
20230513.0100     0.8507     4.8600    98.5452    30.0
20230513.0200     0.8430     4.8514    98.6988    30.0
20230513.0300     0.8395     4.8224    98.7481    30.0
20230513.0400     0.8352     4.7988    98.4793    30.0
20230513.0500     0.8288     4.7855    98.0789    30.0
20230513.0600     0.8168     4.7975    97.5304    30.0
20230513.0700     0.7995     4.8367    96.9873    30.0
20230513.0800     0.7822     4.8746    96.4772    30.0
20230513.0900     0.7689     4.8891    95.9944    30.0
20230513.1000     0.7545     4.9073    95.7586    30.0
20230513.1100     0.7443     4.9038    95.6324    30.0
20230513.1200     0.7342     4.8998    95.4898    30.0
20230513.1300     0.7243     4.8986    95.2978    30.0
20230513.1400     0.7174     4.8762    95.2813    30.0
20230513.1500     0.7151     4.8251    96.2742    30.0
20230513.1600     0.7135     4.7731    97.8595    30.0
20230513.1700     0.7091     4.7405    99.3296    30.0
20230513.1800     0.7049     4.7062   100.9917    30.0
20230513.1900     0.7059     4.6536   103.0981    30.0
20230513.2000     0.7132     4.5834   105.9066    30.0
20230513.2100     0.7276     4.4960   109.6916    30.0
20230513.2200     0.7298     4.4825   112.2971    30.0
20230513.2300     0.7749     4.5655   115.0344    30.0
20230514.0000     0.7799     4.5776   116.8226    30.0
20230514.0100     0.7867     4.5869   118.2543    30.0
20230514.0200     0.7963     4.5874   119.3404    30.0
20230514.0300     0.8051     4.5941   119.8122    30.0
20230514.0400     0.8135     4.6012   119.8780    30.0
20230514.0500     0.8140     4.6429   119.5379    30.0
20230514.0600     0.8110     4.6951   118.8906    30.0
20230514.0700     0.8057     4.7489   117.9471    30.0
20230514.0800     0.8003     4.7950   116.7897    30.0
20230514.0900     0.7963     4.8220   115.5555    30.0
20230514.1000     0.7881     4.8636   114.1951    30.0
20230514.1100     0.7841     4.8727   112.8621    30.0
20230514.1200     0.7805     4.8730   111.5566    30.0
20230514.1300     0.7770     4.8643   110.2620    30.0
20230514.1400     0.7743     4.8432   109.0937    30.0
20230514.1500     0.7681     4.8331   108.0679    30.0
20230514.1600     0.7575     4.8391   107.2341    30.0
20230514.1700     0.7448     4.8451   106.6746    30.0
20230514.1800     0.7361     4.8217   106.7459    30.0
20230514.1900     0.7342     4.7551   107.8759    30.0
20230514.2000     0.7399     4.6549   109.9549    30.0
20230514.2100     0.7524     4.5347   112.3465    30.0
20230514.2200     0.7669     4.4230   114.2938    30.0
20230514.2300     0.7810     4.3358   115.5281    30.0
20230515.0000     0.7871     4.2879   115.7310    30.0
20230515.0100     0.7852     4.2660   115.4622    30.0
20230515.0200     0.7788     4.2542   115.0673    30.0
20230515.0300     0.7693     4.2491   114.3542    30.0
20230515.0400     0.7572     4.2455   113.3997    30.0
20230515.0500     0.7467     4.2315   112.5385    30.0
20230515.0600     0.7348     4.2192   111.8638    30.0
20230515.0700     0.7211     4.2100   111.3482    30.0
20230515.0800     0.7056     4.2044   110.8984    30.0
20230515.0900     0.6915     4.1893   110.5473    30.0
20230515.1000     0.6733     4.1856   109.9110    30.0
20230515.1100     0.7874     4.5421   109.2582    30.0
20230515.1200     0.7711     4.5491   108.4244    30.0
20230515.1300     0.7525     4.5481   107.7168    30.0
20230515.1400     0.7313     4.5423   106.9763    30.0
20230515.1500     0.7089     4.5303   106.0876    30.0
20230515.1600     0.6836     4.5233   105.2538    30.0
20230515.1700     0.6569     4.5222   104.5517    30.0
20230515.1800     0.6325     4.5038   104.0471    30.0
20230515.1900     0.6125     4.4583   103.8441    30.0
20230515.2000     0.5969     4.3884   104.1403    30.0
20230515.2100     0.5865     4.2934   105.0673    30.0
20230515.2200     0.5680     4.2581   105.5610    30.0
20230515.2300     0.5553     4.1966   105.9944    30.0
20230516.0000     0.5420     4.1515   106.0876    30.0
20230516.0100     0.5281     4.1211   105.8463    30.0
20230516.0200     0.5151     4.0943   105.4513    30.0
20230516.0300     0.5041     4.0624   104.9741    30.0
20230516.0400     0.4973     4.0119   104.4914    30.0
20230516.0500     0.4956     3.9364   104.0361    30.0
20230516.0600     0.4990     3.8482   103.5808    30.0
20230516.0700     0.5053     3.7683   103.2517    30.0
20230516.0800     0.5089     3.7193   102.9280    30.0
20230516.0900     0.5071     3.7020   102.6318    30.0
20230516.1000     0.4958     3.7219   101.8913    30.0
20230516.1100     0.4880     3.7258   101.2275    30.0
20230516.1200     0.4831     3.7147   100.7339    30.0
20230516.1300     0.4772     3.7099   100.2566    30.0
20230516.1400     0.4683     3.7216    99.7191    30.0
20230516.1500     0.4604     3.7263    99.1705    30.0
20230516.1600     0.4529     3.7281    98.7865    30.0
20230516.1700     0.4475     3.7161    98.6055    30.0
20230516.1800     0.4431     3.6977    98.5781    30.0
20230516.1900     0.4388     3.6818    98.6439    30.0
20230516.2000     0.4348     3.6658    98.7865    30.0
20230516.2100     0.4352     3.6259    99.1541    30.0
20230516.2200     0.4306     3.6100    99.6971    30.0
20230516.2300     0.4393     3.5723   100.7339    30.0
20230517.0000     0.4621     3.4768   102.1162    30.0
20230517.0100     0.4907     3.4131   102.8732    30.0
20230517.0200     0.5211     3.3833   103.4327    30.0
20230517.0300     0.5448     3.3847   104.0909    30.0
20230517.0400     0.5600     3.4023   104.7602    30.0
20230517.0500     0.5665     3.4308   105.1387    30.0
20230517.0600     0.5626     3.4704   105.0619    30.0
20230517.0700     0.5551     3.5040   105.0893    30.0
20230517.0800     0.5484     3.5260   105.1332    30.0
20230517.0900     0.5423     3.5427   105.0289    30.0
20230517.1000     0.5317     3.5651   104.5188    30.0
20230517.1100     0.5260     3.5705   103.8496    30.0
20230517.1200     0.5225     3.5688   103.0487    30.0
20230517.1300     0.5248     3.5482   101.8584    30.0
20230517.1400     0.5372     3.5099   100.1524    30.0
20230517.1500     0.5506     3.4915    98.6384    30.0
20230517.1600     0.5502     3.5129    97.8321    30.0
20230517.1700     0.5430     3.5452    97.4042    30.0
20230517.1800     0.5305     3.5886    97.2506    30.0
20230517.1900     0.5147     3.6390    97.1464    30.0
20230517.2000     0.5000     3.6801    97.1354    30.0
20230517.2100     0.4886     3.6998    97.4042    30.0
20230517.2200     0.4790     3.7009    97.6456    30.0
20230517.2300     0.4720     3.6959    97.7937    30.0
20230518.0000     0.4659     3.6896    97.8759    30.0
20230518.0100     0.4657     3.6503    98.1996    30.0
20230518.0200     0.4703     3.5959    98.8524    30.0
20230518.0300     0.4659     3.6001    99.0389    30.0
20230518.0400     0.4567     3.6281    98.9291    30.0
20230518.0500     0.4459     3.6681    98.7152    30.0
20230518.0600     0.4352     3.7081    98.4739    30.0
20230518.0700     0.4265     3.7381    98.2490    30.0
20230518.0800     0.4192     3.7588    98.1283    30.0
20230518.0900     0.4128     3.7744    98.0789    30.0
20230518.1000     0.4024     3.8163    98.1667    30.0
20230518.1100     0.4513     4.0300    98.4025    30.0
20230518.1200     0.4436     4.0019    98.3093    30.0
20230518.1300     0.4389     3.9562    98.2599    30.0
20230518.1400     0.4398     3.8782    98.3203    30.0
20230518.1500     0.4459     3.7792    98.2983    30.0
20230518.1600     0.4455     3.7373    97.9363    30.0
20230518.1700     0.4374     3.7462    97.5523    30.0
20230518.1800     0.4296     3.7528    97.2342    30.0
20230518.1900     0.4234     3.7477    96.9818    30.0
20230518.2000     0.4208     3.7183    96.9983    30.0
20230518.2100     0.4204     3.6805    97.1738    30.0
20230518.2200     0.4196     3.6442    97.6072    30.0
20230518.2300     0.4238     3.5949    98.0295    30.0
20230519.0000     0.4284     3.5550    98.2709    30.0
20230519.0100     0.4351     3.5122    98.4464    30.0
20230519.0200     0.4420     3.4781    98.6494    30.0
20230519.0300     0.4459     3.4640    98.8578    30.0
20230519.0400     0.4487     3.4534    99.2034    30.0
20230519.0500     0.4523     3.4396    99.7026    30.0
20230519.0600     0.4551     3.4314    99.9275    30.0
20230519.0700     0.4568     3.4273   100.0262    30.0
20230519.0800     0.4610     3.4134   100.3883    30.0
20230519.0900     0.4690     3.3907   100.9204    30.0
20230519.1000     0.4548     3.4506   100.0372    30.0
20230519.1100     0.4455     3.4872    99.4612    30.0
20230519.1200     0.4395     3.5047    98.9566    30.0
20230519.1300     0.4371     3.5014    98.3751    30.0
20230519.1400     0.4428     3.4602    97.7169    30.0
20230519.1500     0.4527     3.4173    96.9983    30.0
20230519.1600     0.4626     3.3898    96.5265    30.0
20230519.1700     0.4736     3.3717    96.1919    30.0
20230519.1800     0.4813     3.3703    95.9835    30.0
20230519.1900     0.4882     3.3726    95.5062    30.0
20230519.2000     0.4920     3.3885    95.0016    30.0
20230519.2100     0.4863     3.4344    94.4530    30.0
20230519.2200     0.4799     3.4640    93.6851    30.0
20230519.2300     0.5983     3.8393    92.4015    30.0
20230520.0000     0.6022     3.8649    92.1492    30.0
20230520.0100     0.6069     3.8719    92.0724    30.0
20230520.0200     0.6149     3.8576    92.4070    30.0
20230520.0300     0.6260     3.8325    93.2572    30.0
20230520.0400     0.6372     3.8124    94.2994    30.0
20230520.0500     0.6421     3.8133    95.2265    30.0
20230520.0600     0.6404     3.8272    95.9506    30.0
20230520.0700     0.6361     3.8396    96.5430    30.0
20230520.0800     0.6321     3.8443    97.0915    30.0
20230520.0900     0.6261     3.8484    97.7443    30.0
20230520.1000     0.6077     3.8923    98.0131    30.0
20230520.1100     0.5982     3.8927    98.2709    30.0
20230520.1200     0.5952     3.8672    98.7536    30.0
20230520.1300     0.5919     3.8499    98.9566    30.0
20230520.1400     0.5857     3.8464    98.7920    30.0
20230520.1500     0.5783     3.8487    98.3422    30.0
20230520.1600     0.5703     3.8528    97.7443    30.0
20230520.1700     0.5611     3.8644    97.0915    30.0
20230520.1800     0.5469     3.9022    96.5759    30.0
20230520.1900     0.5311     3.9539    96.0712    30.0
20230520.2000     0.5178     3.9895    95.6379    30.0
20230520.2100     0.5096     3.9937    95.4898    30.0
20230520.2200     0.5210     3.8780    96.8502    30.0
20230520.2300     0.5365     3.7778    98.1228    30.0
20230521.0000     0.5569     3.6957    99.4612    30.0
20230521.0100     0.5911     3.6209   100.9642    30.0
20230521.0200     0.6192     3.6018   101.4031    30.0
20230521.0300     0.6360     3.6171   101.1507    30.0
20230521.0400     0.6405     3.6502   100.4815    30.0
20230521.0500     0.6362     3.6902    99.6313    30.0
20230521.0600     0.6293     3.7286    99.0389    30.0
20230521.0700     0.6197     3.7719    98.6055    30.0
20230521.0800     0.6119     3.8070    98.3312    30.0
20230521.0900     0.6115     3.8183    98.3203    30.0
20230521.1000     0.6193     3.8109    98.2325    30.0
20230521.1100     0.6501     3.9036    97.7498    30.0
20230521.1200     0.6466     3.9361    97.0860    30.0
20230521.1300     0.6415     3.9721    96.4004    30.0
20230521.1400     0.6387     3.9933    95.9231    30.0
20230521.1500     0.6412     3.9916    95.8025    30.0
20230521.1600     0.6425     3.9950    95.8957    30.0
20230521.1700     0.6383     4.0164    95.9615    30.0
20230521.1800     0.6315     4.0434    95.9560    30.0
20230521.1900     0.6238     4.0685    95.8683    30.0
20230521.2000     0.6175     4.0821    95.8683    30.0
20230521.2100     0.6122     4.0904    96.0219    30.0
20230521.2200     0.6044     4.1038    96.2413    30.0
20230521.2300     0.6045     4.0836    97.0202    30.0
20230522.0000     0.6169     4.0150    98.8085    30.0
20230522.0100     0.6396     3.9305   101.1178    30.0
20230522.0200     0.6611     3.8850   102.6263    30.0
20230522.0300     0.6760     3.8756   103.3120    30.0
20230522.0400     0.6868     3.8838   103.5808    30.0
20230522.0500     0.6932     3.9027   103.4217    30.0
20230522.0600     0.6982     3.9216   103.0542    30.0
20230522.0700     0.7066     3.9328   102.5331    30.0
20230522.0800     0.7115     3.9548   101.7048    30.0
20230522.0900     0.7154     3.9775   100.7942    30.0
20230522.1000     0.6977     4.0596    99.5271    30.0
20230522.1100     0.6850     4.1171    98.5891    30.0
20230522.1200     0.6774     4.1530    97.7717    30.0
20230522.1300     0.6751     4.1672    97.0092    30.0
20230522.1400     0.6751     4.1758    96.1974    30.0
20230522.1500     0.6692     4.2128    95.3362    30.0
20230522.1600     0.6607     4.2599    94.5847    30.0
20230522.1700     0.6524     4.3013    94.0252    30.0
20230522.1800     0.6446     4.3367    93.6193    30.0
20230522.1900     0.6364     4.3713    93.2682    30.0
20230522.2000     0.6278     4.4037    92.9720    30.0
20230522.2100     0.6200     4.4246    92.8458    30.0
20230522.2200     0.6149     4.4148    93.1694    30.0
20230522.2300     0.7356     4.7883    94.0307    30.0
20230523.0000     0.7212     4.7314    94.5847    30.0
20230523.0100     0.7092     4.6650    95.3965    30.0
20230523.0200     0.6986     4.5996    96.2029    30.0
20230523.0300     0.6872     4.5467    96.7514    30.0
20230523.0400     0.6721     4.5214    96.8995    30.0
20230523.0500     0.6561     4.5078    96.8721    30.0
20230523.0600     0.6386     4.5088    96.6966    30.0
20230523.0700     0.6237     4.4986    96.6637    30.0
20230523.0800     0.6107     4.4790    96.7569    30.0
20230523.0900     0.6018     4.4412    97.0038    30.0
20230523.1000     0.5918     4.4132    97.0915    30.0
20230523.1100     0.5886     4.3537    97.3219    30.0
20230523.1200     0.5890     4.2833    97.8266    30.0
20230523.1300     0.5925     4.2100    98.2928    30.0
20230523.1400     0.5952     4.1543    98.4629    30.0
20230523.1500     0.5943     4.1273    98.1886    30.0
20230523.1600     0.5921     4.1100    97.8924    30.0
20230523.1700     0.5900     4.0938    97.7443    30.0
20230523.1800     0.5934     4.0548    98.0405    30.0
20230523.1900     0.5984     4.0162    98.7152    30.0
20230523.2000     0.6010     3.9947    99.2089    30.0
20230523.2100     0.6047     3.9706    99.5600    30.0
20230523.2200     0.6051     3.9576    99.5271    30.0
20230523.2300     0.6136     3.9210    99.4228    30.0
20230524.0000     0.6235     3.8898    99.1650    30.0
20230524.0100     0.6376     3.8540    99.1266    30.0
20230524.0200     0.6535     3.8248    99.3406    30.0
20230524.0300     0.6596     3.8263    99.1321    30.0
20230524.0400     0.6559     3.8457    98.6878    30.0
20230524.0500     0.6503     3.8606    98.3367    30.0
20230524.0600     0.6467     3.8642    98.1063    30.0
20230524.0700     0.6458     3.8603    98.0789    30.0
20230524.0800     0.6455     3.8570    98.2435    30.0
20230524.0900     0.6471     3.8502    98.6768    30.0
20230524.1000     0.6367     3.8748    99.0389    30.0
20230524.1100     0.6327     3.8767    99.3680    30.0
20230524.1200     0.6326     3.8681    99.3680    30.0
20230524.1300     0.6337     3.8610    99.4009    30.0
20230524.1400     0.6336     3.8602    99.6642    30.0
20230524.1500     0.6313     3.8678    99.8013    30.0
20230524.1600     0.6265     3.8821    99.8617    30.0
20230524.1700     0.6205     3.8973   100.0317    30.0
20230524.1800     0.6185     3.8958   100.3663    30.0
20230524.1900     0.6183     3.8877   100.5912    30.0
20230524.2000     0.6210     3.8723   100.8161    30.0
20230524.2100     0.6296     3.8434   101.1946    30.0
20230524.2200     0.6507     3.7908   101.9626    30.0
20230524.2300     0.6703     3.7691   103.1804    30.0
20230525.0000     0.6858     3.7657   104.6998    30.0
20230525.0100     0.7056     3.7636   106.1041    30.0
20230525.0200     0.7323     3.7668   107.2012    30.0
20230525.0300     0.7554     3.7912   107.7223    30.0
20230525.0400     0.7713     3.8283   107.8430    30.0
20230525.0500     0.7808     3.8671   107.7552    30.0
20230525.0600     0.7865     3.9042   107.3383    30.0
20230525.0700     0.7862     3.9478   106.0547    30.0
20230525.0800     0.7879     3.9854   104.5407    30.0
20230525.0900     0.7922     4.0187   103.4711    30.0
20230525.1000     0.7826     4.0764   102.1217    30.0
20230525.1100     0.7851     4.1504   100.9642    30.0
20230525.1200     0.7762     4.2050   100.0866    30.0
20230525.1300     0.7682     4.2469    99.1760    30.0
20230525.1400     0.7695     4.2522    98.0734    30.0
20230525.1500     0.7761     4.2411    97.0038    30.0
20230525.1600     0.7816     4.2358    96.0548    30.0
20230525.1700     0.7921     4.2199    95.5721    30.0
20230525.1800     0.7958     4.2264    95.5885    30.0
20230525.1900     0.7907     4.2547    95.6160    30.0
20230525.2000     0.7869     4.2717    95.8957    30.0
20230525.2100     0.7822     4.2876    96.3565    30.0
20230525.2200     0.7745     4.3075    96.6582    30.0
20230525.2300     0.8073     4.3886    97.1519    30.0
20230526.0000     0.8085     4.3683    97.6126    30.0
20230526.0100     0.8183     4.3306    98.2160    30.0
20230526.0200     0.8391     4.2799    99.0773    30.0
20230526.0300     0.8610     4.2523   100.0043    30.0
20230526.0400     0.8796     4.2478   100.8161    30.0
20230526.0500     0.8910     4.2661   100.9972    30.0
20230526.0600     0.8988     4.2891   100.9642    30.0
20230526.0700     0.9004     4.3189   100.7942    30.0
20230526.0800     0.8957     4.3512   100.4815    30.0
20230526.0900     0.8910     4.3733   100.1469    30.0
20230526.1000     0.8708     4.4279    98.9511    30.0
20230526.1100     0.8578     4.4515    97.7717    30.0
20230526.1200     0.8479     4.4593    96.6856    30.0
20230526.1300     0.8408     4.4548    95.6818    30.0
20230526.1400     0.8378     4.4351    94.8644    30.0
20230526.1500     0.8403     4.4017    94.1075    30.0
20230526.1600     0.8426     4.3752    93.5589    30.0
20230526.1700     0.8412     4.3632    93.2682    30.0
20230526.1800     0.8309     4.3757    93.0488    30.0
20230526.1900     0.8170     4.3939    92.9226    30.0
20230526.2000     0.8038     4.4046    92.9939    30.0
20230526.2100     0.7886     4.4202    93.1146    30.0
20230526.2200     0.7718     4.4378    93.1091    30.0
20230526.2300     0.7675     4.4516    93.3285    30.0
20230527.0000     0.7709     4.4517    93.7728    30.0
20230527.0100     0.7916     4.4074    95.0510    30.0
20230527.0200     0.8107     4.3927    95.8957    30.0
20230527.0300     0.8185     4.4204    96.0932    30.0
20230527.0400     0.8236     4.4533    96.2632    30.0
20230527.0500     0.8275     4.4853    96.4442    30.0
20230527.0600     0.8300     4.5195    96.5704    30.0
20230527.0700     0.8317     4.5531    96.7569    30.0
20230527.0800     0.8372     4.5737    97.0806    30.0
20230527.0900     0.8423     4.5968    97.5084    30.0
20230527.1000     0.8369     4.6620    97.3877    30.0
20230527.1100     0.8344     4.7155    97.1793    30.0
20230527.1200     0.8332     4.7627    97.1409    30.0
20230527.1300     0.8339     4.8011    97.1903    30.0
20230527.1400     0.8331     4.8484    96.9709    30.0
20230527.1500     0.8250     4.9281    96.4168    30.0
20230527.1600     0.8140     5.0214    95.7476    30.0
20230527.1700     0.8039     5.1010    95.1881    30.0
20230527.1800     0.7995     5.1367    95.0235    30.0
20230527.1900     0.8024     5.1148    95.6543    30.0
20230527.2000     0.8074     5.0726    96.8666    30.0
20230527.2100     0.8095     5.0398    97.9857    30.0
20230527.2200     0.8004     5.0590    97.9582    30.0
20230527.2300     0.7935     5.0524    98.0076    30.0
20230528.0000     0.7893     5.0215    98.2270    30.0
20230528.0100     0.7840     4.9912    98.4245    30.0
20230528.0200     0.7777     4.9607    98.5397    30.0
20230528.0300     0.7728     4.9157    98.6604    30.0
20230528.0400     0.7670     4.8750    98.7481    30.0
20230528.0500     0.7585     4.8501    98.7701    30.0
20230528.0600     0.7479     4.8366    98.7097    30.0
20230528.0700     0.7381     4.8155    98.6439    30.0
20230528.0800     0.7318     4.7723    98.6768    30.0
20230528.0900     0.7296     4.7109    98.7756    30.0
20230528.1000     0.7276     4.6526    98.9730    30.0
20230528.1100     0.7627     4.7034    99.1760    30.0
20230528.1200     0.7564     4.7207    99.0059    30.0
20230528.1300     0.7489     4.7524    98.6055    30.0
20230528.1400     0.7441     4.7742    98.1557    30.0
20230528.1500     0.7388     4.8041    97.5907    30.0
20230528.1600     0.7310     4.8534    96.9544    30.0
20230528.1700     0.7221     4.9150    96.3126    30.0
20230528.1800     0.7151     4.9654    95.7147    30.0
20230528.1900     0.7095     5.0012    95.2429    30.0
20230528.2000     0.7051     5.0254    94.9412    30.0
20230528.2100     0.7020     5.0314    94.8919    30.0
20230528.2200     0.7008     5.0146    95.0948    30.0
20230528.2300     0.7006     4.9825    95.4404    30.0
20230529.0000     0.7021     4.9330    96.0054    30.0
20230529.0100     0.7054     4.8670    96.7350    30.0
20230529.0200     0.7120     4.7814    97.4920    30.0
20230529.0300     0.7215     4.6870    98.1722    30.0
20230529.0400     0.7325     4.5957    98.8469    30.0
20230529.0500     0.7408     4.5305    99.3241    30.0
20230529.0600     0.7441     4.4945    99.5271    30.0
20230529.0700     0.7460     4.4633    99.7465    30.0
20230529.0800     0.7476     4.4368   100.0262    30.0
20230529.0900     0.7477     4.4182   100.3060    30.0
20230529.1000     0.7580     4.3629   100.6955    30.0
20230529.1100     0.7662     4.3275   100.8655    30.0
20230529.1200     0.7652     4.3290   100.4651    30.0
20230529.1300     0.7595     4.3431    99.8013    30.0
20230529.1400     0.7485     4.3721    98.8578    30.0
20230529.1500     0.7359     4.4038    97.7717    30.0
20230529.1600     0.7249     4.4249    96.6692    30.0
20230529.1700     0.7158     4.4349    95.6708    30.0
20230529.1800     0.7077     4.4425    94.9138    30.0
20230529.1900     0.6985     4.4571    94.4421    30.0
20230529.2000     0.6901     4.4705    94.1788    30.0
20230529.2100     0.6846     4.4682    94.1404    30.0
20230529.2200     0.6921     4.4006    94.2775    30.0
20230529.2300     0.7073     4.3385    94.8370    30.0
20230530.0000     0.7152     4.2996    95.6489    30.0
20230530.0100     0.7212     4.2755    96.5594    30.0
20230530.0200     0.7276     4.2559    97.4426    30.0
20230530.0300     0.7358     4.2344    98.4025    30.0
20230530.0400     0.7399     4.2298    99.2254    30.0
20230530.0500     0.7398     4.2371    99.8672    30.0
20230530.0600     0.7396     4.2414   100.4047    30.0
20230530.0700     0.7453     4.2235   101.0465    30.0
20230530.0800     0.7531     4.2045   101.5622    30.0
20230530.0900     0.7635     4.1845   102.0229    30.0
20230530.1000     0.7684     4.1846   101.6938    30.0
20230530.1100     0.7761     4.1830   101.3482    30.0
20230530.1200     0.7741     4.2099   100.8107    30.0
20230530.1300     0.7649     4.2522   100.0482    30.0
20230530.1400     0.7552     4.2893    99.3515    30.0
20230530.1500     0.7440     4.3298    98.6604    30.0
20230530.1600     0.7300     4.3810    97.9747    30.0
20230530.1700     0.7140     4.4416    97.4591    30.0
20230530.1800     0.6987     4.5015    97.0586    30.0
20230530.1900     0.6855     4.5461    96.7898    30.0
20230530.2000     0.6772     4.5601    96.8118    30.0
20230530.2100     0.6776     4.5167    97.7114    30.0
20230530.2200     0.6873     4.4252    99.6477    30.0
20230530.2300     0.7148     4.2820   103.1090    30.0
20230531.0000     0.7444     4.1761   106.1754    30.0
20230531.0100     0.7672     4.1244   107.9691    30.0
20230531.0200     0.7817     4.1067   108.8139    30.0
20230531.0300     0.7874     4.1127   109.0333    30.0
20230531.0400     0.7829     4.1385   108.7316    30.0
20230531.0500     0.7726     4.1709   108.1611    30.0
20230531.0600     0.7653     4.1868   107.8210    30.0
20230531.0700     0.7603     4.1941   107.6236    30.0
20230531.0800     0.7533     4.2067   107.2999    30.0
20230531.0900     0.7462     4.2195   106.9434    30.0
20230531.1000     0.7367     4.2373   106.2412    30.0
20230531.1100     0.7975     4.4643   105.4349    30.0
20230531.1200     0.7893     4.5109   104.3378    30.0
20230531.1300     0.7864     4.5324   103.1200    30.0
20230531.1400     0.7870     4.5358   101.8968    30.0
20230531.1500     0.7910     4.5196   100.7668    30.0
20230531.1600     0.7962     4.4953    99.9330    30.0
20230531.1700     0.8006     4.4702    99.5325    30.0
20230531.1800     0.7987     4.4620    99.4887    30.0
20230531.1900     0.7976     4.4437    99.8891    30.0
20230531.2000     0.7990     4.4130   100.6461    30.0
20230531.2100     0.8031     4.3752   101.6444    30.0
20230531.2200     0.7980     4.3654   102.3027    30.0
20230531.2300     0.8062     4.3164   103.5479    30.0
20230601.0000     0.8286     4.2474   105.2100    30.0
20230601.0100     0.8659     4.1870   106.5155    30.0
20230601.0200     0.9167     4.1588   107.1902    30.0
20230601.0300     0.9585     4.1835   107.1024    30.0
20230601.0400     0.9748     4.2426   106.4332    30.0
20230601.0500     0.9718     4.3063   105.4897    30.0
20230601.0600     0.9661     4.3501   104.6011    30.0
20230601.0700     0.9606     4.3782   103.8715    30.0
20230601.0800     0.9565     4.3936   103.2242    30.0
20230601.0900     0.9533     4.4026   102.5824    30.0
20230601.1000     0.9305     4.4466   101.5676    30.0
20230601.1100     0.9057     4.4884   100.5857    30.0
20230601.1200     0.8791     4.5318    99.5929    30.0
20230601.1300     0.8528     4.5737    98.6110    30.0
20230601.1400     0.8324     4.5902    97.7443    30.0
20230601.1500     0.8147     4.5952    96.9599    30.0
20230601.1600     0.7983     4.5976    96.3126    30.0
20230601.1700     0.7840     4.5888    95.9012    30.0
20230601.1800     0.7738     4.5635    95.7805    30.0
20230601.1900     0.7699     4.5119    96.0932    30.0
20230601.2000     0.7762     4.4280    97.0970    30.0
20230601.2100     0.7933     4.3261    98.7920    30.0
20230601.2200     0.8018     4.2732    99.3625    30.0
20230601.2300     0.8461     4.3057   100.1524    30.0
20230602.0000     0.8642     4.2717   101.1946    30.0
20230602.0100     0.8871     4.2463   102.1656    30.0
20230602.0200     0.9168     4.2302   103.1365    30.0
20230602.0300     0.9392     4.2409   103.6960    30.0
20230602.0400     0.9526     4.2678   103.8770    30.0
20230602.0500     0.9600     4.3002   103.6521    30.0
20230602.0600     0.9631     4.3331   102.9719    30.0
20230602.0700     0.9610     4.3664   102.0229    30.0
20230602.0800     0.9548     4.3974   100.9039    30.0
20230602.0900     0.9430     4.4282    99.8288    30.0
20230602.1000     0.9295     4.4488    98.3751    30.0
20230602.1100     0.9186     4.4586    96.9434    30.0
20230602.1200     0.9072     4.4666    95.6818    30.0
20230602.1300     0.8972     4.4699    94.5847    30.0
20230602.1400     0.8891     4.4691    93.5315    30.0
20230602.1500     0.8828     4.4688    92.5112    30.0
20230602.1600     0.8739     4.4824    91.4525    30.0
20230602.1700     0.8610     4.5122    90.5419    30.0
20230602.1800     0.8491     4.5396    89.9056    30.0
20230602.1900     0.8392     4.5623    89.5765    30.0
20230602.2000     0.8309     4.5792    89.5216    30.0
20230602.2100     0.8250     4.5861    89.7356    30.0
20230602.2200     0.8260     4.5614    90.6078    30.0
20230602.2300     0.8356     4.5099    92.3137    30.0
20230603.0000     0.8515     4.4508    94.3433    30.0
20230603.0100     0.8709     4.3994    96.1535    30.0
20230603.0200     0.8867     4.3741    97.2890    30.0
20230603.0300     0.8981     4.3680    97.8321    30.0
20230603.0400     0.9057     4.3724    98.0076    30.0
20230603.0500     0.9066     4.3897    97.8266    30.0
20230603.0600     0.9007     4.4160    97.3658    30.0
20230603.0700     0.8904     4.4458    96.8118    30.0
20230603.0800     0.8781     4.4732    96.2523    30.0
20230603.0900     0.8647     4.4982    95.7641    30.0
20230603.1000     0.8417     4.5549    95.1003    30.0
20230603.1100     0.9846     5.0441    94.3488    30.0
20230603.1200     0.9515     5.0892    93.3779    30.0
20230603.1300     0.9234     5.1118    92.5167    30.0
20230603.1400     0.8993     5.1159    91.8200    30.0
20230603.1500     0.8767     5.1144    91.3428    30.0
20230603.1600     0.8564     5.1030    90.9588    30.0
20230603.1700     0.8376     5.0851    90.6462    30.0
20230603.1800     0.8201     5.0607    90.4596    30.0
20230603.1900     0.8035     5.0333    90.4596    30.0
20230603.2000     0.7867     5.0095    90.5584    30.0
20230603.2100     0.7701     4.9873    90.7175    30.0
20230603.2200     0.7573     4.9373    91.6061    30.0
20230603.2300     0.7581     4.8157    93.5918    30.0
20230604.0000     0.7620     4.6962    95.6927    30.0
20230604.0100     0.7687     4.5820    97.9308    30.0
20230604.0200     0.7772     4.4780   100.3499    30.0
20230604.0300     0.7781     4.4211   101.7980    30.0
20230604.0400     0.7660     4.4203   101.8309    30.0
20230604.0500     0.7482     4.4424   101.0849    30.0
20230604.0600     0.7285     4.4743    99.9824    30.0
20230604.0700     0.7079     4.5167    98.8414    30.0
20230604.0800     0.6887     4.5606    97.7772    30.0
20230604.0900     0.6721     4.5973    96.8337    30.0
20230604.1000     0.6557     4.6426    95.9122    30.0
20230604.1100     0.6439     4.6638    95.1277    30.0
20230604.1200     0.6353     4.6646    94.3378    30.0
20230604.1300     0.6269     4.6673    93.6960    30.0
20230604.1400     0.6191     4.6671    93.1091    30.0
20230604.1500     0.6106     4.6718    92.5990    30.0
20230604.1600     0.6024     4.6728    92.1272    30.0
20230604.1700     0.5946     4.6700    91.6884    30.0
20230604.1800     0.5866     4.6653    91.2879    30.0
20230604.1900     0.5789     4.6567    90.9808    30.0
20230604.2000     0.5712     4.6485    90.7394    30.0
20230604.2100     0.5629     4.6405    90.6571    30.0
20230604.2200     0.5546     4.6206    90.9478    30.0
20230604.2300     0.6037     4.7812    91.8200    30.0
20230605.0000     0.6019     4.7531    92.3960    30.0
20230605.0100     0.6070     4.6660    93.8606    30.0
20230605.0200     0.6143     4.5620    95.4569    30.0
20230605.0300     0.6221     4.4662    96.8118    30.0
20230605.0400     0.6296     4.3764    97.9143    30.0
20230605.0500     0.6393     4.2845    98.9950    30.0
20230605.0600     0.6469     4.2110    99.6971    30.0
20230605.0700     0.6461     4.1802    99.7191    30.0
20230605.0800     0.6347     4.1928    99.1102    30.0
20230605.0900     0.6205     4.2127    98.3587    30.0
20230605.1000     0.6023     4.2489    97.3603    30.0
20230605.1100     0.5919     4.2385    96.3565    30.0
20230605.1200     0.5889     4.1871    95.3143    30.0
20230605.1300     0.5934     4.1073    94.0636    30.0
20230605.1400     0.5987     4.0447    93.0817    30.0
20230605.1500     0.5993     4.0162    92.3795    30.0
20230605.1600     0.5946     4.0184    91.8365    30.0
20230605.1700     0.5917     4.0152    91.2934    30.0
20230605.1800     0.5882     4.0223    90.8381    30.0
20230605.1900     0.5840     4.0359    90.6845    30.0
20230605.2000     0.5852     4.0254    91.1563    30.0
20230605.2100     0.5951     3.9786    92.7855    30.0
20230605.2200     0.6080     3.9294    94.6505    30.0
20230605.2300     0.6218     3.9013    95.6105    30.0
20230606.0000     0.6342     3.8911    95.9725    30.0
20230606.0100     0.6458     3.8873    96.0712    30.0
20230606.0200     0.6646     3.8694    96.5814    30.0
20230606.0300     0.6849     3.8616    97.0970    30.0
20230606.0400     0.6912     3.8891    96.9928    30.0
20230606.0500     0.6851     3.9342    96.7076    30.0
20230606.0600     0.6707     3.9950    96.0877    30.0
20230606.0700     0.6525     4.0637    95.1661    30.0
20230606.0800     0.6360     4.1213    94.3104    30.0
20230606.0900     0.6212     4.1679    93.5809    30.0
20230606.1000     0.6059     4.2134    92.7745    30.0
20230606.1100     0.6342     4.3667    92.1437    30.0
20230606.1200     0.6207     4.3832    91.5074    30.0
20230606.1300     0.6101     4.3845    90.9149    30.0
20230606.1400     0.6040     4.3561    90.3225    30.0
20230606.1500     0.6002     4.3188    89.9660    30.0
20230606.1600     0.5965     4.2871    90.0373    30.0
20230606.1700     0.5926     4.2618    90.7668    30.0
20230606.1800     0.5900     4.2297    91.9243    30.0
20230606.1900     0.5931     4.1676    93.3724    30.0
20230606.2000     0.6024     4.0898    94.9028    30.0
20230606.2100     0.6121     4.0331    95.9999    30.0
20230606.2200     0.6141     4.0261    96.0109    30.0
20230606.2300     0.6497     3.9149    96.5101    30.0
20230607.0000     0.7010     3.8358    96.8337    30.0
20230607.0100     0.7383     3.8361    97.0312    30.0
20230607.0200     0.7688     3.8623    97.5797    30.0
20230607.0300     0.7971     3.9009    98.2325    30.0
20230607.0400     0.8254     3.9461    99.1925    30.0
20230607.0500     0.8406     4.0102    99.7355    30.0
20230607.0600     0.8429     4.0857    99.3954    30.0
20230607.0700     0.8359     4.1639    98.1667    30.0
20230607.0800     0.8422     4.1977    97.1299    30.0
20230607.0900     0.8579     4.2078    96.2632    30.0
20230607.1000     0.8746     4.2166    95.5721    30.0
20230607.1100     0.9161     4.2168    95.2045    30.0
20230607.1200     0.9546     4.2417    94.5518    30.0
20230607.1300     0.9951     4.2776    93.8990    30.0
20230607.1400     1.0161     4.3319    93.5534    30.0
20230607.1500     1.0243     4.3867    93.1201    30.0
20230607.1600     1.0495     4.4171    92.8184    30.0
20230607.1700     1.0918     4.4403    92.8732    30.0
20230607.1800     1.1297     4.4766    93.2572    30.0
20230607.1900     1.1672     4.5163    94.0252    30.0
20230607.2000     1.2036     4.5590    94.9687    30.0
20230607.2100     1.2251     4.6089    95.8793    30.0
20230607.2200     1.2399     4.6559    96.1919    30.0
20230607.2300     1.4473     5.0135    96.4826    30.0
20230608.0000     1.4355     5.0644    96.5759    30.0
20230608.0100     1.4299     5.0922    96.6582    30.0
20230608.0200     1.4109     5.1187    96.6856    30.0
20230608.0300     1.3750     5.1517    96.5320    30.0
20230608.0400     1.3317     5.1859    96.0548    30.0
20230608.0500     1.2890     5.2097    95.3472    30.0
20230608.0600     1.2514     5.2151    94.5463    30.0
20230608.0700     1.2182     5.2042    93.7399    30.0
20230608.0800     1.1849     5.1933    92.9665    30.0
20230608.0900     1.1515     5.1821    92.2095    30.0
20230608.1000     1.1130     5.1888    91.4854    30.0
20230608.1100     1.0799     5.1786    90.9369    30.0
20230608.1200     1.0530     5.1466    90.5529    30.0
20230608.1300     1.0297     5.1024    90.4158    30.0
20230608.1400     1.0102     5.0478    90.5035    30.0
20230608.1500     0.9905     4.9990    90.5639    30.0
20230608.1600     0.9709     4.9548    90.6078    30.0
20230608.1700     0.9503     4.9180    90.7504    30.0
20230608.1800     0.9272     4.8928    90.9698    30.0
20230608.1900     0.9046     4.8675    91.2221    30.0
20230608.2000     0.8866     4.8257    91.5951    30.0
20230608.2100     0.8748     4.7606    92.3192    30.0
20230608.2200     0.8665     4.6907    93.2078    30.0
20230608.2300     0.8716     4.5855    94.4914    30.0
20230609.0000     0.8894     4.4729    95.8409    30.0
20230609.0100     0.9092     4.3927    96.9818    30.0
20230609.0200     0.9229     4.3521    97.7278    30.0
20230609.0300     0.9250     4.3441    97.7278    30.0
20230609.0400     0.9178     4.3526    97.2671    30.0
20230609.0500     0.9028     4.3699    96.5924    30.0
20230609.0600     0.8865     4.3822    95.8902    30.0
20230609.0700     0.8701     4.3913    95.1881    30.0
20230609.0800     0.8559     4.3926    94.4530    30.0
20230609.0900     0.8427     4.3905    93.7399    30.0
20230609.1000     0.8313     4.3844    93.0104    30.0
20230609.1100     0.8355     4.3808    92.3850    30.0
20230609.1200     0.8346     4.3458    91.8968    30.0
20230609.1300     0.8352     4.3138    91.6555    30.0
20230609.1400     0.8283     4.3039    91.6774    30.0
20230609.1500     0.8113     4.3173    91.8365    30.0
20230609.1600     0.7919     4.3300    92.1272    30.0
20230609.1700     0.7787     4.3122    93.1804    30.0
20230609.1800     0.7768     4.2527    95.6763    30.0
20230609.1900     0.7803     4.1839    99.1047    30.0
20230609.2000     0.7750     4.1489   101.7048    30.0
20230609.2100     0.7603     4.1430   103.0871    30.0
20230609.2200     0.7286     4.1877   102.3082    30.0
20230609.2300     0.7103     4.1815   101.9955    30.0
20230610.0000     0.7076     4.1226   102.5386    30.0
20230610.0100     0.7153     4.0507   103.3504    30.0
20230610.0200     0.7211     4.0079   103.5040    30.0
20230610.0300     0.7235     3.9875   103.0048    30.0
20230610.0400     0.7210     3.9840   102.3411    30.0
20230610.0500     0.7127     3.9952   101.5841    30.0
20230610.0600     0.7025     4.0067   100.8820    30.0
20230610.0700     0.6898     4.0215   100.2895    30.0
20230610.0800     0.6770     4.0325    99.7904    30.0
20230610.0900     0.6650     4.0367    99.3954    30.0
20230610.1000     0.6445     4.0769    98.5177    30.0
20230610.1100     0.6309     4.0830    98.0570    30.0
20230610.1200     0.6247     4.0521    98.0899    30.0
20230610.1300     0.6234     4.0064    98.2874    30.0
20230610.1400     0.6271     3.9522    98.3751    30.0
20230610.1500     0.6320     3.9074    97.9692    30.0
20230610.1600     0.6371     3.8745    96.9818    30.0
20230610.1700     0.6412     3.8549    95.9231    30.0
20230610.1800     0.6404     3.8558    95.2429    30.0
20230610.1900     0.6365     3.8669    94.9467    30.0
20230610.2000     0.6309     3.8822    95.0071    30.0
20230610.2100     0.6271     3.8892    95.5666    30.0
20230610.2200     0.6326     3.8631    96.8282    30.0
20230610.2300     0.7114     3.9829    98.6713    30.0
20230611.0000     0.7249     3.9503    99.8342    30.0
20230611.0100     0.7373     3.9399   100.7887    30.0
20230611.0200     0.7544     3.9355   101.8529    30.0
20230611.0300     0.7757     3.9376   103.0926    30.0
20230611.0400     0.7978     3.9506   104.4969    30.0
20230611.0500     0.8104     3.9824   105.5610    30.0
20230611.0600     0.8092     4.0291   105.9340    30.0
20230611.0700     0.7990     4.0779   105.8682    30.0
20230611.0800     0.7809     4.1306   105.3745    30.0
20230611.0900     0.7608     4.1755   104.7163    30.0
20230611.1000     0.7353     4.2335   103.3449    30.0
20230611.1100     0.7173     4.2595   102.2533    30.0
20230611.1200     0.7059     4.2572   101.5128    30.0
20230611.1300     0.7044     4.2193   101.1398    30.0
20230611.1400     0.7164     4.1497   101.3153    30.0
20230611.1500     0.7365     4.0872   101.7816    30.0
20230611.1600     0.7613     4.0517   102.2094    30.0
20230611.1700     0.7893     4.0475   102.4234    30.0
20230611.1800     0.8383     4.0485   103.4327    30.0
20230611.1900     0.9098     4.0770   105.0015    30.0
20230611.2000     0.9869     4.1521   105.9724    30.0
20230611.2100     1.0314     4.2676   105.6104    30.0
20230611.2200     1.0462     4.3758   104.7766    30.0
20230611.2300     1.0759     4.4739   104.7766    30.0
20230612.0000     1.1004     4.5278   105.2264    30.0
20230612.0100     1.1221     4.5847   104.9796    30.0
20230612.0200     1.1437     4.6391   104.0855    30.0
20230612.0300     1.1530     4.7022   102.6373    30.0
20230612.0400     1.1493     4.7663   101.0904    30.0
20230612.0500     1.1418     4.8173    99.6642    30.0
20230612.0600     1.1426     4.8387    98.6055    30.0
20230612.0700     1.1485     4.8490    97.7169    30.0
20230612.0800     1.1474     4.8604    97.1025    30.0
20230612.0900     1.1351     4.8833    96.6472    30.0
20230612.1000     1.1230     4.9014    96.2358    30.0
20230612.1100     1.1127     4.9160    95.6818    30.0
20230612.1200     1.1155     4.9039    95.3965    30.0
20230612.1300     1.1321     4.8731    95.5282    30.0
20230612.1400     1.1522     4.8568    95.5337    30.0
20230612.1500     1.1778     4.8483    95.7476    30.0
20230612.1600     1.1946     4.8593    95.8738    30.0
20230612.1700     1.2016     4.8797    95.8683    30.0
20230612.1800     1.2014     4.8999    95.8409    30.0
20230612.1900     1.2011     4.9082    96.0822    30.0
20230612.2000     1.2065     4.9014    96.5375    30.0
20230612.2100     1.2185     4.8860    97.0312    30.0
20230612.2200     1.2115     4.8944    97.3109    30.0
20230612.2300     1.2145     4.8866    97.4755    30.0
20230613.0000     1.2308     4.8654    97.6565    30.0
20230613.0100     1.2593     4.8454    97.9089    30.0
20230613.0200     1.2866     4.8441    98.2490    30.0
20230613.0300     1.3000     4.8630    98.6988    30.0
20230613.0400     1.2983     4.8918    99.1047    30.0
20230613.0500     1.2947     4.9131    99.5271    30.0
20230613.0600     1.2846     4.9318    99.7300    30.0
20230613.0700     1.2653     4.9532    99.7684    30.0
20230613.0800     1.2374     4.9815    99.4009    30.0
20230613.0900     1.2090     5.0070    98.7262    30.0
20230613.1000     1.1818     5.0276    97.7498    30.0
20230613.1100     1.1910     5.0694    96.7569    30.0
20230613.1200     1.1761     5.0604    95.7421    30.0
20230613.1300     1.1668     5.0472    94.7218    30.0
20230613.1400     1.1597     5.0358    93.9813    30.0
20230613.1500     1.1523     5.0278    93.6028    30.0
20230613.1600     1.1420     5.0306    93.2956    30.0
20230613.1700     1.1260     5.0453    93.0927    30.0
20230613.1800     1.1061     5.0676    93.0433    30.0
20230613.1900     1.0912     5.0683    93.3669    30.0
20230613.2000     1.0836     5.0425    93.8496    30.0
20230613.2100     1.0798     5.0079    94.3488    30.0
20230613.2200     1.0629     5.0146    94.8480    30.0
20230613.2300     1.0497     5.0099    95.0564    30.0
20230614.0000     1.0498     4.9642    95.0510    30.0
20230614.0100     1.0632     4.8944    95.1387    30.0
20230614.0200     1.0878     4.8261    95.2759    30.0
20230614.0300     1.1178     4.7781    95.4788    30.0
20230614.0400     1.1522     4.7507    95.6653    30.0
20230614.0500     1.1809     4.7516    95.7915    30.0
20230614.0600     1.1880     4.7856    95.4075    30.0
20230614.0700     1.1855     4.8202    94.9193    30.0
20230614.0800     1.1836     4.8370    94.3872    30.0
20230614.0900     1.1756     4.8505    93.9264    30.0
20230614.1000     1.1386     4.8972    93.3285    30.0
20230614.1100     1.1038     4.9216    92.6374    30.0
20230614.1200     1.0738     4.9240    91.8145    30.0
20230614.1300     1.0377     4.9426    91.1673    30.0
20230614.1400     1.0012     4.9638    90.7943    30.0
20230614.1500     0.9698     4.9649    90.5968    30.0
20230614.1600     0.9423     4.9528    90.5858    30.0
20230614.1700     0.9191     4.9262    90.7394    30.0
20230614.1800     0.8971     4.9007    90.9369    30.0
20230614.1900     0.8781     4.8671    91.2057    30.0
20230614.2000     0.8595     4.8373    91.5732    30.0
20230614.2100     0.8421     4.8069    92.0778    30.0
20230614.2200     0.8264     4.7703    92.9226    30.0
20230614.2300     0.8515     4.7217    93.4821    30.0
20230615.0000     0.8507     4.6533    93.7948    30.0
20230615.0100     0.8534     4.5804    94.3872    30.0
20230615.0200     0.8578     4.5158    94.8590    30.0
20230615.0300     0.8523     4.4878    94.8535    30.0
20230615.0400     0.8466     4.4623    94.7218    30.0
20230615.0500     0.8370     4.4523    94.2336    30.0
20230615.0600     0.8237     4.4553    93.6357    30.0
20230615.0700     0.8089     4.4648    93.2517    30.0
20230615.0800     0.7936     4.4780    93.1311    30.0
20230615.0900     0.7829     4.4751    93.1694    30.0
20230615.1000     0.7669     4.4963    93.0433    30.0
20230615.1100     0.7587     4.4857    92.9391    30.0
20230615.1200     0.7531     4.4686    92.7361    30.0
20230615.1300     0.7491     4.4474    92.4179    30.0
20230615.1400     0.7472     4.4209    91.9133    30.0
20230615.1500     0.7440     4.4025    91.4086    30.0
20230615.1600     0.7331     4.4166    91.2550    30.0
20230615.1700     0.7189     4.4415    91.2770    30.0
20230615.1800     0.7073     4.4469    91.3593    30.0
20230615.1900     0.6993     4.4315    91.3702    30.0
20230615.2000     0.6904     4.4192    91.3812    30.0
20230615.2100     0.6764     4.4319    91.4415    30.0
20230615.2200     0.6604     4.4492    91.2825    30.0
20230615.2300     0.6528     4.4171    90.8985    30.0
20230616.0000     0.6501     4.3646    90.4377    30.0
20230616.0100     0.6418     4.3493    90.2731    30.0
20230616.0200     0.6322     4.3421    90.0044    30.0
20230616.0300     0.6218     4.3408    89.7081    30.0
20230616.0400     0.6090     4.3535    89.5052    30.0
20230616.0500     0.5947     4.3784    89.5546    30.0
20230616.0600     0.5815     4.3980    89.6204    30.0
20230616.0700     0.5700     4.4048    89.4997    30.0
20230616.0800     0.5590     4.4108    89.4394    30.0
20230616.0900     0.5479     4.4196    89.4997    30.0
20230616.1000     0.5405     4.3833    89.7191    30.0
20230616.1100     0.5880     4.5224    90.7778    30.0
20230616.1200     0.5833     4.5515    91.5896    30.0
20230616.1300     0.5787     4.5866    92.1766    30.0
20230616.1400     0.5810     4.5754    93.6631    30.0
20230616.1500     0.5903     4.5135    95.7147    30.0
20230616.1600     0.6041     4.4228    97.8375    30.0
20230616.1700     0.6197     4.3383    99.2583    30.0
20230616.1800     0.6377     4.2560    99.4283    30.0
20230616.1900     0.6828     4.1045    99.0224    30.0
20230616.2000     0.7467     3.9873    97.8266    30.0
20230616.2100     0.7940     3.9595    96.9544    30.0
20230616.2200     0.7785     4.0222    96.8447    30.0
20230616.2300     0.7542     4.0713    96.8063    30.0
20230617.0000     0.7432     4.0724    96.4991    30.0
20230617.0100     0.7422     4.0532    95.8463    30.0
20230617.0200     0.7426     4.0415    95.3746    30.0
20230617.0300     0.7356     4.0602    94.8370    30.0
20230617.0400     0.7237     4.0983    94.3598    30.0
20230617.0500     0.7104     4.1448    93.9813    30.0
20230617.0600     0.6982     4.1917    93.7070    30.0
20230617.0700     0.6881     4.2329    93.4766    30.0
20230617.0800     0.6813     4.2622    93.2462    30.0
20230617.0900     0.6747     4.2947    92.9939    30.0
20230617.1000     0.6644     4.3470    92.5441    30.0
20230617.1100     0.6573     4.3854    92.2040    30.0
20230617.1200     0.6531     4.4059    91.8968    30.0
20230617.1300     0.6510     4.4099    91.4964    30.0
20230617.1400     0.6507     4.4047    91.0960    30.0
20230617.1500     0.6509     4.3936    90.7284    30.0
20230617.1600     0.6517     4.3793    90.3883    30.0
20230617.1700     0.6508     4.3755    90.1086    30.0
20230617.1800     0.6480     4.3818    90.0098    30.0
20230617.1900     0.6441     4.3886    90.0812    30.0
20230617.2000     0.6419     4.3828    90.2677    30.0
20230617.2100     0.6423     4.3604    90.5529    30.0
20230617.2200     0.6384     4.3572    90.3719    30.0
20230617.2300     0.6510     4.3861    90.0318    30.0
20230618.0000     0.6543     4.3523    89.4613    30.0
20230618.0100     0.6654     4.2861    88.6495    30.0
20230618.0200     0.6761     4.2332    88.0735    30.0
20230618.0300     0.6802     4.2139    87.8212    30.0
20230618.0400     0.6823     4.2014    87.6895    30.0
20230618.0500     0.6863     4.1819    87.4207    30.0
20230618.0600     0.6877     4.1747    87.1300    30.0
20230618.0700     0.6836     4.1871    86.9490    30.0
20230618.0800     0.6765     4.2078    86.9764    30.0
20230618.0900     0.6723     4.2124    87.2452    30.0
20230618.1000     0.6584     4.2583    87.7553    30.0
20230618.1100     0.6523     4.2634    88.2435    30.0
20230618.1200     0.6476     4.2595    88.7701    30.0
20230618.1300     0.6375     4.2843    89.0883    30.0
20230618.1400     0.6237     4.3277    89.3461    30.0
20230618.1500     0.6109     4.3615    89.5216    30.0
20230618.1600     0.5990     4.3836    89.6972    30.0
20230618.1700     0.5906     4.3781    89.7465    30.0
20230618.1800     0.5849     4.3480    89.6643    30.0
20230618.1900     0.5791     4.3206    89.6259    30.0
20230618.2000     0.5709     4.3082    89.6972    30.0
20230618.2100     0.5589     4.3224    90.0044    30.0
20230618.2200     0.5456     4.3318    90.7065    30.0
20230618.2300     0.5352     4.3269    91.4415    30.0
20230619.0000     0.5263     4.3060    92.2260    30.0
20230619.0100     0.5163     4.2964    92.7196    30.0
20230619.0200     0.5055     4.2915    93.1475    30.0
20230619.0300     0.4944     4.2912    93.4273    30.0
20230619.0400     0.4847     4.2798    93.7290    30.0
20230619.0500     0.4752     4.2668    93.9648    30.0
20230619.0600     0.4656     4.2580    94.1952    30.0
20230619.0700     0.4554     4.2572    94.3159    30.0
20230619.0800     0.4451     4.2601    94.4146    30.0
20230619.0900     0.4357     4.2545    94.5243    30.0
20230619.1000     0.4191     4.3263    94.4914    30.0
20230619.1100     0.4333     4.4130    94.5847    30.0
20230619.1200     0.4268     4.3919    94.6395    30.0
20230619.1300     0.4200     4.3663    94.6505    30.0
20230619.1400     0.4134     4.3327    94.4092    30.0
20230619.1500     0.4179     4.1746    94.7163    30.0
20230619.1600     0.4268     4.0073    98.4190    30.0
20230619.1700     0.4312     3.8955   104.0635    30.0
20230619.1800     0.4283     3.8396   107.3383    30.0
20230619.1900     0.4230     3.8068   108.8578    30.0
20230619.2000     0.4173     3.7795   110.0207    30.0
20230619.2100     0.4075     3.7893   110.0920    30.0
20230619.2200     0.3891     3.8615   110.1085    30.0
20230619.2300     0.3832     3.8431   109.3240    30.0
20230620.0000     0.3820     3.7880   108.9181    30.0
20230620.0100     0.3844     3.7116   107.8869    30.0
20230620.0200     0.3882     3.6379   106.5265    30.0
20230620.0300     0.3901     3.5881   104.5956    30.0
20230620.0400     0.3945     3.5306   102.8019    30.0
20230620.0500     0.3932     3.5154   101.6938    30.0
20230620.0600     0.3847     3.5447   100.9807    30.0
20230620.0700     0.3774     3.5600   100.3992    30.0
20230620.0800     0.3757     3.5343    99.8178    30.0
20230620.0900     0.3782     3.4865    99.1979    30.0
20230620.1000     0.3745     3.4770   100.0427    30.0
20230620.1100     0.4012     3.3386   100.7339    30.0
20230620.1200     0.4386     3.2440   100.1414    30.0
20230620.1300     0.4868     3.2033    98.7152    30.0
20230620.1400     0.5304     3.2196    98.3477    30.0
20230620.1500     0.5618     3.2642    97.9527    30.0
20230620.1600     0.5805     3.3165    97.5962    30.0
20230620.1700     0.5915     3.3655    97.5468    30.0
20230620.1800     0.5929     3.4159    97.3987    30.0
20230620.1900     0.5921     3.4578    97.3055    30.0
20230620.2000     0.5926     3.4909    97.3603    30.0
20230620.2100     0.5942     3.5207    97.5633    30.0
20230620.2200     0.5933     3.5482    97.3932    30.0
20230620.2300     0.6381     3.6712    97.9253    30.0
20230621.0000     0.6612     3.6704    99.1321    30.0
20230621.0100     0.6972     3.6735   101.1069    30.0
20230621.0200     0.7439     3.6946   103.2736    30.0
20230621.0300     0.7853     3.7461   104.5572    30.0
20230621.0400     0.8068     3.8158   104.9192    30.0
20230621.0500     0.8089     3.8863   104.8808    30.0
20230621.0600     0.7962     3.9547   104.5462    30.0
20230621.0700     0.7774     4.0144   103.9648    30.0
20230621.0800     0.7617     4.0512   103.3120    30.0
20230621.0900     0.7494     4.0699   102.5276    30.0
20230621.1000     0.7261     4.1183   101.4908    30.0
20230621.1100     0.7095     4.1359   100.4925    30.0
20230621.1200     0.6995     4.1232    99.6697    30.0
20230621.1300     0.6974     4.0829    98.6439    30.0
20230621.1400     0.7069     4.0165    96.9599    30.0
20230621.1500     0.7265     3.9482    94.2227    30.0
20230621.1600     0.7570     3.8934    90.7778    30.0
20230621.1700     0.7883     3.8762    87.9418    30.0
20230621.1800     0.8125     3.8929    86.0823    30.0
20230621.1900     0.8219     3.9341    85.2211    30.0
20230621.2000     0.8203     3.9827    85.1717    30.0
20230621.2100     0.8124     4.0304    85.5776    30.0
20230621.2200     0.8088     4.0608    86.1371    30.0
20230621.2300     0.8157     4.0732    87.0203    30.0
20230622.0000     0.8269     4.0842    87.9967    30.0
20230622.0100     0.8423     4.0954    88.9621    30.0
20230622.0200     0.8614     4.1071    90.1744    30.0
20230622.0300     0.8784     4.1260    91.2605    30.0
20230622.0400     0.8844     4.1579    92.0175    30.0
20230622.0500     0.8789     4.1961    92.5496    30.0
20230622.0600     0.8695     4.2264    93.0543    30.0
20230622.0700     0.8549     4.2573    93.3285    30.0
20230622.0800     0.8327     4.2996    93.2024    30.0
20230622.0900     0.8093     4.3365    92.8897    30.0
20230622.1000     0.7889     4.3540    92.5167    30.0
20230622.1100     0.8316     4.4687    92.1492    30.0
20230622.1200     0.8158     4.4500    91.6500    30.0
20230622.1300     0.8002     4.4343    91.0466    30.0
20230622.1400     0.7887     4.4068    90.3390    30.0
20230622.1500     0.7833     4.3635    89.4997    30.0
20230622.1600     0.7829     4.3125    88.6495    30.0
20230622.1700     0.7858     4.2631    87.8486    30.0
20230622.1800     0.7841     4.2363    87.0697    30.0
20230622.1900     0.7772     4.2269    86.4224    30.0
20230622.2000     0.7689     4.2209    86.0110    30.0
20230622.2100     0.7594     4.2159    86.0384    30.0
20230622.2200     0.7637     4.1678    86.6089    30.0
20230622.2300     0.7628     4.1439    87.5304    30.0
20230623.0000     0.7615     4.1216    88.8360    30.0
20230623.0100     0.7630     4.0960    90.2731    30.0
20230623.0200     0.7733     4.0594    92.0888    30.0
20230623.0300     0.7963     4.0190    94.3433    30.0
20230623.0400     0.8168     4.0073    96.1974    30.0
20230623.0500     0.8199     4.0303    97.2890    30.0
20230623.0600     0.8048     4.0718    97.7169    30.0
20230623.0700     0.7896     4.0928    98.2544    30.0
20230623.0800     0.7789     4.0915    98.9127    30.0
20230623.0900     0.7661     4.0892    99.4393    30.0
20230623.1000     0.7311     4.1495    98.6823    30.0
20230623.1100     0.7010     4.1928    97.9747    30.0
20230623.1200     0.6749     4.2193    97.4097    30.0
20230623.1300     0.6517     4.2347    96.9709    30.0
20230623.1400     0.6328     4.2297    96.6472    30.0
20230623.1500     0.6154     4.2221    96.2139    30.0
20230623.1600     0.5967     4.2284    95.7037    30.0
20230623.1700     0.5783     4.2416    95.2210    30.0
20230623.1800     0.5602     4.2575    94.7767    30.0
20230623.1900     0.5442     4.2660    94.3927    30.0
20230623.2000     0.5308     4.2591    94.1294    30.0
20230623.2100     0.5194     4.2420    94.0691    30.0
20230623.2200     0.5124     4.1886    94.2775    30.0
20230623.2300     0.5853     4.4197    95.1936    30.0
20230624.0000     0.5807     4.3720    95.9341    30.0
20230624.0100     0.5754     4.3164    96.8666    30.0
20230624.0200     0.5737     4.2328    98.3477    30.0
20230624.0300     0.5697     4.1663    99.5709    30.0
20230624.0400     0.5600     4.1330   100.0262    30.0
20230624.0500     0.5481     4.1127   100.0591    30.0
20230624.0600     0.5359     4.0900    99.9220    30.0
20230624.0700     0.5250     4.0622    99.7136    30.0
20230624.0800     0.5152     4.0310    99.3186    30.0
20230624.0900     0.5070     3.9949    98.8688    30.0
20230624.1000     0.4979     3.9625    98.0734    30.0
20230624.1100     0.4926     3.9247    97.3987    30.0
20230624.1200     0.4874     3.8925    96.6308    30.0
20230624.1300     0.4810     3.8755    95.9176    30.0
20230624.1400     0.4758     3.8561    95.2375    30.0
20230624.1500     0.4712     3.8404    94.3817    30.0
20230624.1600     0.4654     3.8359    93.7235    30.0
20230624.1700     0.4600     3.8343    93.1969    30.0
20230624.1800     0.4559     3.8290    92.7964    30.0
20230624.1900     0.4516     3.8293    92.5277    30.0
20230624.2000     0.4472     3.8331    92.4618    30.0
20230624.2100     0.4442     3.8271    92.5880    30.0
20230624.2200     0.4408     3.8146    93.4053    30.0
20230624.2300     0.4436     3.7770    95.0948    30.0
20230625.0000     0.4484     3.7288    97.2232    30.0
20230625.0100     0.4554     3.6767    99.4119    30.0
20230625.0200     0.4650     3.6205   101.4305    30.0
20230625.0300     0.4730     3.5852   102.4124    30.0
20230625.0400     0.4758     3.5791   102.5056    30.0
20230625.0500     0.4768     3.5807   102.4673    30.0
20230625.0600     0.4767     3.5873   102.2862    30.0
20230625.0700     0.4733     3.6066   101.7706    30.0
20230625.0800     0.4677     3.6370   101.0026    30.0
20230625.0900     0.4615     3.6693   100.1524    30.0
20230625.1000     0.4578     3.6720    98.3422    30.0
20230625.1100     0.4602     3.6573    97.0202    30.0
20230625.1200     0.4628     3.6475    96.3400    30.0
20230625.1300     0.4625     3.6572    95.9176    30.0
20230625.1400     0.4600     3.6784    95.4349    30.0
20230625.1500     0.4592     3.6898    94.6670    30.0
20230625.1600     0.4582     3.7002    94.0307    30.0
20230625.1700     0.4544     3.7305    93.7180    30.0
20230625.1800     0.4497     3.7615    94.0745    30.0
20230625.1900     0.4468     3.7736    95.0235    30.0
20230625.2000     0.4453     3.7745    96.0987    30.0
20230625.2100     0.4486     3.7450    98.0899    30.0
20230625.2200     0.4511     3.7080   101.1727    30.0
20230625.2300     0.4512     3.6963   103.0706    30.0
20230626.0000     0.4445     3.7268   103.4437    30.0
20230626.0100     0.4349     3.7713   102.9006    30.0
20230626.0200     0.4261     3.8088   102.3246    30.0
20230626.0300     0.4178     3.8404   101.8255    30.0
20230626.0400     0.4097     3.8696   101.2934    30.0
20230626.0500     0.4025     3.8931   100.8326    30.0
20230626.0600     0.3962     3.9063   100.3499    30.0
20230626.0700     0.3889     3.9329    99.8617    30.0
20230626.0800     0.3842     3.9325    99.6423    30.0
20230626.0900     0.3794     3.9356    99.5984    30.0
20230626.1000     0.3694     3.9621    99.0224    30.0
20230626.1100     0.3666     3.9497    98.7810    30.0
20230626.1200     0.3636     3.9377    98.5123    30.0
20230626.1300     0.3594     3.9401    98.3038    30.0
20230626.1400     0.3564     3.9308    98.1338    30.0
20230626.1500     0.3542     3.9112    97.9034    30.0
20230626.1600     0.3534     3.8767    97.7553    30.0
20230626.1700     0.3517     3.8565    97.7992    30.0
20230626.1800     0.3516     3.8243    98.4574    30.0
20230626.1900     0.3559     3.7546   100.2457    30.0
20230626.2000     0.3613     3.6884   102.3466    30.0
20230626.2100     0.3655     3.6383   104.2281    30.0
20230626.2200     0.3620     3.6298   105.1606    30.0
20230626.2300     0.3643     3.6101   106.4606    30.0
20230627.0000     0.3675     3.5807   108.2708    30.0
20230627.0100     0.3774     3.5113   111.2220    30.0
20230627.0200     0.3920     3.4318   114.6559    30.0
20230627.0300     0.4039     3.3887   116.8665    30.0
20230627.0400     0.4122     3.3670   117.9362    30.0
20230627.0500     0.4200     3.3480   118.2214    30.0
20230627.0600     0.4289     3.3270   117.9362    30.0
20230627.0700     0.4386     3.3116   116.8830    30.0
20230627.0800     0.4471     3.3046   115.5829    30.0
20230627.0900     0.4552     3.3056   114.3761    30.0
20230627.1000     0.4563     3.3182   112.8402    30.0
20230627.1100     0.4603     3.3355   111.5347    30.0
20230627.1200     0.4641     3.3523   110.0371    30.0
20230627.1300     0.4662     3.3733   108.3531    30.0
20230627.1400     0.4639     3.4075   106.7569    30.0
20230627.1500     0.4578     3.4519   105.2922    30.0
20230627.1600     0.4536     3.4770   104.1403    30.0
20230627.1700     0.4543     3.4739   103.8276    30.0
20230627.1800     0.4663     3.4279   105.5775    30.0
20230627.1900     0.4887     3.3710   108.9839    30.0
20230627.2000     0.5200     3.3304   112.5988    30.0
20230627.2100     0.5539     3.3238   114.6888    30.0
20230627.2200     0.5834     3.3396   114.0689    30.0
20230627.2300     0.6095     3.3757   112.8731    30.0
20230628.0000     0.6444     3.4163   111.5950    30.0
20230628.0100     0.6822     3.4709   110.6241    30.0
20230628.0200     0.7189     3.5359   110.2072    30.0
20230628.0300     0.7464     3.6075   110.2182    30.0
20230628.0400     0.7610     3.6792   110.4321    30.0
20230628.0500     0.7677     3.7416   110.5144    30.0
20230628.0600     0.7725     3.7913   110.5089    30.0
20230628.0700     0.7752     3.8316   110.2346    30.0
20230628.0800     0.7721     3.8684   109.8177    30.0
20230628.0900     0.7618     3.9044   108.9675    30.0
20230628.1000     0.7304     3.9766   107.1518    30.0
20230628.1100     0.7014     4.0375   105.2155    30.0
20230628.1200     0.6778     4.0759   103.3669    30.0
20230628.1300     0.6596     4.0910   101.5622    30.0
20230628.1400     0.6488     4.0752    99.8233    30.0
20230628.1500     0.6420     4.0484    98.1447    30.0
20230628.1600     0.6367     4.0224    96.6088    30.0
20230628.1700     0.6331     3.9967    95.4020    30.0
20230628.1800     0.6275     3.9857    94.7931    30.0
20230628.1900     0.6241     3.9675    95.2100    30.0
20230628.2000     0.6352     3.9011    97.7553    30.0
20230628.2100     0.6717     3.7937   103.1584    30.0
20230628.2200     0.7061     3.7446   106.7843    30.0
20230628.2300     0.7173     3.7690   107.4316    30.0
20230629.0000     0.7089     3.8170   106.8062    30.0
20230629.0100     0.7007     3.8478   106.1589    30.0
20230629.0200     0.7045     3.8441   106.5978    30.0
20230629.0300     0.7178     3.8287   108.0459    30.0
20230629.0400     0.7335     3.8233   109.7629    30.0
20230629.0500     0.7394     3.8459   110.5747    30.0
20230629.0600     0.7401     3.8746   110.9587    30.0
20230629.0700     0.7375     3.9028   111.0958    30.0
20230629.0800     0.7253     3.9429   110.6131    30.0
20230629.0900     0.7061     3.9906   109.6641    30.0
20230629.1000     0.6807     4.0460   107.9801    30.0
20230629.1100     0.6638     4.0877   106.4716    30.0
20230629.1200     0.6419     4.1264   105.0344    30.0
20230629.1300     0.6227     4.1498   103.7179    30.0
20230629.1400     0.6064     4.1534   102.4837    30.0
20230629.1500     0.5894     4.1642   101.2989    30.0
20230629.1600     0.5698     4.1959   100.2402    30.0
20230629.1700     0.5517     4.2198    99.3351    30.0
20230629.1800     0.5369     4.2259    98.7810    30.0
20230629.1900     0.5272     4.2012    99.0773    30.0
20230629.2000     0.5249     4.1372   100.8436    30.0
20230629.2100     0.5341     4.0221   104.8973    30.0
20230629.2200     0.5522     3.8940   109.9768    30.0
20230629.2300     0.5883     3.7438   115.5500    30.0
20230630.0000     0.6151     3.6825   118.1556    30.0
20230630.0100     0.6216     3.6862   118.2104    30.0
20230630.0200     0.6243     3.6898   117.6674    30.0
20230630.0300     0.6284     3.6879   117.1517    30.0
20230630.0400     0.6334     3.6868   116.6745    30.0
20230630.0500     0.6354     3.6977   115.9833    30.0
20230630.0600     0.6332     3.7181   115.0618    30.0
20230630.0700     0.6289     3.7419   114.0251    30.0
20230630.0800     0.6203     3.7759   112.7195    30.0
20230630.0900     0.6094     3.8113   111.4414    30.0
20230630.1000     0.5903     3.8729   109.7409    30.0
20230630.1100     0.5758     3.9184   108.1008    30.0
20230630.1200     0.5633     3.9496   106.5868    30.0
20230630.1300     0.5493     3.9912   105.0125    30.0
20230630.1400     0.5349     4.0379   103.3778    30.0
20230630.1500     0.5215     4.0771   101.7706    30.0
20230630.1600     0.5106     4.0996   100.2566    30.0
20230630.1700     0.5024     4.0998    98.8853    30.0
20230630.1800     0.4950     4.0945    97.9692    30.0
20230630.1900     0.4899     4.0746    97.5084    30.0
20230630.2000     0.4881     4.0306    97.6236    30.0
20230630.2100     0.4914     3.9588    98.8085    30.0
20230630.2200     0.4977     3.8743   100.7229    30.0
20230630.2300     0.5076     3.7947   103.2133    30.0
