TPAR
20230501.0000     0.1927     2.8342    61.9628    30.0
20230501.0100     0.1921     2.8571    63.4055    30.0
20230501.0200     0.2073     2.7336    49.7742    30.0
20230501.0300     0.2327     2.6672   351.7471    30.0
20230501.0400     0.2404     2.6751   328.6918    30.0
20230501.0500     0.2370     2.7169   323.0199    30.0
20230501.0600     0.2333     2.7510   320.1455    30.0
20230501.0700     0.2313     2.7718   315.4500    30.0
20230501.0800     0.2309     2.7755   306.2619    30.0
20230501.0900     0.2305     2.7816   297.3316    30.0
20230501.1000     0.2271     2.7840   255.6479    30.0
20230501.1100     0.2311     2.7654   239.2684    30.0
20230501.1200     0.2326     2.7567   226.1801    30.0
20230501.1300     0.2323     2.7616   213.3881    30.0
20230501.1400     0.2300     2.7752   207.8588    30.0
20230501.1500     0.2264     2.7994   204.5456    30.0
20230501.1600     0.2215     2.8380   201.6548    30.0
20230501.1700     0.2180     2.8672   198.6049    30.0
20230501.1800     0.2144     2.8949   195.7141    30.0
20230501.1900     0.2111     2.9213   192.9220    30.0
20230501.2000     0.2085     2.9398   189.9324    30.0
20230501.2100     0.2064     2.9512   187.0800    30.0
20230501.2200     0.1795     3.1704   182.7959    30.0
20230501.2300     0.1791     3.1631   179.1426    30.0
20230502.0000     0.1789     3.1531   174.7542    30.0
20230502.0100     0.1789     3.1386   169.7680    30.0
20230502.0200     0.1786     3.1307   164.6062    30.0
20230502.0300     0.1784     3.1216   158.9836    30.0
20230502.0400     0.1781     3.1118   153.1526    30.0
20230502.0500     0.1784     3.0910   147.1570    30.0
20230502.0600     0.1784     3.0729   141.5125    30.0
20230502.0700     0.1782     3.0577   136.4659    30.0
20230502.0800     0.1889     2.8890   129.5653    30.0
20230502.0900     0.2100     2.7507   111.5018    30.0
20230502.1000     0.1967     2.8024   108.6384    30.0
20230502.1100     0.1955     2.8067   108.7810    30.0
20230502.1200     0.1999     2.7809   108.8797    30.0
20230502.1300     0.2134     2.7268   108.4573    30.0
20230502.1400     0.2260     2.6904   107.1244    30.0
20230502.1500     0.2362     2.6787   105.4184    30.0
20230502.1600     0.2355     2.7132   104.1677    30.0
20230502.1700     0.2323     2.7502   103.2242    30.0
20230502.1800     0.2330     2.7597   102.5934    30.0
20230502.1900     0.2342     2.7664   102.1601    30.0
20230502.2000     0.2339     2.7826   101.4579    30.0
20230502.2100     0.2334     2.7976   101.6115    30.0
20230502.2200     0.2278     2.7912   100.9149    30.0
20230502.2300     0.2323     2.7757   101.7925    30.0
20230503.0000     0.2411     2.7506   102.3137    30.0
20230503.0100     0.2496     2.7427   103.2297    30.0
20230503.0200     0.2606     2.7375   104.3762    30.0
20230503.0300     0.2680     2.7574   104.8370    30.0
20230503.0400     0.2685     2.8050   105.2209    30.0
20230503.0500     0.2674     2.8547   105.5172    30.0
20230503.0600     0.2667     2.8951   105.7914    30.0
20230503.0700     0.2680     2.9244   105.8024    30.0
20230503.0800     0.2729     2.9277   105.3910    30.0
20230503.0900     0.2785     2.9310   104.8370    30.0
20230503.1000     0.2748     2.9622   105.4678    30.0
20230503.1100     0.2827     2.9513   105.7091    30.0
20230503.1200     0.2878     2.9600   105.4513    30.0
20230503.1300     0.2961     2.9543   104.5188    30.0
20230503.1400     0.3044     2.9575   104.3597    30.0
20230503.1500     0.3043     3.0064   104.8589    30.0
20230503.1600     0.3005     3.0724   105.4733    30.0
20230503.1700     0.2964     3.1374   106.1864    30.0
20230503.1800     0.2932     3.1981   106.7953    30.0
20230503.1900     0.2907     3.2534   107.2835    30.0
20230503.2000     0.2887     3.3054   107.6894    30.0
20230503.2100     0.2885     3.3432   108.2434    30.0
20230503.2200     0.2881     3.3544   109.7519    30.0
20230503.2300     0.3228     3.4478   112.3465    30.0
20230504.0000     0.3333     3.4351   114.4365    30.0
20230504.0100     0.3392     3.4472   115.5939    30.0
20230504.0200     0.3426     3.4698   116.4716    30.0
20230504.0300     0.3428     3.5124   116.9159    30.0
20230504.0400     0.3415     3.5642   117.0640    30.0
20230504.0500     0.3395     3.6157   117.0640    30.0
20230504.0600     0.3377     3.6629   116.9707    30.0
20230504.0700     0.3363     3.7064   116.8007    30.0
20230504.0800     0.3351     3.7452   116.5593    30.0
20230504.0900     0.3340     3.7831   116.2631    30.0
20230504.1000     0.3235     3.9080   115.5665    30.0
20230504.1100     0.3235     3.9378   115.1825    30.0
20230504.1200     0.3260     3.9361   114.7162    30.0
20230504.1300     0.3312     3.9006   114.0470    30.0
20230504.1400     0.3320     3.9325   113.7288    30.0
20230504.1500     0.3328     3.9620   113.4930    30.0
20230504.1600     0.3350     3.9768   113.3887    30.0
20230504.1700     0.3376     3.9823   113.6959    30.0
20230504.1800     0.3443     3.9444   115.1002    30.0
20230504.1900     0.3529     3.8955   117.1188    30.0
20230504.2000     0.3614     3.8522   119.3624    30.0
20230504.2100     0.3666     3.8418   120.7502    30.0
20230504.2200     0.3655     3.8732   121.2219    30.0
20230504.2300     0.3673     3.8907   121.2658    30.0
20230505.0000     0.3701     3.8947   121.1726    30.0
20230505.0100     0.3721     3.9045   120.9038    30.0
20230505.0200     0.3747     3.9029   120.5692    30.0
20230505.0300     0.3746     3.9242   120.1962    30.0
20230505.0400     0.3725     3.9604   119.6476    30.0
20230505.0500     0.3704     3.9927   119.0332    30.0
20230505.0600     0.3694     4.0090   118.3969    30.0
20230505.0700     0.3662     4.0485   117.9032    30.0
20230505.0800     0.3640     4.0707   117.4534    30.0
20230505.0900     0.3645     4.0597   117.3108    30.0
20230505.1000     0.3601     4.0754   117.3986    30.0
20230505.1100     0.3594     4.0809   117.2944    30.0
20230505.1200     0.3585     4.0860   116.8994    30.0
20230505.1300     0.3573     4.0923   116.5429    30.0
20230505.1400     0.3563     4.0972   116.0876    30.0
20230505.1500     0.3552     4.0996   115.6049    30.0
20230505.1600     0.3529     4.1169   115.2428    30.0
20230505.1700     0.3547     4.0860   115.8956    30.0
20230505.1800     0.3535     4.0930   115.9559    30.0
20230505.1900     0.3542     4.0785   116.3344    30.0
20230505.2000     0.3552     4.0608   116.4167    30.0
20230505.2100     0.3558     4.0468   116.4551    30.0
20230505.2200     0.3533     4.0540   116.5264    30.0
20230505.2300     0.3520     4.0599   116.0272    30.0
20230506.0000     0.3511     4.0706   115.8627    30.0
20230506.0100     0.3534     4.0448   116.6032    30.0
20230506.0200     0.3634     3.9471   119.1375    30.0
20230506.0300     0.3732     3.8677   121.3042    30.0
20230506.0400     0.3808     3.8218   122.9992    30.0
20230506.0500     0.3814     3.8357   123.3942    30.0
20230506.0600     0.3784     3.8742   122.7798    30.0
20230506.0700     0.3756     3.9076   122.2587    30.0
20230506.0800     0.3759     3.9066   122.2916    30.0
20230506.0900     0.3774     3.8948   122.4123    30.0
20230506.1000     0.3746     3.9008   122.2367    30.0
20230506.1100     0.3774     3.8788   122.8127    30.0
20230506.1200     0.3827     3.8360   123.4161    30.0
20230506.1300     0.3879     3.7972   123.6520    30.0
20230506.1400     0.3934     3.7635   123.5697    30.0
20230506.1500     0.3931     3.7746   123.1693    30.0
20230506.1600     0.3892     3.8093   122.8456    30.0
20230506.1700     0.3852     3.8391   122.5659    30.0
20230506.1800     0.3821     3.8540   122.3519    30.0
20230506.1900     0.3792     3.8673   122.2038    30.0
20230506.2000     0.3778     3.8630   122.4178    30.0
20230506.2100     0.3782     3.8375   122.9882    30.0
20230506.2200     0.3699     3.8749   122.6865    30.0
20230506.2300     0.3750     3.8577   123.5203    30.0
20230507.0000     0.3788     3.7894   125.1769    30.0
20230507.0100     0.3816     3.7375   126.3344    30.0
20230507.0200     0.3845     3.6928   127.3930    30.0
20230507.0300     0.3825     3.6912   127.4973    30.0
20230507.0400     0.3791     3.6977   127.2230    30.0
20230507.0500     0.3749     3.7095   126.6964    30.0
20230507.0600     0.3693     3.7330   125.7694    30.0
20230507.0700     0.3630     3.7633   124.6832    30.0
20230507.0800     0.3577     3.7877   123.6684    30.0
20230507.0900     0.3538     3.7949   122.7304    30.0
20230507.1000     0.3435     3.8444   121.2439    30.0
20230507.1100     0.3428     3.8205   120.6624    30.0
20230507.1200     0.3410     3.8179   120.5198    30.0
20230507.1300     0.3387     3.8224   120.0206    30.0
20230507.1400     0.3380     3.8081   120.1139    30.0
20230507.1500     0.3384     3.7885   120.4156    30.0
20230507.1600     0.3379     3.7760   120.3662    30.0
20230507.1700     0.3378     3.7621   120.4485    30.0
20230507.1800     0.3396     3.7392   121.2164    30.0
20230507.1900     0.3436     3.7023   122.6536    30.0
20230507.2000     0.3491     3.6661   124.2993    30.0
20230507.2100     0.3571     3.6307   125.8845    30.0
20230507.2200     0.3661     3.5873   131.4139    30.0
20230507.2300     0.3840     3.5397   138.7753    30.0
20230508.0000     0.3979     3.5496   143.9645    30.0
20230508.0100     0.4104     3.5867   148.3693    30.0
20230508.0200     0.4208     3.6527   153.8493    30.0
20230508.0300     0.4316     3.7224   160.0039    30.0
20230508.0400     0.4424     3.7947   166.8717    30.0
20230508.0500     0.4534     3.8713   172.7795    30.0
20230508.0600     0.4630     3.9427   178.9780    30.0
20230508.0700     0.4697     4.0273   184.6719    30.0
20230508.0800     0.4753     4.0972   189.3290    30.0
20230508.0900     0.4795     4.1559   192.9659    30.0
20230508.1000     0.4741     4.2623   195.9829    30.0
20230508.1100     0.4761     4.2837   197.8095    30.0
20230508.1200     0.4789     4.2682   198.5336    30.0
20230508.1300     0.4800     4.2419   197.6559    30.0
20230508.1400     0.4765     4.2377   196.9977    30.0
20230508.1500     0.4715     4.2303   195.8402    30.0
20230508.1600     0.4653     4.2179   194.1013    30.0
20230508.1700     0.4595     4.1902   191.6768    30.0
20230508.1800     0.4529     4.1590   189.1590    30.0
20230508.1900     0.4467     4.1215   186.4217    30.0
20230508.2000     0.4401     4.0840   183.5529    30.0
20230508.2100     0.4330     4.0529   180.6730    30.0
20230508.2200     0.4204     4.0595   177.1843    30.0
20230508.2300     0.4140     4.0349   174.0905    30.0
20230509.0000     0.4084     4.0106   171.0571    30.0
20230509.0100     0.4029     3.9953   168.1608    30.0
20230509.0200     0.3979     3.9839   165.2151    30.0
20230509.0300     0.3939     3.9672   162.5108    30.0
20230509.0400     0.3911     3.9473   160.1520    30.0
20230509.0500     0.3889     3.9279   158.1389    30.0
20230509.0600     0.3857     3.9243   155.5168    30.0
20230509.0700     0.3867     3.8815   151.5728    30.0
20230509.0800     0.3936     3.8017   145.8844    30.0
20230509.0900     0.4064     3.6968   139.6091    30.0
20230509.1000     0.4020     3.6954   136.1039    30.0
20230509.1100     0.4135     3.6072   132.7688    30.0
20230509.1200     0.4395     3.4769   128.1555    30.0
20230509.1300     0.4894     3.3501   122.1874    30.0
20230509.1400     0.5645     3.2964   116.2247    30.0
20230509.1500     0.6336     3.3512   111.9735    30.0
20230509.1600     0.6594     3.4685   109.5380    30.0
20230509.1700     0.6560     3.5928   108.0514    30.0
20230509.1800     0.6461     3.7045   106.9818    30.0
20230509.1900     0.6370     3.7967   106.0328    30.0
20230509.2000     0.6298     3.8711   105.1112    30.0
20230509.2100     0.6225     3.9392   104.3268    30.0
20230509.2200     0.6127     4.0073   103.5040    30.0
20230509.2300     0.6089     4.0499   102.9116    30.0
20230510.0000     0.6126     4.0477   102.3411    30.0
20230510.0100     0.6247     4.0084   101.8474    30.0
20230510.0200     0.6469     3.9509   101.4963    30.0
20230510.0300     0.6748     3.9107   101.1946    30.0
20230510.0400     0.7062     3.8961   100.9039    30.0
20230510.0500     0.7390     3.9065   100.5090    30.0
20230510.0600     0.7672     3.9403   100.0317    30.0
20230510.0700     0.7804     3.9984    99.6697    30.0
20230510.0800     0.7783     4.0714    99.5161    30.0
20230510.0900     0.7732     4.1346    99.4667    30.0
20230510.1000     0.7567     4.2218    99.6532    30.0
20230510.1100     0.7488     4.2671   100.1743    30.0
20230510.1200     0.7448     4.2870   100.7887    30.0
20230510.1300     0.7448     4.2846   101.5512    30.0
20230510.1400     0.7503     4.2574   102.3959    30.0
20230510.1500     0.7532     4.2392   103.1584    30.0
20230510.1600     0.7509     4.2370   103.9154    30.0
20230510.1700     0.7461     4.2393   104.6505    30.0
20230510.1800     0.7375     4.2481   105.4074    30.0
20230510.1900     0.7237     4.2732   106.1535    30.0
20230510.2000     0.7103     4.2915   107.0366    30.0
20230510.2100     0.7091     4.2580   108.2160    30.0
20230510.2200     0.7209     4.1927   109.3460    30.0
20230510.2300     0.7498     4.1425   110.5253    30.0
20230511.0000     0.7916     4.1053   111.1726    30.0
20230511.0100     0.8230     4.1198   111.3043    30.0
20230511.0200     0.8333     4.1751   111.1671    30.0
20230511.0300     0.8393     4.2241   110.7777    30.0
20230511.0400     0.8394     4.2758   110.9038    30.0
20230511.0500     0.8390     4.3128   111.2823    30.0
20230511.0600     0.8470     4.3134   111.2165    30.0
20230511.0700     0.8561     4.3048   110.8874    30.0
20230511.0800     0.8671     4.2892   110.4924    30.0
20230511.0900     0.8793     4.2724   110.1907    30.0
20230511.1000     0.8794     4.2768   110.7557    30.0
20230511.1100     0.8760     4.2837   111.7157    30.0
20230511.1200     0.8840     4.2672   112.7469    30.0
20230511.1300     0.9042     4.2459   113.4820    30.0
20230511.1400     0.9350     4.2351   113.9153    30.0
20230511.1500     0.9616     4.2540   114.3377    30.0
20230511.1600     0.9767     4.2941   114.8150    30.0
20230511.1700     0.9932     4.3315   115.0837    30.0
20230511.1800     1.0079     4.3679   115.0069    30.0
20230511.1900     1.0167     4.4060   114.8972    30.0
20230511.2000     1.0138     4.4500   114.8259    30.0
20230511.2100     1.0089     4.4840   114.4858    30.0
20230511.2200     0.9922     4.5258   114.1293    30.0
20230511.2300     0.9881     4.5294   113.4491    30.0
20230512.0000     0.9890     4.5217   112.6702    30.0
20230512.0100     0.9893     4.5151   112.0338    30.0
20230512.0200     0.9938     4.5010   111.3262    30.0
20230512.0300     0.9914     4.5004   110.7996    30.0
20230512.0400     0.9865     4.5027   110.5692    30.0
20230512.0500     0.9862     4.4946   110.3169    30.0
20230512.0600     0.9844     4.4927   109.9274    30.0
20230512.0700     0.9773     4.5017   109.5819    30.0
20230512.0800     0.9710     4.5056   109.3789    30.0
20230512.0900     0.9667     4.5037   109.3789    30.0
20230512.1000     0.9489     4.5294   109.4392    30.0
20230512.1100     0.9585     4.5767   109.6751    30.0
20230512.1200     0.9466     4.5882   110.0042    30.0
20230512.1300     0.9356     4.5988   110.3498    30.0
20230512.1400     0.9275     4.6031   110.6405    30.0
20230512.1500     0.9184     4.6177   110.9203    30.0
20230512.1600     0.9076     4.6439   111.1068    30.0
20230512.1700     0.8973     4.6726   111.2220    30.0
20230512.1800     0.8898     4.6958   111.3756    30.0
20230512.1900     0.8844     4.7148   111.6553    30.0
20230512.2000     0.8782     4.7398   111.9406    30.0
20230512.2100     0.8719     4.7650   112.1819    30.0
20230512.2200     0.8629     4.7968   112.4946    30.0
20230512.2300     0.8552     4.8215   112.5604    30.0
20230513.0000     0.8542     4.8097   112.8018    30.0
20230513.0100     0.8574     4.7753   113.1913    30.0
20230513.0200     0.8586     4.7511   113.0925    30.0
20230513.0300     0.8593     4.7260   112.7140    30.0
20230513.0400     0.8625     4.6899   112.3026    30.0
20230513.0500     0.8669     4.6520   111.8967    30.0
20230513.0600     0.8581     4.6621   111.5621    30.0
20230513.0700     0.8387     4.7076   111.2549    30.0
20230513.0800     0.8161     4.7651   110.9203    30.0
20230513.0900     0.7962     4.8048   110.5473    30.0
20230513.1000     0.7744     4.8565   110.2511    30.0
20230513.1100     0.7625     4.8490   110.0865    30.0
20230513.1200     0.7584     4.7966   110.1249    30.0
20230513.1300     0.7624     4.7105   110.2127    30.0
20230513.1400     0.7688     4.6277   110.3004    30.0
20230513.1500     0.7717     4.5765   110.3663    30.0
20230513.1600     0.7710     4.5457   110.4924    30.0
20230513.1700     0.7663     4.5350   110.6680    30.0
20230513.1800     0.7603     4.5288   111.1068    30.0
20230513.1900     0.7560     4.5139   111.7596    30.0
20230513.2000     0.7612     4.4606   112.7524    30.0
20230513.2100     0.7684     4.4100   113.8550    30.0
20230513.2200     0.7574     4.4335   113.8879    30.0
20230513.2300     0.7912     4.5305   114.3761    30.0
20230514.0000     0.7886     4.5428   114.6833    30.0
20230514.0100     0.7866     4.5592   114.8204    30.0
20230514.0200     0.7849     4.5823   114.6998    30.0
20230514.0300     0.7806     4.6251   114.4145    30.0
20230514.0400     0.7775     4.6695   114.1786    30.0
20230514.0500     0.7746     4.7205   114.0196    30.0
20230514.0600     0.7761     4.7514   113.9976    30.0
20230514.0700     0.7789     4.7762   114.0799    30.0
20230514.0800     0.7814     4.8011   114.2993    30.0
20230514.0900     0.7841     4.8192   114.5955    30.0
20230514.1000     0.7784     4.8785   114.7491    30.0
20230514.1100     0.7753     4.9130   114.9631    30.0
20230514.1200     0.7732     4.9290   115.2154    30.0
20230514.1300     0.7735     4.9191   115.5281    30.0
20230514.1400     0.7789     4.8701   116.0053    30.0
20230514.1500     0.7875     4.8012   116.6690    30.0
20230514.1600     0.7952     4.7359   117.3876    30.0
20230514.1700     0.8005     4.6810   117.8758    30.0
20230514.1800     0.8065     4.6208   118.4024    30.0
20230514.1900     0.8117     4.5626   119.0168    30.0
20230514.2000     0.8160     4.5097   119.4556    30.0
20230514.2100     0.8209     4.4578   119.6037    30.0
20230514.2200     0.8228     4.4150   119.2911    30.0
20230514.2300     0.8317     4.3617   119.1100    30.0
20230515.0000     0.8430     4.3150   118.9345    30.0
20230515.0100     0.8477     4.2941   118.7480    30.0
20230515.0200     0.8450     4.2904   118.4628    30.0
20230515.0300     0.8349     4.2997   117.9252    30.0
20230515.0400     0.8188     4.3167   117.0640    30.0
20230515.0500     0.8027     4.3261   115.9395    30.0
20230515.0600     0.7859     4.3319   114.8150    30.0
20230515.0700     0.7669     4.3458   114.1018    30.0
20230515.0800     0.7454     4.3697   113.7727    30.0
20230515.0900     0.7267     4.3799   113.5972    30.0
20230515.1000     0.7146     4.3522   113.4217    30.0
20230515.1100     0.8044     4.5774   113.2626    30.0
20230515.1200     0.7962     4.5514   113.3887    30.0
20230515.1300     0.7874     4.5234   113.6411    30.0
20230515.1400     0.7793     4.4867   113.8989    30.0
20230515.1500     0.7719     4.4412   114.1677    30.0
20230515.1600     0.7618     4.4037   114.6668    30.0
20230515.1700     0.7472     4.3792   115.0179    30.0
20230515.1800     0.7311     4.3555   115.0399    30.0
20230515.1900     0.7163     4.3221   114.6998    30.0
20230515.2000     0.7023     4.2816   114.2280    30.0
20230515.2100     0.6867     4.2463   113.8660    30.0
20230515.2200     0.6553     4.2855   113.5204    30.0
20230515.2300     0.6328     4.2832   113.2406    30.0
20230516.0000     0.6134     4.2683   113.0102    30.0
20230516.0100     0.5954     4.2523   112.7744    30.0
20230516.0200     0.5793     4.2307   112.4946    30.0
20230516.0300     0.5669     4.1932   112.1874    30.0
20230516.0400     0.5599     4.1287   111.8254    30.0
20230516.0500     0.5585     4.0442   111.3756    30.0
20230516.0600     0.5603     3.9624   110.8051    30.0
20230516.0700     0.5604     3.9053   110.3553    30.0
20230516.0800     0.5549     3.8819   110.1085    30.0
20230516.0900     0.5462     3.8750   110.1578    30.0
20230516.1000     0.5303     3.9017   109.9494    30.0
20230516.1100     0.5178     3.9157   109.9384    30.0
20230516.1200     0.5085     3.9111   110.1194    30.0
20230516.1300     0.5005     3.9040   110.3279    30.0
20230516.1400     0.4919     3.9016   110.4815    30.0
20230516.1500     0.4844     3.8939   110.6186    30.0
20230516.1600     0.4787     3.8773   110.7119    30.0
20230516.1700     0.4749     3.8500   110.7009    30.0
20230516.1800     0.4717     3.8233   110.4705    30.0
20230516.1900     0.4691     3.7958   110.1414    30.0
20230516.2000     0.4693     3.7544   109.7409    30.0
20230516.2100     0.4757     3.6913   109.2911    30.0
20230516.2200     0.4747     3.6673   108.9730    30.0
20230516.2300     0.4925     3.6569   108.9949    30.0
20230517.0000     0.5155     3.5816   108.9236    30.0
20230517.0100     0.5431     3.5324   108.8139    30.0
20230517.0200     0.5750     3.5080   108.7865    30.0
20230517.0300     0.5997     3.5169   108.9291    30.0
20230517.0400     0.6098     3.5493   109.0772    30.0
20230517.0500     0.6077     3.5927   109.0717    30.0
20230517.0600     0.5988     3.6370   109.0223    30.0
20230517.0700     0.5907     3.6667   109.2692    30.0
20230517.0800     0.5854     3.6811   109.5599    30.0
20230517.0900     0.5820     3.6876   109.8342    30.0
20230517.1000     0.5738     3.7014   109.7738    30.0
20230517.1100     0.5687     3.7092   109.6696    30.0
20230517.1200     0.5631     3.7156   109.5215    30.0
20230517.1300     0.5637     3.6976   109.1869    30.0
20230517.1400     0.5713     3.6638   108.8468    30.0
20230517.1500     0.5740     3.6573   108.6987    30.0
20230517.1600     0.5683     3.6777   108.6932    30.0
20230517.1700     0.5634     3.6886   108.4793    30.0
20230517.1800     0.5592     3.6946   108.1337    30.0
20230517.1900     0.5504     3.7164   107.9088    30.0
20230517.2000     0.5424     3.7273   108.1008    30.0
20230517.2100     0.5332     3.7430   108.4354    30.0
20230517.2200     0.5231     3.7518   108.5396    30.0
20230517.2300     0.5134     3.7653   108.6877    30.0
20230518.0000     0.5038     3.7749   108.7865    30.0
20230518.0100     0.4994     3.7555   108.9017    30.0
20230518.0200     0.4918     3.7604   108.8468    30.0
20230518.0300     0.4819     3.7818   108.6877    30.0
20230518.0400     0.4727     3.8000   108.4957    30.0
20230518.0500     0.4627     3.8249   108.3202    30.0
20230518.0600     0.4538     3.8418   108.1886    30.0
20230518.0700     0.4456     3.8603   108.0788    30.0
20230518.0800     0.4419     3.8381   108.5232    30.0
20230518.0900     0.4388     3.8243   109.4886    30.0
20230518.1000     0.4283     3.8609   109.5105    30.0
20230518.1100     0.5109     4.2154   110.1633    30.0
20230518.1200     0.5008     4.1446   110.6296    30.0
20230518.1300     0.4960     4.0529   111.5895    30.0
20230518.1400     0.4972     3.9404   112.8018    30.0
20230518.1500     0.4998     3.8500   113.6356    30.0
20230518.1600     0.4939     3.8247   113.6630    30.0
20230518.1700     0.4855     3.8170   113.3613    30.0
20230518.1800     0.4775     3.8077   113.0212    30.0
20230518.1900     0.4679     3.8125   112.5495    30.0
20230518.2000     0.4594     3.8131   111.9845    30.0
20230518.2100     0.4557     3.7845   110.8600    30.0
20230518.2200     0.4471     3.7794   110.0755    30.0
20230518.2300     0.4481     3.7279   109.2088    30.0
20230519.0000     0.4467     3.6987   108.5725    30.0
20230519.0100     0.4457     3.6711   108.2050    30.0
20230519.0200     0.4441     3.6524   108.0569    30.0
20230519.0300     0.4410     3.6463   108.0404    30.0
20230519.0400     0.4394     3.6316   108.1556    30.0
20230519.0500     0.4414     3.5995   108.3421    30.0
20230519.0600     0.4455     3.5640   108.6164    30.0
20230519.0700     0.4479     3.5448   109.1595    30.0
20230519.0800     0.4484     3.5379   109.7958    30.0
20230519.0900     0.4518     3.5181   110.4266    30.0
20230519.1000     0.4401     3.5692   110.4979    30.0
20230519.1100     0.4320     3.6069   110.6131    30.0
20230519.1200     0.4271     3.6223   110.7557    30.0
20230519.1300     0.4272     3.6031   110.8161    30.0
20230519.1400     0.4353     3.5442   110.7228    30.0
20230519.1500     0.4447     3.4966   110.2127    30.0
20230519.1600     0.4573     3.4507   109.1759    30.0
20230519.1700     0.4713     3.4182   108.1063    30.0
20230519.1800     0.4777     3.4242   107.4206    30.0
20230519.1900     0.4802     3.4409   106.6691    30.0
20230519.2000     0.4792     3.4698   106.2687    30.0
20230519.2100     0.4716     3.5258   106.1809    30.0
20230519.2200     0.4612     3.5772   106.1919    30.0
20230519.2300     0.5882     4.0407   105.8737    30.0
20230520.0000     0.5894     4.0667   105.7366    30.0
20230520.0100     0.5910     4.0574   105.5117    30.0
20230520.0200     0.5990     4.0028   105.2538    30.0
20230520.0300     0.6080     3.9450   104.9083    30.0
20230520.0400     0.6135     3.9071   104.5298    30.0
20230520.0500     0.6121     3.8951   104.3872    30.0
20230520.0600     0.6063     3.8950   104.4749    30.0
20230520.0700     0.6000     3.8928   104.8479    30.0
20230520.0800     0.5966     3.8752   105.4897    30.0
20230520.0900     0.5960     3.8504   106.3400    30.0
20230520.1000     0.5835     3.8716   106.9379    30.0
20230520.1100     0.5833     3.8434   107.8155    30.0
20230520.1200     0.5896     3.8025   108.5725    30.0
20230520.1300     0.5929     3.7878   108.9236    30.0
20230520.1400     0.5972     3.7755   109.1650    30.0
20230520.1500     0.6008     3.7718   109.2198    30.0
20230520.1600     0.6007     3.7804   109.2308    30.0
20230520.1700     0.5984     3.7930   109.1046    30.0
20230520.1800     0.5892     3.8291   109.0004    30.0
20230520.1900     0.5742     3.8861   108.8578    30.0
20230520.2000     0.5625     3.9199   108.7481    30.0
20230520.2100     0.5582     3.9117   108.8413    30.0
20230520.2200     0.5618     3.8610   108.1556    30.0
20230520.2300     0.5760     3.7936   107.5961    30.0
20230521.0000     0.5915     3.7451   107.1463    30.0
20230521.0100     0.6173     3.6966   107.1189    30.0
20230521.0200     0.6595     3.6607   107.7168    30.0
20230521.0300     0.7005     3.6733   108.0843    30.0
20230521.0400     0.7196     3.7208   108.0624    30.0
20230521.0500     0.7231     3.7715   107.9033    30.0
20230521.0600     0.7191     3.8139   107.9417    30.0
20230521.0700     0.7082     3.8533   108.0459    30.0
20230521.0800     0.6970     3.8800   108.2324    30.0
20230521.0900     0.6882     3.8954   108.3037    30.0
20230521.1000     0.6785     3.9116   107.7333    30.0
20230521.1100     0.7124     4.0607   107.4316    30.0
20230521.1200     0.6967     4.0782   107.3438    30.0
20230521.1300     0.6860     4.0780   107.4206    30.0
20230521.1400     0.6838     4.0506   107.7113    30.0
20230521.1500     0.6843     4.0241   108.2708    30.0
20230521.1600     0.6801     4.0213   108.7316    30.0
20230521.1700     0.6762     4.0187   109.1704    30.0
20230521.1800     0.6747     4.0119   109.5764    30.0
20230521.1900     0.6728     4.0093   109.8232    30.0
20230521.2000     0.6706     4.0121   109.9055    30.0
20230521.2100     0.6633     4.0361   109.7738    30.0
20230521.2200     0.6541     4.0573   109.4392    30.0
20230521.2300     0.6492     4.0626   109.1650    30.0
20230522.0000     0.6529     4.0335   108.8523    30.0
20230522.0100     0.6618     3.9967   108.7097    30.0
20230522.0200     0.6759     3.9610   109.1211    30.0
20230522.0300     0.7004     3.9216   110.0536    30.0
20230522.0400     0.7345     3.8960   111.1287    30.0
20230522.0500     0.7775     3.8946   112.2642    30.0
20230522.0600     0.8199     3.9246   113.3229    30.0
20230522.0700     0.8531     3.9783   113.8495    30.0
20230522.0800     0.8632     4.0498   113.6136    30.0
20230522.0900     0.8568     4.1204   112.7744    30.0
20230522.1000     0.8258     4.2200   111.6828    30.0
20230522.1100     0.8055     4.2761   110.9368    30.0
20230522.1200     0.7944     4.2914   110.4869    30.0
20230522.1300     0.7862     4.2931   109.9603    30.0
20230522.1400     0.7775     4.2951   109.1101    30.0
20230522.1500     0.7645     4.3116   108.3367    30.0
20230522.1600     0.7506     4.3299   107.8101    30.0
20230522.1700     0.7393     4.3362   107.4974    30.0
20230522.1800     0.7275     4.3437   107.2999    30.0
20230522.1900     0.7137     4.3610   107.0750    30.0
20230522.2000     0.7007     4.3735   106.8995    30.0
20230522.2100     0.6904     4.3708   106.7678    30.0
20230522.2200     0.6862     4.3324   106.4606    30.0
20230522.2300     0.7980     4.6549   106.0767    30.0
20230523.0000     0.7746     4.6431   105.9834    30.0
20230523.0100     0.7511     4.6396   105.9670    30.0
20230523.0200     0.7301     4.6275   106.0108    30.0
20230523.0300     0.7139     4.5942   106.1919    30.0
20230523.0400     0.6977     4.5673   106.4716    30.0
20230523.0500     0.6818     4.5471   106.7788    30.0
20230523.0600     0.6648     4.5391   107.0311    30.0
20230523.0700     0.6510     4.5169   107.4261    30.0
20230523.0800     0.6400     4.4820   107.9253    30.0
20230523.0900     0.6321     4.4335   108.5725    30.0
20230523.1000     0.6218     4.4003   109.0004    30.0
20230523.1100     0.6230     4.3150   110.0097    30.0
20230523.1200     0.6346     4.1975   111.6937    30.0
20230523.1300     0.6473     4.1096   113.0925    30.0
20230523.1400     0.6545     4.0653   113.7508    30.0
20230523.1500     0.6554     4.0497   113.7014    30.0
20230523.1600     0.6549     4.0379   113.3339    30.0
20230523.1700     0.6560     4.0203   112.8183    30.0
20230523.1800     0.6576     4.0040   112.2533    30.0
20230523.1900     0.6547     4.0046   111.6553    30.0
20230523.2000     0.6520     4.0020   111.1891    30.0
20230523.2100     0.6511     3.9927   110.8709    30.0
20230523.2200     0.6480     3.9847   110.3004    30.0
20230523.2300     0.6522     3.9620   109.6806    30.0
20230524.0000     0.6542     3.9511   109.0717    30.0
20230524.0100     0.6553     3.9405   108.5451    30.0
20230524.0200     0.6546     3.9343   108.1556    30.0
20230524.0300     0.6493     3.9411   107.8759    30.0
20230524.0400     0.6451     3.9404   107.6729    30.0
20230524.0500     0.6473     3.9194   107.6181    30.0
20230524.0600     0.6543     3.8919   107.5742    30.0
20230524.0700     0.6598     3.8783   107.6126    30.0
20230524.0800     0.6643     3.8722   107.8155    30.0
20230524.0900     0.6674     3.8696   108.4354    30.0
20230524.1000     0.6660     3.8693   109.8122    30.0
20230524.1100     0.6715     3.8612   111.1452    30.0
20230524.1200     0.6762     3.8565   111.7925    30.0
20230524.1300     0.6827     3.8517   112.1490    30.0
20230524.1400     0.6885     3.8536   112.2368    30.0
20230524.1500     0.6881     3.8702   112.0777    30.0
20230524.1600     0.6823     3.8960   112.0229    30.0
20230524.1700     0.6751     3.9187   111.9954    30.0
20230524.1800     0.6714     3.9282   111.6883    30.0
20230524.1900     0.6710     3.9274   111.1891    30.0
20230524.2000     0.6793     3.9064   110.8380    30.0
20230524.2100     0.6915     3.8877   110.4979    30.0
20230524.2200     0.7094     3.8649   110.3334    30.0
20230524.2300     0.7138     3.8813   110.2950    30.0
20230525.0000     0.7095     3.9080   110.2236    30.0
20230525.0100     0.7060     3.9224   110.3443    30.0
20230525.0200     0.7173     3.9027   111.1562    30.0
20230525.0300     0.7455     3.8718   112.6263    30.0
20230525.0400     0.7837     3.8628   114.1457    30.0
20230525.0500     0.8205     3.8872   115.0179    30.0
20230525.0600     0.8507     3.9345   114.8643    30.0
20230525.0700     0.8682     3.9940   113.8166    30.0
20230525.0800     0.8834     4.0479   113.0432    30.0
20230525.0900     0.8988     4.0952   112.7799    30.0
20230525.1000     0.8962     4.1498   112.2149    30.0
20230525.1100     0.9067     4.2178   112.1545    30.0
20230525.1200     0.9031     4.2555   112.4398    30.0
20230525.1300     0.9022     4.2778   112.2752    30.0
20230525.1400     0.9137     4.2763   111.7705    30.0
20230525.1500     0.9256     4.2759   111.0190    30.0
20230525.1600     0.9313     4.2858   110.1030    30.0
20230525.1700     0.9339     4.2993   109.3131    30.0
20230525.1800     0.9179     4.3387   108.6768    30.0
20230525.1900     0.8963     4.3767   108.1995    30.0
20230525.2000     0.8824     4.3857   108.0788    30.0
20230525.2100     0.8686     4.3909   108.1227    30.0
20230525.2200     0.8508     4.4022   107.8375    30.0
20230525.2300     0.8812     4.4854   107.7058    30.0
20230526.0000     0.8727     4.4554   107.6455    30.0
20230526.0100     0.8755     4.4047   107.5522    30.0
20230526.0200     0.8880     4.3516   107.5303    30.0
20230526.0300     0.8975     4.3270   107.4754    30.0
20230526.0400     0.9026     4.3238   107.3164    30.0
20230526.0500     0.9080     4.3281   107.1299    30.0
20230526.0600     0.9148     4.3350   106.8775    30.0
20230526.0700     0.9203     4.3481   106.7075    30.0
20230526.0800     0.9275     4.3596   106.7733    30.0
20230526.0900     0.9359     4.3689   107.2121    30.0
20230526.1000     0.9215     4.4203   107.0805    30.0
20230526.1100     0.9132     4.4418   107.0256    30.0
20230526.1200     0.9095     4.4440   107.0805    30.0
20230526.1300     0.9048     4.4437   107.1024    30.0
20230526.1400     0.9016     4.4346   107.0915    30.0
20230526.1500     0.9053     4.4089   107.1024    30.0
20230526.1600     0.9080     4.3901   107.0037    30.0
20230526.1700     0.9104     4.3755   106.7349    30.0
20230526.1800     0.9125     4.3658   106.3509    30.0
20230526.1900     0.9117     4.3611   105.9505    30.0
20230526.2000     0.9069     4.3611   105.6049    30.0
20230526.2100     0.8906     4.3780   105.4404    30.0
20230526.2200     0.8609     4.4203   105.0948    30.0
20230526.2300     0.8692     4.5409   104.9576    30.0
20230527.0000     0.8581     4.5594   105.0235    30.0
20230527.0100     0.8592     4.5354   105.3581    30.0
20230527.0200     0.8540     4.5410   105.2868    30.0
20230527.0300     0.8412     4.5768   105.2374    30.0
20230527.0400     0.8287     4.6097   105.4623    30.0
20230527.0500     0.8195     4.6305   105.8243    30.0
20230527.0600     0.8156     4.6313   106.3016    30.0
20230527.0700     0.8177     4.6146   106.8995    30.0
20230527.0800     0.8259     4.5858   107.5742    30.0
20230527.0900     0.8371     4.5613   108.3202    30.0
20230527.1000     0.8369     4.5870   108.7206    30.0
20230527.1100     0.8473     4.5819   109.3844    30.0
20230527.1200     0.8657     4.5599   110.2620    30.0
20230527.1300     0.8846     4.5502   110.7777    30.0
20230527.1400     0.8976     4.5652   110.7338    30.0
20230527.1500     0.8949     4.6261   110.3553    30.0
20230527.1600     0.8834     4.7073   109.8287    30.0
20230527.1700     0.8747     4.7642   109.4283    30.0
20230527.1800     0.8761     4.7699   109.3240    30.0
20230527.1900     0.8750     4.7793   109.2966    30.0
20230527.2000     0.8693     4.7986   109.2253    30.0
20230527.2100     0.8626     4.8126   109.0662    30.0
20230527.2200     0.8503     4.8369   108.3147    30.0
20230527.2300     0.8447     4.8256   107.7497    30.0
20230528.0000     0.8449     4.7854   107.4864    30.0
20230528.0100     0.8429     4.7548   107.4645    30.0
20230528.0200     0.8385     4.7315   107.4919    30.0
20230528.0300     0.8318     4.7140   107.6620    30.0
20230528.0400     0.8246     4.6960   107.9417    30.0
20230528.0500     0.8179     4.6748   108.2105    30.0
20230528.0600     0.8094     4.6619   108.4189    30.0
20230528.0700     0.7994     4.6545   108.5780    30.0
20230528.0800     0.7909     4.6378   108.7426    30.0
20230528.0900     0.7893     4.5911   108.9839    30.0
20230528.1000     0.7961     4.5156   109.6203    30.0
20230528.1100     0.8324     4.5442   110.2675    30.0
20230528.1200     0.8252     4.5636   110.5363    30.0
20230528.1300     0.8168     4.5830   110.6460    30.0
20230528.1400     0.8133     4.5837   110.6954    30.0
20230528.1500     0.8043     4.6146   110.4102    30.0
20230528.1600     0.7918     4.6642   109.9658    30.0
20230528.1700     0.7794     4.7174   109.4886    30.0
20230528.1800     0.7713     4.7496   109.1375    30.0
20230528.1900     0.7656     4.7690   108.9071    30.0
20230528.2000     0.7622     4.7755   108.8029    30.0
20230528.2100     0.7601     4.7727   108.8249    30.0
20230528.2200     0.7566     4.7721   108.5945    30.0
20230528.2300     0.7539     4.7630   108.4080    30.0
20230529.0000     0.7542     4.7300   108.3367    30.0
20230529.0100     0.7534     4.7010   108.2434    30.0
20230529.0200     0.7532     4.6651   108.2654    30.0
20230529.0300     0.7547     4.6195   108.4409    30.0
20230529.0400     0.7547     4.5815   108.6438    30.0
20230529.0500     0.7541     4.5482   108.7755    30.0
20230529.0600     0.7550     4.5098   108.9236    30.0
20230529.0700     0.7584     4.4644   109.2253    30.0
20230529.0800     0.7621     4.4256   109.6806    30.0
20230529.0900     0.7664     4.3908   110.3059    30.0
20230529.1000     0.7784     4.3369   110.6076    30.0
20230529.1100     0.7854     4.3123   111.0245    30.0
20230529.1200     0.7832     4.3193   111.2604    30.0
20230529.1300     0.7799     4.3267   111.3701    30.0
20230529.1400     0.7720     4.3467   111.0794    30.0
20230529.1500     0.7628     4.3676   110.5857    30.0
20230529.1600     0.7563     4.3734   110.0152    30.0
20230529.1700     0.7499     4.3785   109.3734    30.0
20230529.1800     0.7414     4.3915   108.8413    30.0
20230529.1900     0.7331     4.4026   108.4025    30.0
20230529.2000     0.7308     4.3895   107.9691    30.0
20230529.2100     0.7363     4.3509   107.5248    30.0
20230529.2200     0.7510     4.2901   107.0750    30.0
20230529.2300     0.7687     4.2629   106.7953    30.0
20230530.0000     0.7763     4.2581   106.5594    30.0
20230530.0100     0.7775     4.2732   106.2303    30.0
20230530.0200     0.7693     4.3089   105.9011    30.0
20230530.0300     0.7601     4.3399   105.8134    30.0
20230530.0400     0.7481     4.3762   105.9505    30.0
20230530.0500     0.7415     4.3846   106.3345    30.0
20230530.0600     0.7427     4.3586   106.9708    30.0
20230530.0700     0.7492     4.3187   107.7278    30.0
20230530.0800     0.7559     4.2886   108.6548    30.0
20230530.0900     0.7623     4.2701   109.5873    30.0
20230530.1000     0.7516     4.3170   109.7464    30.0
20230530.1100     0.7492     4.3257   110.3388    30.0
20230530.1200     0.7499     4.3234   111.1726    30.0
20230530.1300     0.7506     4.3223   111.7376    30.0
20230530.1400     0.7479     4.3371   111.8254    30.0
20230530.1500     0.7398     4.3724   111.6334    30.0
20230530.1600     0.7290     4.4154   111.3701    30.0
20230530.1700     0.7188     4.4509   111.1287    30.0
20230530.1800     0.7072     4.4903   110.8435    30.0
20230530.1900     0.6969     4.5185   110.6570    30.0
20230530.2000     0.6913     4.5165   110.6680    30.0
20230530.2100     0.6901     4.4861   110.8270    30.0
20230530.2200     0.6910     4.4423   110.9587    30.0
20230530.2300     0.7051     4.3496   111.7321    30.0
20230531.0000     0.7290     4.2448   112.9828    30.0
20230531.0100     0.7588     4.1583   114.3158    30.0
20230531.0200     0.7844     4.1158   115.3196    30.0
20230531.0300     0.7994     4.1132   115.8407    30.0
20230531.0400     0.8040     4.1335   116.0053    30.0
20230531.0500     0.8050     4.1528   116.1973    30.0
20230531.0600     0.8083     4.1594   116.6361    30.0
20230531.0700     0.8114     4.1642   117.1847    30.0
20230531.0800     0.8133     4.1701   117.7551    30.0
20230531.0900     0.8182     4.1679   118.5231    30.0
20230531.1000     0.8133     4.1871   118.5999    30.0
20230531.1100     0.8530     4.3079   118.5670    30.0
20230531.1200     0.8545     4.3161   118.2379    30.0
20230531.1300     0.8674     4.3013   117.8758    30.0
20230531.1400     0.8823     4.2908   117.3108    30.0
20230531.1500     0.8926     4.2932   116.4386    30.0
20230531.1600     0.8920     4.3130   115.5500    30.0
20230531.1700     0.8844     4.3379   114.7656    30.0
20230531.1800     0.8716     4.3663   114.1238    30.0
20230531.1900     0.8610     4.3803   113.6411    30.0
20230531.2000     0.8543     4.3815   113.3065    30.0
20230531.2100     0.8519     4.3702   113.1419    30.0
20230531.2200     0.8456     4.3676   112.8457    30.0
20230531.2300     0.8500     4.3406   112.7908    30.0
20230601.0000     0.8595     4.3107   112.8018    30.0
20230601.0100     0.8785     4.2781   112.6427    30.0
20230601.0200     0.9094     4.2515   112.6153    30.0
20230601.0300     0.9325     4.2645   112.6098    30.0
20230601.0400     0.9432     4.3030   112.5604    30.0
20230601.0500     0.9549     4.3353   112.6153    30.0
20230601.0600     0.9742     4.3554   112.6976    30.0
20230601.0700     0.9873     4.3837   112.6756    30.0
20230601.0800     0.9928     4.4144   112.5166    30.0
20230601.0900     0.9932     4.4407   112.2862    30.0
20230601.1000     0.9773     4.4805   112.0503    30.0
20230601.1100     0.9641     4.5010   112.0174    30.0
20230601.1200     0.9461     4.5226   111.9625    30.0
20230601.1300     0.9275     4.5365   111.8035    30.0
20230601.1400     0.9101     4.5405   111.5018    30.0
20230601.1500     0.8895     4.5504   111.1123    30.0
20230601.1600     0.8697     4.5534   110.7777    30.0
20230601.1700     0.8552     4.5353   110.4924    30.0
20230601.1800     0.8467     4.4976   110.3224    30.0
20230601.1900     0.8455     4.4428   110.3443    30.0
20230601.2000     0.8502     4.3835   110.5253    30.0
20230601.2100     0.8616     4.3256   110.7722    30.0
20230601.2200     0.8647     4.2993   110.2236    30.0
20230601.2300     0.9015     4.3393   110.0975    30.0
20230602.0000     0.9166     4.3168   110.5418    30.0
20230602.0100     0.9385     4.2983   111.3152    30.0
20230602.0200     0.9722     4.2865   112.2478    30.0
20230602.0300     1.0026     4.3034   112.6647    30.0
20230602.0400     1.0202     4.3418   112.6647    30.0
20230602.0500     1.0288     4.3856   112.4452    30.0
20230602.0600     1.0305     4.4282   111.8528    30.0
20230602.0700     1.0250     4.4680   111.2055    30.0
20230602.0800     1.0173     4.4976   110.6351    30.0
20230602.0900     1.0116     4.5134   110.0975    30.0
20230602.1000     1.0011     4.5268   109.1924    30.0
20230602.1100     0.9940     4.5272   108.4025    30.0
20230602.1200     0.9895     4.5187   108.0185    30.0
20230602.1300     0.9916     4.4988   107.5358    30.0
20230602.1400     0.9994     4.4770   106.7130    30.0
20230602.1500     1.0022     4.4727   105.7969    30.0
20230602.1600     0.9964     4.4855   105.1771    30.0
20230602.1700     0.9902     4.4973   104.8808    30.0
20230602.1800     0.9840     4.5085   104.7218    30.0
20230602.1900     0.9722     4.5285   104.4585    30.0
20230602.2000     0.9557     4.5556   104.0306    30.0
20230602.2100     0.9383     4.5814   103.6521    30.0
20230602.2200     0.9219     4.6005   103.4053    30.0
20230602.2300     0.9113     4.6021   103.3339    30.0
20230603.0000     0.9101     4.5746   103.3394    30.0
20230603.0100     0.9196     4.5252   103.5259    30.0
20230603.0200     0.9285     4.4893   104.0471    30.0
20230603.0300     0.9352     4.4685   104.6943    30.0
20230603.0400     0.9393     4.4622   105.0893    30.0
20230603.0500     0.9371     4.4725   105.2319    30.0
20230603.0600     0.9316     4.4872   105.2593    30.0
20230603.0700     0.9234     4.5046   105.3252    30.0
20230603.0800     0.9153     4.5153   105.3745    30.0
20230603.0900     0.9084     4.5188   105.5720    30.0
20230603.1000     0.8907     4.5515   105.6707    30.0
20230603.1100     1.0700     5.0575   105.7585    30.0
20230603.1200     1.0357     5.0670   105.6653    30.0
20230603.1300     1.0086     5.0441   105.8188    30.0
20230603.1400     0.9851     5.0071   106.0438    30.0
20230603.1500     0.9618     4.9725   106.2028    30.0
20230603.1600     0.9405     4.9331   106.1754    30.0
20230603.1700     0.9227     4.8827   106.1041    30.0
20230603.1800     0.9022     4.8486   106.0218    30.0
20230603.1900     0.8766     4.8414   105.9231    30.0
20230603.2000     0.8497     4.8445   105.8353    30.0
20230603.2100     0.8243     4.8447   105.8737    30.0
20230603.2200     0.8024     4.8293   106.0602    30.0
20230603.2300     0.7906     4.7650   106.5100    30.0
20230604.0000     0.7846     4.6816   107.1792    30.0
20230604.0100     0.7871     4.5747   108.4189    30.0
20230604.0200     0.8008     4.4494   110.0042    30.0
20230604.0300     0.8126     4.3647   111.0355    30.0
20230604.0400     0.8125     4.3346   111.3756    30.0
20230604.0500     0.8109     4.3155   111.4743    30.0
20230604.0600     0.8097     4.3010   111.7486    30.0
20230604.0700     0.8027     4.3068   112.1490    30.0
20230604.0800     0.7927     4.3198   112.2478    30.0
20230604.0900     0.7818     4.3325   112.2423    30.0
20230604.1000     0.7648     4.3631   112.2423    30.0
20230604.1100     0.7469     4.4002   111.6279    30.0
20230604.1200     0.7318     4.4204   110.8161    30.0
20230604.1300     0.7185     4.4293   109.9987    30.0
20230604.1400     0.7067     4.4316   109.0607    30.0
20230604.1500     0.6932     4.4415   108.2489    30.0
20230604.1600     0.6832     4.4310   107.4809    30.0
20230604.1700     0.6746     4.4116   106.8775    30.0
20230604.1800     0.6653     4.3971   106.4332    30.0
20230604.1900     0.6558     4.3846   106.0767    30.0
20230604.2000     0.6435     4.3868   105.8792    30.0
20230604.2100     0.6289     4.4013   105.7421    30.0
20230604.2200     0.6103     4.4414   105.4623    30.0
20230604.2300     0.6703     4.7292   105.2429    30.0
20230605.0000     0.6585     4.7475   105.0015    30.0
20230605.0100     0.6533     4.7098   105.1057    30.0
20230605.0200     0.6594     4.5909   105.9889    30.0
20230605.0300     0.6820     4.4032   108.0240    30.0
20230605.0400     0.7157     4.2267   110.1688    30.0
20230605.0500     0.7520     4.1073   111.5456    30.0
20230605.0600     0.7788     4.0585   112.0503    30.0
20230605.0700     0.7889     4.0626   112.1600    30.0
20230605.0800     0.7815     4.0978   112.0393    30.0
20230605.0900     0.7685     4.1296   111.7925    30.0
20230605.1000     0.7481     4.1666   110.8874    30.0
20230605.1100     0.7403     4.1587   109.9219    30.0
20230605.1200     0.7419     4.1249   109.0114    30.0
20230605.1300     0.7499     4.0851   108.1282    30.0
20230605.1400     0.7534     4.0680   107.2889    30.0
20230605.1500     0.7468     4.0769   106.6252    30.0
20230605.1600     0.7364     4.0917   105.8572    30.0
20230605.1700     0.7283     4.0947   105.0180    30.0
20230605.1800     0.7165     4.1098   104.3104    30.0
20230605.1900     0.7047     4.1228   103.7344    30.0
20230605.2000     0.6977     4.1184   103.2297    30.0
20230605.2100     0.6934     4.1075   102.6976    30.0
20230605.2200     0.6976     4.0702   102.0065    30.0
20230605.2300     0.7151     4.0130   101.3427    30.0
20230606.0000     0.7353     3.9746   100.9697    30.0
20230606.0100     0.7443     3.9739   100.8710    30.0
20230606.0200     0.7424     3.9915   101.0794    30.0
20230606.0300     0.7338     4.0180   101.6499    30.0
20230606.0400     0.7263     4.0381   102.7690    30.0
20230606.0500     0.7219     4.0459   104.4146    30.0
20230606.0600     0.7080     4.0842   105.3690    30.0
20230606.0700     0.6893     4.1384   105.6653    30.0
20230606.0800     0.6735     4.1750   105.7421    30.0
20230606.0900     0.6659     4.1696   105.8902    30.0
20230606.1000     0.6562     4.1709   106.1754    30.0
20230606.1100     0.7329     4.3517   106.6855    30.0
20230606.1200     0.7216     4.3188   106.5704    30.0
20230606.1300     0.7060     4.3090   106.2193    30.0
20230606.1400     0.6869     4.3166   105.6872    30.0
20230606.1500     0.6679     4.3240   105.1771    30.0
20230606.1600     0.6528     4.3135   104.6340    30.0
20230606.1700     0.6430     4.2784   104.2390    30.0
20230606.1800     0.6390     4.2211   103.9977    30.0
20230606.1900     0.6385     4.1591   103.9812    30.0
20230606.2000     0.6425     4.0915   104.1129    30.0
20230606.2100     0.6550     4.0110   104.2445    30.0
20230606.2200     0.6649     3.9546   104.7053    30.0
20230606.2300     0.6958     3.8781   105.5501    30.0
20230607.0000     0.7394     3.8324   106.1644    30.0
20230607.0100     0.7831     3.8351   106.7404    30.0
20230607.0200     0.8228     3.8711   107.2012    30.0
20230607.0300     0.8582     3.9261   107.5632    30.0
20230607.0400     0.9025     3.9902   107.9417    30.0
20230607.0500     0.9509     4.0687   107.0640    30.0
20230607.0600     0.9732     4.1564   105.9395    30.0
20230607.0700     0.9556     4.2459   105.5885    30.0
20230607.0800     0.9320     4.3089   105.6049    30.0
20230607.0900     0.9304     4.3162   105.6104    30.0
20230607.1000     0.9442     4.3025   106.2028    30.0
20230607.1100     0.9839     4.3008   106.2961    30.0
20230607.1200     1.0144     4.3209   106.0328    30.0
20230607.1300     1.0363     4.3568   105.9615    30.0
20230607.1400     1.0602     4.3928   105.7805    30.0
20230607.1500     1.0859     4.4309   105.5007    30.0
20230607.1600     1.1032     4.4758   105.2868    30.0
20230607.1700     1.1200     4.5161   105.1716    30.0
20230607.1800     1.1348     4.5537   104.9412    30.0
20230607.1900     1.1486     4.5866   104.4969    30.0
20230607.2000     1.1667     4.6164   104.2610    30.0
20230607.2100     1.1879     4.6533   104.3104    30.0
20230607.2200     1.1924     4.7017   104.0745    30.0
20230607.2300     1.3832     5.0303   104.0306    30.0
20230608.0000     1.3870     5.0477   104.2281    30.0
20230608.0100     1.3963     5.0571   104.2061    30.0
20230608.0200     1.3964     5.0721   104.0635    30.0
20230608.0300     1.3829     5.0928   103.9264    30.0
20230608.0400     1.3551     5.1182   103.8441    30.0
20230608.0500     1.3197     5.1392   103.8496    30.0
20230608.0600     1.2813     5.1530   103.8222    30.0
20230608.0700     1.2388     5.1660   103.9099    30.0
20230608.0800     1.1940     5.1806   103.9538    30.0
20230608.0900     1.1528     5.1844   103.9099    30.0
20230608.1000     1.1043     5.2200   103.8606    30.0
20230608.1100     1.0755     5.1825   103.7947    30.0
20230608.1200     1.0616     5.0941   103.7783    30.0
20230608.1300     1.0532     5.0027   103.9154    30.0
20230608.1400     1.0472     4.9160   104.1403    30.0
20230608.1500     1.0355     4.8586   104.4639    30.0
20230608.1600     1.0163     4.8285   104.8754    30.0
20230608.1700     0.9928     4.8128   105.0948    30.0
20230608.1800     0.9696     4.7951   105.1935    30.0
20230608.1900     0.9531     4.7553   105.3471    30.0
20230608.2000     0.9468     4.6871   105.6159    30.0
20230608.2100     0.9449     4.6176   105.9779    30.0
20230608.2200     0.9267     4.5958   105.7091    30.0
20230608.2300     0.9145     4.5599   105.4842    30.0
20230609.0000     0.9110     4.5072   105.2813    30.0
20230609.0100     0.9135     4.4534   105.1057    30.0
20230609.0200     0.9170     4.4126   104.7931    30.0
20230609.0300     0.9172     4.3908   104.2720    30.0
20230609.0400     0.9150     4.3787   103.7234    30.0
20230609.0500     0.9108     4.3728   103.1749    30.0
20230609.0600     0.9073     4.3674   102.5495    30.0
20230609.0700     0.9032     4.3645   101.8255    30.0
20230609.0800     0.9011     4.3589   101.1398    30.0
20230609.0900     0.8983     4.3559   100.7887    30.0
20230609.1000     0.8934     4.3549   100.7887    30.0
20230609.1100     0.9058     4.3772   101.1124    30.0
20230609.1200     0.9054     4.3616   101.5457    30.0
20230609.1300     0.9054     4.3483   102.1710    30.0
20230609.1400     0.9019     4.3421   103.1036    30.0
20230609.1500     0.8953     4.3395   104.2445    30.0
20230609.1600     0.8877     4.3337   105.2977    30.0
20230609.1700     0.8820     4.3196   106.3729    30.0
20230609.1800     0.8743     4.3070   107.3328    30.0
20230609.1900     0.8583     4.3111   107.9746    30.0
20230609.2000     0.8361     4.3251   108.3586    30.0
20230609.2100     0.8201     4.3145   109.0882    30.0
20230609.2200     0.8059     4.2947   109.5873    30.0
20230609.2300     0.8035     4.2451   110.1085    30.0
20230610.0000     0.8083     4.1902   110.4815    30.0
20230610.0100     0.8154     4.1472   110.4979    30.0
20230610.0200     0.8248     4.1161   110.3334    30.0
20230610.0300     0.8389     4.0945   110.1469    30.0
20230610.0400     0.8445     4.0971   109.8561    30.0
20230610.0500     0.8416     4.1113   109.1979    30.0
20230610.0600     0.8348     4.1233   108.4189    30.0
20230610.0700     0.8202     4.1403   107.7387    30.0
20230610.0800     0.8025     4.1523   107.2176    30.0
20230610.0900     0.7856     4.1540   106.9872    30.0
20230610.1000     0.7562     4.1872   106.8666    30.0
20230610.1100     0.7381     4.1725   107.2505    30.0
20230610.1200     0.7380     4.1056   108.2708    30.0
20230610.1300     0.7513     4.0277   109.6586    30.0
20230610.1400     0.7769     3.9638   110.7612    30.0
20230610.1500     0.8030     3.9412   111.0684    30.0
20230610.1600     0.8229     3.9522   110.6735    30.0
20230610.1700     0.8317     3.9830   110.0701    30.0
20230610.1800     0.8296     4.0216   109.4392    30.0
20230610.1900     0.8189     4.0626   108.6164    30.0
20230610.2000     0.8022     4.1031   107.8265    30.0
20230610.2100     0.7855     4.1343   107.2505    30.0
20230610.2200     0.7757     4.1408   106.7404    30.0
20230610.2300     0.8670     4.3270   106.5484    30.0
20230611.0000     0.8678     4.2932   106.5210    30.0
20230611.0100     0.8729     4.2642   106.6526    30.0
20230611.0200     0.8792     4.2436   107.0750    30.0
20230611.0300     0.8864     4.2282   107.8320    30.0
20230611.0400     0.8977     4.2123   108.9675    30.0
20230611.0500     0.9078     4.2067   110.1139    30.0
20230611.0600     0.9124     4.2130   111.0519    30.0
20230611.0700     0.9119     4.2227   112.0503    30.0
20230611.0800     0.9054     4.2332   113.0706    30.0
20230611.0900     0.9017     4.2298   114.3213    30.0
20230611.1000     0.8908     4.2343   114.9137    30.0
20230611.1100     0.8927     4.2158   115.8243    30.0
20230611.1200     0.8984     4.2007   116.5758    30.0
20230611.1300     0.9159     4.1862   116.8007    30.0
20230611.1400     0.9489     4.1819   116.5922    30.0
20230611.1500     0.9810     4.2053   116.2302    30.0
20230611.1600     1.0063     4.2507   115.3525    30.0
20230611.1700     1.0249     4.3070   114.1677    30.0
20230611.1800     1.0443     4.3597   113.2297    30.0
20230611.1900     1.0768     4.4037   112.5550    30.0
20230611.2000     1.1249     4.4506   111.9132    30.0
20230611.2100     1.1932     4.5067   111.9077    30.0
20230611.2200     1.2117     4.5890   111.8912    30.0
20230611.2300     1.2417     4.6763   112.6702    30.0
20230612.0000     1.2477     4.7340   113.1529    30.0
20230612.0100     1.2320     4.8075   112.7579    30.0
20230612.0200     1.2119     4.8745   112.0119    30.0
20230612.0300     1.1951     4.9247   111.1891    30.0
20230612.0400     1.1861     4.9513   110.5473    30.0
20230612.0500     1.2027     4.9259   109.8890    30.0
20230612.0600     1.2340     4.8897   108.8907    30.0
20230612.0700     1.2425     4.8893   108.2983    30.0
20230612.0800     1.2237     4.9138   108.0075    30.0
20230612.0900     1.1879     4.9469   107.9362    30.0
20230612.1000     1.1423     4.9866   108.0514    30.0
20230612.1100     1.1179     4.9985   108.2270    30.0
20230612.1200     1.1069     4.9461   108.4135    30.0
20230612.1300     1.1138     4.8801   108.7481    30.0
20230612.1400     1.1366     4.8189   109.1101    30.0
20230612.1500     1.1716     4.7801   109.4337    30.0
20230612.1600     1.2114     4.7717   109.5983    30.0
20230612.1700     1.2408     4.7931   109.2692    30.0
20230612.1800     1.2500     4.8300   108.7974    30.0
20230612.1900     1.2507     4.8592   108.3696    30.0
20230612.2000     1.2597     4.8680   107.9088    30.0
20230612.2100     1.2759     4.8687   107.4261    30.0
20230612.2200     1.2732     4.8835   107.3109    30.0
20230612.2300     1.2749     4.8887   107.0531    30.0
20230613.0000     1.2871     4.8826   106.7678    30.0
20230613.0100     1.3183     4.8737   106.2467    30.0
20230613.0200     1.3405     4.8877   106.0218    30.0
20230613.0300     1.3464     4.9170   106.0273    30.0
20230613.0400     1.3386     4.9513   106.1973    30.0
20230613.0500     1.3280     4.9783   106.4552    30.0
20230613.0600     1.3139     5.0022   106.6746    30.0
20230613.0700     1.2934     5.0270   106.8995    30.0
20230613.0800     1.2694     5.0493   107.0915    30.0
20230613.0900     1.2490     5.0574   107.3438    30.0
20230613.1000     1.2342     5.0488   107.6290    30.0
20230613.1100     1.2436     5.0755   107.7442    30.0
20230613.1200     1.2300     5.0611   107.4864    30.0
20230613.1300     1.2192     5.0455   107.2725    30.0
20230613.1400     1.2061     5.0370   107.2999    30.0
20230613.1500     1.1988     5.0189   107.4480    30.0
20230613.1600     1.1903     5.0082   107.6016    30.0
20230613.1700     1.1757     5.0098   107.6894    30.0
20230613.1800     1.1562     5.0174   107.6290    30.0
20230613.1900     1.1406     5.0122   107.4700    30.0
20230613.2000     1.1313     4.9927   107.1024    30.0
20230613.2100     1.1184     4.9781   106.5649    30.0
20230613.2200     1.0938     4.9886   105.8024    30.0
20230613.2300     1.0785     4.9711   104.9192    30.0
20230614.0000     1.0711     4.9321   104.1019    30.0
20230614.0100     1.0717     4.8798   103.4766    30.0
20230614.0200     1.0940     4.8104   103.2352    30.0
20230614.0300     1.1369     4.7478   103.0926    30.0
20230614.0400     1.1806     4.7282   103.1584    30.0
20230614.0500     1.1921     4.7620   103.0048    30.0
20230614.0600     1.1723     4.8102   102.6263    30.0
20230614.0700     1.1499     4.8409   102.2917    30.0
20230614.0800     1.1229     4.8653   102.0504    30.0
20230614.0900     1.0925     4.8849   101.9023    30.0
20230614.1000     1.0493     4.9358   102.1052    30.0
20230614.1100     1.0246     4.9169   101.7048    30.0
20230614.1200     0.9956     4.9188   101.9571    30.0
20230614.1300     0.9584     4.9560   102.8677    30.0
20230614.1400     0.9280     4.9662   103.7179    30.0
20230614.1500     0.9050     4.9469   104.3213    30.0
20230614.1600     0.8863     4.9122   104.7547    30.0
20230614.1700     0.8698     4.8778   105.1332    30.0
20230614.1800     0.8576     4.8285   105.6543    30.0
20230614.1900     0.8542     4.7508   106.1480    30.0
20230614.2000     0.8549     4.6709   106.3454    30.0
20230614.2100     0.8535     4.6128   105.9670    30.0
20230614.2200     0.8397     4.5944   104.7053    30.0
20230614.2300     0.8605     4.5930   103.7124    30.0
20230615.0000     0.8647     4.5339   103.3394    30.0
20230615.0100     0.8581     4.5125   102.9609    30.0
20230615.0200     0.8533     4.4858   102.7360    30.0
20230615.0300     0.8558     4.4441   102.7525    30.0
20230615.0400     0.8506     4.4326   103.0213    30.0
20230615.0500     0.8345     4.4565   103.3175    30.0
20230615.0600     0.8145     4.4907   103.5314    30.0
20230615.0700     0.7979     4.5098   103.5534    30.0
20230615.0800     0.7859     4.5116   103.3669    30.0
20230615.0900     0.7762     4.5065   103.1804    30.0
20230615.1000     0.7535     4.5688   103.4821    30.0
20230615.1100     0.7368     4.6011   103.8057    30.0
20230615.1200     0.7245     4.6098   104.0964    30.0
20230615.1300     0.7169     4.5932   104.2555    30.0
20230615.1400     0.7141     4.5537   104.0690    30.0
20230615.1500     0.7088     4.5335   103.8660    30.0
20230615.1600     0.6967     4.5525   103.8606    30.0
20230615.1700     0.6854     4.5652   103.8770    30.0
20230615.1800     0.6785     4.5458   103.6905    30.0
20230615.1900     0.6761     4.5020   103.3449    30.0
20230615.2000     0.6744     4.4588   103.1255    30.0
20230615.2100     0.6643     4.4648   103.3065    30.0
20230615.2200     0.6476     4.4994   103.4985    30.0
20230615.2300     0.6407     4.4743   103.2352    30.0
20230616.0000     0.6407     4.4113   102.3905    30.0
20230616.0100     0.6410     4.3548   100.9368    30.0
20230616.0200     0.6401     4.3076    99.3735    30.0
20230616.0300     0.6332     4.2940    98.4025    30.0
20230616.0400     0.6171     4.3344    98.5561    30.0
20230616.0500     0.6009     4.3732    98.9346    30.0
20230616.0600     0.5870     4.3971    99.2089    30.0
20230616.0700     0.5745     4.4138    99.3954    30.0
20230616.0800     0.5623     4.4294    99.5819    30.0
20230616.0900     0.5510     4.4435    99.8507    30.0
20230616.1000     0.5394     4.4475   100.4815    30.0
20230616.1100     0.5768     4.5225   102.9609    30.0
20230616.1200     0.5734     4.5283   104.1842    30.0
20230616.1300     0.5732     4.5154   105.7914    30.0
20230616.1400     0.5766     4.4843   107.4480    30.0
20230616.1500     0.5814     4.4521   108.6054    30.0
20230616.1600     0.5861     4.4265   109.1156    30.0
20230616.1700     0.5994     4.3514   109.5819    30.0
20230616.1800     0.6296     4.2140   109.8616    30.0
20230616.1900     0.6757     4.0722   109.3240    30.0
20230616.2000     0.7266     3.9813   108.3805    30.0
20230616.2100     0.7588     3.9647   107.5029    30.0
20230616.2200     0.7595     4.0016   107.0695    30.0
20230616.2300     0.7688     4.0114   106.5429    30.0
20230617.0000     0.7924     4.0024   105.7256    30.0
20230617.0100     0.8126     4.0181   105.1441    30.0
20230617.0200     0.8192     4.0585   104.4036    30.0
20230617.0300     0.8126     4.1123   103.6576    30.0
20230617.0400     0.7984     4.1700   103.1310    30.0
20230617.0500     0.7827     4.2223   102.8732    30.0
20230617.0600     0.7687     4.2605   102.7031    30.0
20230617.0700     0.7541     4.3022   102.5440    30.0
20230617.0800     0.7387     4.3491   102.3575    30.0
20230617.0900     0.7235     4.3971   102.1710    30.0
20230617.1000     0.7087     4.4418   101.9681    30.0
20230617.1100     0.7002     4.4550   101.8748    30.0
20230617.1200     0.6982     4.4283   102.0010    30.0
20230617.1300     0.7020     4.3754   102.0339    30.0
20230617.1400     0.7070     4.3254   102.0174    30.0
20230617.1500     0.7092     4.2971   101.9681    30.0
20230617.1600     0.7080     4.2879   101.9736    30.0
20230617.1700     0.7022     4.2967   102.1052    30.0
20230617.1800     0.6939     4.3166   102.2862    30.0
20230617.1900     0.6860     4.3305   102.4563    30.0
20230617.2000     0.6814     4.3239   102.5221    30.0
20230617.2100     0.6805     4.2988   102.4837    30.0
20230617.2200     0.6728     4.3044   102.0833    30.0
20230617.2300     0.6864     4.3344   101.5951    30.0
20230618.0000     0.6856     4.3164   101.1124    30.0
20230618.0100     0.6862     4.2924   100.7339    30.0
20230618.0200     0.6873     4.2694   100.6406    30.0
20230618.0300     0.6855     4.2576   100.5364    30.0
20230618.0400     0.6854     4.2389   100.2292    30.0
20230618.0500     0.6856     4.2183    99.8013    30.0
20230618.0600     0.6807     4.2208    99.5490    30.0
20230618.0700     0.6704     4.2425    99.6039    30.0
20230618.0800     0.6608     4.2581    99.7574    30.0
20230618.0900     0.6561     4.2456    99.9056    30.0
20230618.1000     0.6394     4.2930   100.2895    30.0
20230618.1100     0.6283     4.3127   100.6900    30.0
20230618.1200     0.6187     4.3223   101.1727    30.0
20230618.1300     0.6059     4.3551   101.6335    30.0
20230618.1400     0.5925     4.3924   102.0229    30.0
20230618.1500     0.5804     4.4209   102.3411    30.0
20230618.1600     0.5706     4.4284   102.5221    30.0
20230618.1700     0.5655     4.3993   102.0888    30.0
20230618.1800     0.5614     4.3604   101.4634    30.0
20230618.1900     0.5554     4.3352   101.1124    30.0
20230618.2000     0.5472     4.3292   101.1562    30.0
20230618.2100     0.5369     4.3374   101.5622    30.0
20230618.2200     0.5238     4.3579   102.2094    30.0
20230618.2300     0.5155     4.3492   102.7909    30.0
20230619.0000     0.5102     4.3147   103.3559    30.0
20230619.0100     0.5060     4.2708   103.8551    30.0
20230619.0200     0.5013     4.2345   104.5791    30.0
20230619.0300     0.4923     4.2321   105.1935    30.0
20230619.0400     0.4814     4.2470   105.5007    30.0
20230619.0500     0.4714     4.2540   105.6817    30.0
20230619.0600     0.4626     4.2540   105.8079    30.0
20230619.0700     0.4533     4.2565   105.9505    30.0
20230619.0800     0.4463     4.2344   106.2303    30.0
20230619.0900     0.4482     4.1268   106.9269    30.0
20230619.1000     0.4333     4.1755   107.5303    30.0
20230619.1100     0.4504     4.2497   107.1299    30.0
20230619.1200     0.4451     4.2435   106.8007    30.0
20230619.1300     0.4391     4.2347   106.4606    30.0
20230619.1400     0.4332     4.2166   106.1480    30.0
20230619.1500     0.4257     4.2142   105.8298    30.0
20230619.1600     0.4236     4.1474   106.9763    30.0
20230619.1700     0.4262     4.0493   110.3059    30.0
20230619.1800     0.4269     3.9703   113.2516    30.0
20230619.1900     0.4261     3.9083   115.7914    30.0
20230619.2000     0.4262     3.8412   118.7535    30.0
20230619.2100     0.4277     3.7750   121.9734    30.0
20230619.2200     0.4089     3.8550   121.6279    30.0
20230619.2300     0.4030     3.8344   120.1742    30.0
20230620.0000     0.4046     3.7553   116.0327    30.0
20230620.0100     0.4075     3.6882   111.9461    30.0
20230620.0200     0.4008     3.6825   111.0574    30.0
20230620.0300     0.3944     3.6793   110.7228    30.0
20230620.0400     0.3894     3.6678   110.4924    30.0
20230620.0500     0.3817     3.6789   110.6844    30.0
20230620.0600     0.3744     3.6898   110.9093    30.0
20230620.0700     0.3691     3.6839   110.9916    30.0
20230620.0800     0.3663     3.6619   110.6460    30.0
20230620.0900     0.3706     3.5926   109.7190    30.0
20230620.1000     0.3579     3.6412   109.9110    30.0
20230620.1100     0.3710     3.5269   109.2637    30.0
20230620.1200     0.4010     3.3733   108.6658    30.0
20230620.1300     0.4185     3.3301   108.4738    30.0
20230620.1400     0.4548     3.2560   107.5797    30.0
20230620.1500     0.4999     3.2311   106.8666    30.0
20230620.1600     0.5337     3.2563   106.4552    30.0
20230620.1700     0.5586     3.2968   106.0273    30.0
20230620.1800     0.5705     3.3473   106.0163    30.0
20230620.1900     0.5837     3.3863   106.4716    30.0
20230620.2000     0.6005     3.4229   106.8501    30.0
20230620.2100     0.6107     3.4710   107.0366    30.0
20230620.2200     0.6116     3.5199   106.6033    30.0
20230620.2300     0.6528     3.6638   106.7514    30.0
20230621.0000     0.6616     3.6921   107.2396    30.0
20230621.0100     0.6836     3.7048   107.4700    30.0
20230621.0200     0.7258     3.7166   107.3767    30.0
20230621.0300     0.7639     3.7597   107.2670    30.0
20230621.0400     0.7851     3.8205   107.2231    30.0
20230621.0500     0.7933     3.8799   107.3822    30.0
20230621.0600     0.7897     3.9363   107.7936    30.0
20230621.0700     0.7803     3.9826   108.3037    30.0
20230621.0800     0.7744     4.0066   108.8742    30.0
20230621.0900     0.7738     4.0116   109.4392    30.0
20230621.1000     0.7641     4.0292   109.9494    30.0
20230621.1100     0.7671     4.0146   110.6789    30.0
20230621.1200     0.7786     3.9913   111.1068    30.0
20230621.1300     0.7940     3.9755   110.9806    30.0
20230621.1400     0.8188     3.9634   109.6477    30.0
20230621.1500     0.8455     3.9628   106.6252    30.0
20230621.1600     0.8707     3.9719   103.0597    30.0
20230621.1700     0.8904     3.9947   100.1195    30.0
20230621.1800     0.8991     4.0311    98.1886    30.0
20230621.1900     0.8956     4.0753    97.3000    30.0
20230621.2000     0.8914     4.1108    96.8721    30.0
20230621.2100     0.8901     4.1373    96.4826    30.0
20230621.2200     0.8814     4.1698    96.3675    30.0
20230621.2300     0.8766     4.1910    96.2687    30.0
20230622.0000     0.8765     4.2026    96.3016    30.0
20230622.0100     0.8856     4.2017    96.4717    30.0
20230622.0200     0.9006     4.2014    96.8776    30.0
20230622.0300     0.9132     4.2117    97.3384    30.0
20230622.0400     0.9143     4.2374    97.7553    30.0
20230622.0500     0.9056     4.2691    98.2490    30.0
20230622.0600     0.8910     4.2989    98.7865    30.0
20230622.0700     0.8690     4.3369    99.1705    30.0
20230622.0800     0.8456     4.3710    99.4777    30.0
20230622.0900     0.8280     4.3809    99.8123    30.0
20230622.1000     0.8112     4.3836   100.5254    30.0
20230622.1100     0.8587     4.4841   101.2605    30.0
20230622.1200     0.8507     4.4509   101.8693    30.0
20230622.1300     0.8466     4.4100   102.3630    30.0
20230622.1400     0.8502     4.3551   102.8512    30.0
20230622.1500     0.8586     4.3035   103.3614    30.0
20230622.1600     0.8651     4.2697   103.5972    30.0
20230622.1700     0.8680     4.2506   103.4217    30.0
20230622.1800     0.8609     4.2520   103.1420    30.0
20230622.1900     0.8489     4.2587   102.8238    30.0
20230622.2000     0.8364     4.2605   102.5221    30.0
20230622.2100     0.8253     4.2555   102.3191    30.0
20230622.2200     0.8235     4.2243   101.8035    30.0
20230622.2300     0.8195     4.2059   101.5402    30.0
20230623.0000     0.8177     4.1838   101.5238    30.0
20230623.0100     0.8158     4.1651   101.6390    30.0
20230623.0200     0.8108     4.1524   101.7596    30.0
20230623.0300     0.8029     4.1446   102.0613    30.0
20230623.0400     0.7963     4.1340   102.7909    30.0
20230623.0500     0.7935     4.1176   104.1239    30.0
20230623.0600     0.7926     4.1019   105.8847    30.0
20230623.0700     0.7929     4.0887   107.5742    30.0
20230623.0800     0.7944     4.0775   108.8742    30.0
20230623.0900     0.7897     4.0793   109.6806    30.0
20230623.1000     0.7611     4.1331   109.7848    30.0
20230623.1100     0.7333     4.1803   109.6641    30.0
20230623.1200     0.7080     4.2144   109.4776    30.0
20230623.1300     0.6865     4.2298   109.3131    30.0
20230623.1400     0.6701     4.2188   109.1320    30.0
20230623.1500     0.6541     4.2111   108.9401    30.0
20230623.1600     0.6373     4.2092   108.8139    30.0
20230623.1700     0.6196     4.2168   108.6164    30.0
20230623.1800     0.6007     4.2360   108.4189    30.0
20230623.1900     0.5847     4.2393   108.2434    30.0
20230623.2000     0.5726     4.2204   108.1447    30.0
20230623.2100     0.5629     4.1894   108.1447    30.0
20230623.2200     0.5594     4.1181   108.0295    30.0
20230623.2300     0.6396     4.3275   108.1008    30.0
20230624.0000     0.6298     4.2826   108.1556    30.0
20230624.0100     0.6186     4.2456   108.3641    30.0
20230624.0200     0.6085     4.2057   108.7371    30.0
20230624.0300     0.5958     4.1809   109.0114    30.0
20230624.0400     0.5847     4.1497   109.3350    30.0
20230624.0500     0.5779     4.0981   109.8616    30.0
20230624.0600     0.5723     4.0463   110.2840    30.0
20230624.0700     0.5652     4.0090   110.4102    30.0
20230624.0800     0.5567     3.9843   110.2950    30.0
20230624.0900     0.5483     3.9601   110.1194    30.0
20230624.1000     0.5357     3.9548   109.7080    30.0
20230624.1100     0.5282     3.9315   109.3515    30.0
20230624.1200     0.5237     3.8960   109.0991    30.0
20230624.1300     0.5203     3.8600   108.9236    30.0
20230624.1400     0.5181     3.8256   108.7097    30.0
20230624.1500     0.5115     3.8198   108.3147    30.0
20230624.1600     0.5044     3.8158   107.7936    30.0
20230624.1700     0.5010     3.7937   107.2451    30.0
20230624.1800     0.4993     3.7687   106.7733    30.0
20230624.1900     0.4934     3.7694   106.4552    30.0
20230624.2000     0.4860     3.7789   106.2741    30.0
20230624.2100     0.4804     3.7779   106.0712    30.0
20230624.2200     0.4704     3.7945   105.6488    30.0
20230624.2300     0.4630     3.8083   105.4513    30.0
20230625.0000     0.4567     3.8136   105.2374    30.0
20230625.0100     0.4547     3.7915   105.0893    30.0
20230625.0200     0.4592     3.7371   105.2209    30.0
20230625.0300     0.4653     3.6864   105.4678    30.0
20230625.0400     0.4725     3.6431   105.6433    30.0
20230625.0500     0.4841     3.5927   105.7585    30.0
20230625.0600     0.4957     3.5593   105.7201    30.0
20230625.0700     0.5001     3.5605   105.7421    30.0
20230625.0800     0.4984     3.5817   105.8956    30.0
20230625.0900     0.4966     3.5981   106.3290    30.0
20230625.1000     0.4905     3.6196   106.5758    30.0
20230625.1100     0.4880     3.6520   106.7514    30.0
20230625.1200     0.4851     3.6589   107.0860    30.0
20230625.1300     0.4819     3.6678   107.4261    30.0
20230625.1400     0.4789     3.6734   107.7004    30.0
20230625.1500     0.4785     3.6671   107.9417    30.0
20230625.1600     0.4780     3.6641   108.1392    30.0
20230625.1700     0.4732     3.6864   108.1447    30.0
20230625.1800     0.4668     3.7175   108.0350    30.0
20230625.1900     0.4602     3.7477   107.8539    30.0
20230625.2000     0.4547     3.7715   107.7442    30.0
20230625.2100     0.4511     3.7815   107.8101    30.0
20230625.2200     0.4428     3.8091   107.8046    30.0
20230625.2300     0.4416     3.8054   108.7042    30.0
20230626.0000     0.4452     3.7704   110.7996    30.0
20230626.0100     0.4487     3.7376   113.1529    30.0
20230626.0200     0.4447     3.7551   113.9647    30.0
20230626.0300     0.4376     3.7917   113.8660    30.0
20230626.0400     0.4316     3.8164   113.7234    30.0
20230626.0500     0.4266     3.8302   113.6520    30.0
20230626.0600     0.4211     3.8459   113.5149    30.0
20230626.0700     0.4161     3.8566   113.3942    30.0
20230626.0800     0.4125     3.8534   113.4052    30.0
20230626.0900     0.4108     3.8332   113.6520    30.0
20230626.1000     0.4015     3.8559   113.3723    30.0
20230626.1100     0.3995     3.8378   113.3997    30.0
20230626.1200     0.3988     3.8121   113.6575    30.0
20230626.1300     0.3968     3.7938   113.9263    30.0
20230626.1400     0.3954     3.7748   113.9812    30.0
20230626.1500     0.3944     3.7510   113.9153    30.0
20230626.1600     0.3943     3.7216   113.7892    30.0
20230626.1700     0.3946     3.6931   113.5972    30.0
20230626.1800     0.3952     3.6628   113.2571    30.0
20230626.1900     0.3965     3.6324   112.6263    30.0
20230626.2000     0.3978     3.6067   112.1161    30.0
20230626.2100     0.3977     3.5900   112.0393    30.0
20230626.2200     0.3977     3.5513   112.0229    30.0
20230626.2300     0.4051     3.5416   112.7250    30.0
20230627.0000     0.4023     3.5413   112.9718    30.0
20230627.0100     0.3999     3.5366   113.1035    30.0
20230627.0200     0.4036     3.4945   113.8331    30.0
20230627.0300     0.4173     3.4179   115.3745    30.0
20230627.0400     0.4476     3.3207   117.4370    30.0
20230627.0500     0.4814     3.2774   118.1611    30.0
20230627.0600     0.5024     3.2857   117.6016    30.0
20230627.0700     0.5110     3.3133   116.8116    30.0
20230627.0800     0.5090     3.3509   116.2412    30.0
20230627.0900     0.5047     3.3853   115.9066    30.0
20230627.1000     0.4951     3.4242   115.4348    30.0
20230627.1100     0.5020     3.4263   115.2922    30.0
20230627.1200     0.5221     3.4110   114.8204    30.0
20230627.1300     0.5478     3.4123   113.5204    30.0
20230627.1400     0.5624     3.4494   112.2258    30.0
20230627.1500     0.5642     3.5049   111.3427    30.0
20230627.1600     0.5613     3.5526   110.6460    30.0
20230627.1700     0.5571     3.5883   110.0536    30.0
20230627.1800     0.5512     3.6167   109.6641    30.0
20230627.1900     0.5498     3.6182   109.4776    30.0
20230627.2000     0.5617     3.5807   109.7409    30.0
20230627.2100     0.5934     3.5275   110.8325    30.0
20230627.2200     0.6467     3.4987   111.9516    30.0
20230627.2300     0.7029     3.5323   112.8128    30.0
20230628.0000     0.7564     3.6010   112.9609    30.0
20230628.0100     0.8018     3.6855   112.8841    30.0
20230628.0200     0.8371     3.7723   112.6372    30.0
20230628.0300     0.8570     3.8539   112.1874    30.0
20230628.0400     0.8616     3.9243   111.7980    30.0
20230628.0500     0.8627     3.9764   111.7376    30.0
20230628.0600     0.8692     4.0095   112.1216    30.0
20230628.0700     0.8736     4.0380   112.5220    30.0
20230628.0800     0.8787     4.0592   112.9554    30.0
20230628.0900     0.8719     4.0880   112.9828    30.0
20230628.1000     0.8437     4.1385   112.3410    30.0
20230628.1100     0.8197     4.1731   111.8035    30.0
20230628.1200     0.8030     4.1780   111.5127    30.0
20230628.1300     0.7917     4.1681   111.1013    30.0
20230628.1400     0.7908     4.1353   110.4047    30.0
20230628.1500     0.7945     4.1039   109.4996    30.0
20230628.1600     0.7991     4.0812   108.4573    30.0
20230628.1700     0.8005     4.0720   107.3603    30.0
20230628.1800     0.7887     4.0895   106.2851    30.0
20230628.1900     0.7697     4.1168   105.4129    30.0
20230628.2000     0.7509     4.1343   104.8315    30.0
20230628.2100     0.7361     4.1344   104.7437    30.0
20230628.2200     0.7353     4.0868   105.6104    30.0
20230628.2300     0.7620     3.9988   108.4957    30.0
20230629.0000     0.8104     3.9290   112.5879    30.0
20230629.0100     0.8596     3.9237   115.1550    30.0
20230629.0200     0.8954     3.9623   115.9998    30.0
20230629.0300     0.9109     4.0171   115.7968    30.0
20230629.0400     0.9172     4.0661   115.4348    30.0
20230629.0500     0.9194     4.1059   115.2593    30.0
20230629.0600     0.9202     4.1347   115.4184    30.0
20230629.0700     0.9158     4.1591   115.6542    30.0
20230629.0800     0.9075     4.1764   115.9395    30.0
20230629.0900     0.8937     4.1912   116.2412    30.0
20230629.1000     0.8623     4.2264   115.6487    30.0
20230629.1100     0.8450     4.2580   115.2812    30.0
20230629.1200     0.8181     4.2676   114.9027    30.0
20230629.1300     0.7962     4.2578   114.3706    30.0
20230629.1400     0.7770     4.2386   113.7453    30.0
20230629.1500     0.7517     4.2435   113.0870    30.0
20230629.1600     0.7205     4.2773   112.3465    30.0
20230629.1700     0.6917     4.3023   111.5895    30.0
20230629.1800     0.6668     4.3135   110.8380    30.0
20230629.1900     0.6446     4.3197   110.1469    30.0
20230629.2000     0.6239     4.3218   109.6093    30.0
20230629.2100     0.6066     4.3104   109.2143    30.0
20230629.2200     0.5923     4.2794   108.7097    30.0
20230629.2300     0.5907     4.1723   108.9017    30.0
20230630.0000     0.6178     3.9850   110.4815    30.0
20230630.0100     0.6835     3.7938   113.8879    30.0
20230630.0200     0.7432     3.7392   116.4496    30.0
20230630.0300     0.7711     3.7725   116.9323    30.0
20230630.0400     0.7844     3.8193   116.6251    30.0
20230630.0500     0.7866     3.8696   115.8736    30.0
20230630.0600     0.7855     3.9112   115.3470    30.0
20230630.0700     0.7828     3.9457   115.0124    30.0
20230630.0800     0.7706     3.9899   114.6833    30.0
20230630.0900     0.7577     4.0243   114.5078    30.0
20230630.1000     0.7385     4.0669   114.0196    30.0
20230630.1100     0.7248     4.0864   113.7124    30.0
20230630.1200     0.7138     4.0922   113.5862    30.0
20230630.1300     0.6972     4.1183   112.9664    30.0
20230630.1400     0.6777     4.1533   112.1435    30.0
20230630.1500     0.6587     4.1833   111.3098    30.0
20230630.1600     0.6426     4.1929   110.6076    30.0
20230630.1700     0.6292     4.1849   110.0591    30.0
20230630.1800     0.6159     4.1759   109.5489    30.0
20230630.1900     0.6043     4.1551   108.9839    30.0
20230630.2000     0.5969     4.1111   108.5177    30.0
20230630.2100     0.5937     4.0496   108.4354    30.0
20230630.2200     0.5996     3.9507   108.3092    30.0
20230630.2300     0.6113     3.8623   108.5396    30.0
