TPAR
20230501.0000     0.1787     2.7028    51.7764    30.0
20230501.0100     0.1782     2.7240    53.5866    30.0
20230501.0200     0.1960     2.6166    33.7348    30.0
20230501.0300     0.2217     2.5700   322.0161    30.0
20230501.0400     0.2251     2.5875   303.5357    30.0
20230501.0500     0.2208     2.6336   297.2658    30.0
20230501.0600     0.2187     2.6610   289.6466    30.0
20230501.0700     0.2170     2.6804   282.3948    30.0
20230501.0800     0.2204     2.6757   264.7647    30.0
20230501.0900     0.2189     2.6918   252.1482    30.0
20230501.1000     0.2151     2.7000   226.7451    30.0
20230501.1100     0.2198     2.6967   220.2065    30.0
20230501.1200     0.2219     2.6994   214.2164    30.0
20230501.1300     0.2221     2.7111   209.0382    30.0
20230501.1400     0.2203     2.7316   206.9208    30.0
20230501.1500     0.2190     2.7418   205.2258    30.0
20230501.1600     0.2141     2.7851   203.7776    30.0
20230501.1700     0.2109     2.8117   202.0004    30.0
20230501.1800     0.2076     2.8370   200.1957    30.0
20230501.1900     0.2044     2.8581   198.3416    30.0
20230501.2000     0.2021     2.8698   196.3613    30.0
20230501.2100     0.1993     2.8834   194.4963    30.0
20230501.2200     0.1732     3.0730   189.9599    30.0
20230501.2300     0.1726     3.0678   188.2923    30.0
20230502.0000     0.1725     3.0540   185.5934    30.0
20230502.0100     0.1711     3.0566   182.9330    30.0
20230502.0200     0.1701     3.0587   179.9435    30.0
20230502.0300     0.1686     3.0603   176.5919    30.0
20230502.0400     0.1696     3.0164   172.2419    30.0
20230502.0500     0.1706     2.9907   166.8059    30.0
20230502.0600     0.1692     2.9868   162.7686    30.0
20230502.0700     0.1673     2.9853   158.9836    30.0
20230502.0800     0.1822     2.7684   148.8795    30.0
20230502.0900     0.2059     2.6598   124.1073    30.0
20230502.1000     0.1902     2.7041   119.1100    30.0
20230502.1100     0.1880     2.7078   119.3843    30.0
20230502.1200     0.1954     2.6694   118.2269    30.0
20230502.1300     0.2031     2.6410   115.9614    30.0
20230502.1400     0.2077     2.6264   115.1550    30.0
20230502.1500     0.2125     2.6226   113.5259    30.0
20230502.1600     0.2128     2.6484   112.2697    30.0
20230502.1700     0.2123     2.6731   110.5144    30.0
20230502.1800     0.2139     2.6858   109.1320    30.0
20230502.1900     0.2158     2.6922   108.4519    30.0
20230502.2000     0.2168     2.7073   107.6784    30.0
20230502.2100     0.2189     2.7150   107.1463    30.0
20230502.2200     0.2141     2.7044   105.2484    30.0
20230502.2300     0.2213     2.6914   105.0125    30.0
20230503.0000     0.2340     2.6685   104.1897    30.0
20230503.0100     0.2467     2.6590   104.2336    30.0
20230503.0200     0.2608     2.6640   104.7931    30.0
20230503.0300     0.2655     2.7027   104.6998    30.0
20230503.0400     0.2637     2.7569   104.6505    30.0
20230503.0500     0.2606     2.8028   104.5243    30.0
20230503.0600     0.2587     2.8347   104.3542    30.0
20230503.0700     0.2578     2.8555   104.1513    30.0
20230503.0800     0.2595     2.8528   104.2226    30.0
20230503.0900     0.2622     2.8511   105.3690    30.0
20230503.1000     0.2536     2.8926   106.4497    30.0
20230503.1100     0.2545     2.9048   107.1024    30.0
20230503.1200     0.2545     2.9247   107.5084    30.0
20230503.1300     0.2582     2.9253   107.5468    30.0
20230503.1400     0.2640     2.9085   108.0240    30.0
20230503.1500     0.2637     2.9395   108.9126    30.0
20230503.1600     0.2624     2.9799   109.4886    30.0
20230503.1700     0.2600     3.0322   110.3279    30.0
20230503.1800     0.2583     3.0817   111.1123    30.0
20230503.1900     0.2572     3.1281   111.8144    30.0
20230503.2000     0.2563     3.1730   112.4288    30.0
20230503.2100     0.2558     3.2134   113.0212    30.0
20230503.2200     0.2498     3.2851   113.8660    30.0
20230503.2300     0.2593     3.3037   114.4749    30.0
20230504.0000     0.2653     3.3168   115.7255    30.0
20230504.0100     0.2703     3.3397   116.4716    30.0
20230504.0200     0.2766     3.3418   117.3766    30.0
20230504.0300     0.2820     3.3523   118.6109    30.0
20230504.0400     0.2864     3.3713   119.8725    30.0
20230504.0500     0.2877     3.4165   120.4320    30.0
20230504.0600     0.2897     3.4588   121.2987    30.0
20230504.0700     0.2921     3.4914   121.8253    30.0
20230504.0800     0.2941     3.5204   122.0777    30.0
20230504.0900     0.2948     3.5568   122.0283    30.0
20230504.1000     0.2861     3.6658   121.6443    30.0
20230504.1100     0.2861     3.7118   121.3700    30.0
20230504.1200     0.2880     3.7281   120.9970    30.0
20230504.1300     0.2896     3.7481   120.7282    30.0
20230504.1400     0.2926     3.7490   120.4430    30.0
20230504.1500     0.2949     3.7591   120.3662    30.0
20230504.1600     0.2980     3.7638   120.6898    30.0
20230504.1700     0.3026     3.7497   121.7540    30.0
20230504.1800     0.3096     3.7109   123.4984    30.0
20230504.1900     0.3164     3.6769   125.1934    30.0
20230504.2000     0.3209     3.6664   126.2246    30.0
20230504.2100     0.3261     3.6516   127.4644    30.0
20230504.2200     0.3240     3.6865   128.0019    30.0
20230504.2300     0.3258     3.7033   127.7880    30.0
20230505.0000     0.3300     3.6954   127.5631    30.0
20230505.0100     0.3332     3.6940   127.1023    30.0
20230505.0200     0.3374     3.6820   126.4002    30.0
20230505.0300     0.3377     3.7036   125.8845    30.0
20230505.0400     0.3358     3.7389   125.3744    30.0
20230505.0500     0.3343     3.7696   124.8533    30.0
20230505.0600     0.3334     3.7859   124.4145    30.0
20230505.0700     0.3324     3.8060   124.0579    30.0
20230505.0800     0.3315     3.8137   123.7178    30.0
20230505.0900     0.3360     3.7720   124.1018    30.0
20230505.1000     0.3346     3.7625   125.8352    30.0
20230505.1100     0.3376     3.7340   126.5867    30.0
20230505.1200     0.3361     3.7457   126.2137    30.0
20230505.1300     0.3339     3.7605   125.8571    30.0
20230505.1400     0.3319     3.7759   125.4018    30.0
20230505.1500     0.3284     3.8031   124.8149    30.0
20230505.1600     0.3244     3.8368   124.2499    30.0
20230505.1700     0.3246     3.8201   124.4803    30.0
20230505.1800     0.3234     3.8247   124.6997    30.0
20230505.1900     0.3221     3.8290   124.4913    30.0
20230505.2000     0.3237     3.8036   124.9136    30.0
20230505.2100     0.3265     3.7705   125.5006    30.0
20230505.2200     0.3261     3.7583   126.0656    30.0
20230505.2300     0.3229     3.7846   125.2537    30.0
20230506.0000     0.3213     3.7979   124.7436    30.0
20230506.0100     0.3218     3.7847   124.8917    30.0
20230506.0200     0.3277     3.7253   126.1643    30.0
20230506.0300     0.3406     3.6240   129.7682    30.0
20230506.0400     0.3560     3.5341   134.4638    30.0
20230506.0500     0.3627     3.5118   136.9816    30.0
20230506.0600     0.3584     3.5559   136.4605    30.0
20230506.0700     0.3532     3.6010   135.1714    30.0
20230506.0800     0.3506     3.6225   134.3431    30.0
20230506.0900     0.3503     3.6210   133.8768    30.0
20230506.1000     0.3441     3.6521   133.0321    30.0
20230506.1100     0.3450     3.6427   132.8840    30.0
20230506.1200     0.3475     3.6218   132.4561    30.0
20230506.1300     0.3516     3.5916   132.2751    30.0
20230506.1400     0.3555     3.5667   132.2147    30.0
20230506.1500     0.3547     3.5857   131.8746    30.0
20230506.1600     0.3513     3.6217   131.5071    30.0
20230506.1700     0.3488     3.6406   131.2109    30.0
20230506.1800     0.3474     3.6509   131.0025    30.0
20230506.1900     0.3477     3.6417   131.0957    30.0
20230506.2000     0.3487     3.6211   131.3645    30.0
20230506.2100     0.3483     3.6100   131.6168    30.0
20230506.2200     0.3448     3.6161   132.0995    30.0
20230506.2300     0.3471     3.5918   132.6810    30.0
20230507.0000     0.3506     3.5543   133.8384    30.0
20230507.0100     0.3547     3.5145   135.0672    30.0
20230507.0200     0.3559     3.4980   135.8077    30.0
20230507.0300     0.3547     3.4966   136.3233    30.0
20230507.0400     0.3574     3.4702   137.4040    30.0
20230507.0500     0.3596     3.4493   138.3420    30.0
20230507.0600     0.3552     3.4713   138.2597    30.0
20230507.0700     0.3477     3.5113   137.4204    30.0
20230507.0800     0.3428     3.5294   137.1955    30.0
20230507.0900     0.3408     3.5288   137.9909    30.0
20230507.1000     0.3303     3.5772   136.5976    30.0
20230507.1100     0.3312     3.5367   136.8444    30.0
20230507.1200     0.3317     3.5111   137.0748    30.0
20230507.1300     0.3300     3.5025   136.8828    30.0
20230507.1400     0.3282     3.4966   136.8335    30.0
20230507.1500     0.3269     3.4894   136.8280    30.0
20230507.1600     0.3282     3.4642   137.7495    30.0
20230507.1700     0.3313     3.4338   138.8247    30.0
20230507.1800     0.3359     3.4027   139.6036    30.0
20230507.1900     0.3404     3.3801   139.4884    30.0
20230507.2000     0.3434     3.3672   138.3365    30.0
20230507.2100     0.3470     3.3543   136.8719    30.0
20230507.2200     0.3457     3.3652   137.7386    30.0
20230507.2300     0.3579     3.3197   140.5800    30.0
20230508.0000     0.3754     3.2822   143.3063    30.0
20230508.0100     0.3890     3.2915   144.2937    30.0
20230508.0200     0.3942     3.3512   146.2410    30.0
20230508.0300     0.3958     3.4250   148.8740    30.0
20230508.0400     0.3988     3.5002   152.7248    30.0
20230508.0500     0.4042     3.5650   156.5865    30.0
20230508.0600     0.4093     3.6346   161.1833    30.0
20230508.0700     0.4120     3.7254   166.3615    30.0
20230508.0800     0.4152     3.8075   171.1723    30.0
20230508.0900     0.4183     3.8790   175.3576    30.0
20230508.1000     0.4121     4.0085   178.6050    30.0
20230508.1100     0.4160     4.0368   181.4903    30.0
20230508.1200     0.4229     4.0057   182.8398    30.0
20230508.1300     0.4258     3.9992   183.1469    30.0
20230508.1400     0.4276     3.9845   183.4267    30.0
20230508.1500     0.4271     3.9707   183.3225    30.0
20230508.1600     0.4249     3.9571   182.5161    30.0
20230508.1700     0.4214     3.9416   181.4026    30.0
20230508.1800     0.4182     3.9153   180.0696    30.0
20230508.1900     0.4134     3.8958   178.7147    30.0
20230508.2000     0.4090     3.8653   177.6835    30.0
20230508.2100     0.4061     3.8228   177.5738    30.0
20230508.2200     0.3942     3.8420   176.3670    30.0
20230508.2300     0.3892     3.8194   175.4344    30.0
20230509.0000     0.3840     3.8007   174.1234    30.0
20230509.0100     0.3790     3.7844   172.5381    30.0
20230509.0200     0.3762     3.7525   171.2491    30.0
20230509.0300     0.3736     3.7279   169.7022    30.0
20230509.0400     0.3688     3.7243   167.5354    30.0
20230509.0500     0.3636     3.7288   165.2206    30.0
20230509.0600     0.3607     3.7175   162.1048    30.0
20230509.0700     0.3622     3.6703   157.6068    30.0
20230509.0800     0.3699     3.5932   151.5728    30.0
20230509.0900     0.3870     3.4773   143.6683    30.0
20230509.1000     0.3791     3.5053   140.6623    30.0
20230509.1100     0.3903     3.4343   137.7331    30.0
20230509.1200     0.4241     3.3047   132.7194    30.0
20230509.1300     0.4824     3.2077   126.1753    30.0
20230509.1400     0.5579     3.1978   120.0151    30.0
20230509.1500     0.6161     3.2834   115.9285    30.0
20230509.1600     0.6376     3.4054   113.3942    30.0
20230509.1700     0.6363     3.5226   111.7212    30.0
20230509.1800     0.6266     3.6254   110.6954    30.0
20230509.1900     0.6176     3.7032   109.8561    30.0
20230509.2000     0.6105     3.7616   109.1375    30.0
20230509.2100     0.6004     3.8237   108.6932    30.0
20230509.2200     0.5877     3.8884   108.1666    30.0
20230509.2300     0.5815     3.9217   107.7607    30.0
20230510.0000     0.5879     3.8895   107.0750    30.0
20230510.0100     0.6027     3.8374   106.2906    30.0
20230510.0200     0.6273     3.7870   105.5501    30.0
20230510.0300     0.6581     3.7551   104.6834    30.0
20230510.0400     0.6962     3.7438   103.6192    30.0
20230510.0500     0.7319     3.7634   102.1930    30.0
20230510.0600     0.7514     3.8070   100.7503    30.0
20230510.0700     0.7439     3.8678   100.2457    30.0
20230510.0800     0.7199     3.9393   100.7503    30.0
20230510.0900     0.6971     4.0024   101.6006    30.0
20230510.1000     0.6751     4.0636   102.6976    30.0
20230510.1100     0.6630     4.0896   103.9428    30.0
20230510.1200     0.6597     4.0785   105.2758    30.0
20230510.1300     0.6592     4.0614   106.5320    30.0
20230510.1400     0.6611     4.0366   107.6510    30.0
20230510.1500     0.6609     4.0199   108.4738    30.0
20230510.1600     0.6566     4.0164   109.4008    30.0
20230510.1700     0.6542     4.0028   110.4705    30.0
20230510.1800     0.6517     3.9910   111.5127    30.0
20230510.1900     0.6420     4.0045   112.4068    30.0
20230510.2000     0.6268     4.0318   112.9883    30.0
20230510.2100     0.6218     4.0098   113.3394    30.0
20230510.2200     0.6259     3.9630   113.4162    30.0
20230510.2300     0.6345     3.9266   113.3010    30.0
20230511.0000     0.6593     3.8741   112.7908    30.0
20230511.0100     0.6879     3.8499   112.0284    30.0
20230511.0200     0.6988     3.8830   111.7047    30.0
20230511.0300     0.6962     3.9416   111.9296    30.0
20230511.0400     0.6904     3.9971   112.4507    30.0
20230511.0500     0.6909     4.0285   112.8128    30.0
20230511.0600     0.6987     4.0321   112.7305    30.0
20230511.0700     0.7097     4.0284   112.3849    30.0
20230511.0800     0.7245     4.0156   111.9296    30.0
20230511.0900     0.7394     4.0053   111.6992    30.0
20230511.1000     0.7402     4.0216   112.6263    30.0
20230511.1100     0.7402     4.0319   113.7234    30.0
20230511.1200     0.7493     4.0176   114.7382    30.0
20230511.1300     0.7730     3.9900   115.6268    30.0
20230511.1400     0.8130     3.9718   116.3618    30.0
20230511.1500     0.8470     3.9918   117.0859    30.0
20230511.1600     0.8663     4.0359   117.8539    30.0
20230511.1700     0.8865     4.0766   118.1501    30.0
20230511.1800     0.9051     4.1149   117.9526    30.0
20230511.1900     0.9148     4.1561   117.8484    30.0
20230511.2000     0.9139     4.2006   117.7771    30.0
20230511.2100     0.9140     4.2344   117.4315    30.0
20230511.2200     0.8933     4.2887   117.3547    30.0
20230511.2300     0.8911     4.2973   117.0256    30.0
20230512.0000     0.8959     4.2916   116.3509    30.0
20230512.0100     0.9039     4.2821   115.4458    30.0
20230512.0200     0.9196     4.2648   114.2993    30.0
20230512.0300     0.9243     4.2669   113.4381    30.0
20230512.0400     0.9208     4.2758   112.9828    30.0
20230512.0500     0.9184     4.2788   112.5769    30.0
20230512.0600     0.9101     4.2902   112.3081    30.0
20230512.0700     0.8981     4.3037   112.2587    30.0
20230512.0800     0.8899     4.3033   112.4014    30.0
20230512.0900     0.8864     4.2920   112.8457    30.0
20230512.1000     0.8632     4.3203   113.4984    30.0
20230512.1100     0.8629     4.3692   114.3926    30.0
20230512.1200     0.8456     4.3827   115.3086    30.0
20230512.1300     0.8347     4.3777   116.2028    30.0
20230512.1400     0.8280     4.3679   116.8939    30.0
20230512.1500     0.8189     4.3741   117.3986    30.0
20230512.1600     0.8078     4.3936   117.7442    30.0
20230512.1700     0.7970     4.4167   118.0184    30.0
20230512.1800     0.7874     4.4407   118.2543    30.0
20230512.1900     0.7779     4.4691   118.5066    30.0
20230512.2000     0.7705     4.4924   118.8632    30.0
20230512.2100     0.7656     4.5070   119.2801    30.0
20230512.2200     0.7606     4.5186   119.9329    30.0
20230512.2300     0.7589     4.5188   120.2949    30.0
20230513.0000     0.7593     4.5080   120.4211    30.0
20230513.0100     0.7624     4.4827   120.3881    30.0
20230513.0200     0.7703     4.4404   120.1962    30.0
20230513.0300     0.7784     4.4041   119.6476    30.0
20230513.0400     0.7834     4.3775   119.0497    30.0
20230513.0500     0.7903     4.3450   118.5834    30.0
20230513.0600     0.7845     4.3490   118.3147    30.0
20230513.0700     0.7667     4.3864   118.2872    30.0
20230513.0800     0.7417     4.4473   118.3201    30.0
20230513.0900     0.7197     4.4904   118.3366    30.0
20230513.1000     0.6939     4.5568   118.1885    30.0
20230513.1100     0.6795     4.5598   118.0623    30.0
20230513.1200     0.6760     4.5017   117.9965    30.0
20230513.1300     0.6838     4.3994   117.9142    30.0
20230513.1400     0.6967     4.3019   118.0294    30.0
20230513.1500     0.7050     4.2460   118.0898    30.0
20230513.1600     0.7077     4.2216   117.7990    30.0
20230513.1700     0.7058     4.2185   117.3273    30.0
20230513.1800     0.7050     4.2122   117.0914    30.0
20230513.1900     0.7114     4.1784   117.5357    30.0
20230513.2000     0.7194     4.1392   118.5944    30.0
20230513.2100     0.7248     4.1126   118.9345    30.0
20230513.2200     0.7137     4.1291   118.6548    30.0
20230513.2300     0.7387     4.2004   118.7151    30.0
20230514.0000     0.7368     4.2172   118.8138    30.0
20230514.0100     0.7352     4.2264   118.6164    30.0
20230514.0200     0.7292     4.2511   117.9142    30.0
20230514.0300     0.7174     4.2972   117.5138    30.0
20230514.0400     0.7079     4.3364   117.3218    30.0
20230514.0500     0.6998     4.3766   117.2285    30.0
20230514.0600     0.6970     4.3963   117.2011    30.0
20230514.0700     0.6938     4.4232   117.3273    30.0
20230514.0800     0.6889     4.4610   117.5906    30.0
20230514.0900     0.6839     4.4982   117.8539    30.0
20230514.1000     0.6733     4.5670   118.1775    30.0
20230514.1100     0.6676     4.6040   118.5999    30.0
20230514.1200     0.6646     4.6157   119.1265    30.0
20230514.1300     0.6655     4.5974   119.8232    30.0
20230514.1400     0.6731     4.5353   120.7996    30.0
20230514.1500     0.6869     4.4486   121.9844    30.0
20230514.1600     0.7032     4.3642   123.2570    30.0
20230514.1700     0.7184     4.2971   124.1786    30.0
20230514.1800     0.7350     4.2342   125.0014    30.0
20230514.1900     0.7498     4.1854   125.6596    30.0
20230514.2000     0.7626     4.1494   125.8900    30.0
20230514.2100     0.7728     4.1255   125.6267    30.0
20230514.2200     0.7778     4.1142   124.5845    30.0
20230514.2300     0.7848     4.1001   123.6904    30.0
20230515.0000     0.7902     4.0890   123.0486    30.0
20230515.0100     0.7919     4.0833   122.6756    30.0
20230515.0200     0.7911     4.0813   122.1709    30.0
20230515.0300     0.7860     4.0858   121.3920    30.0
20230515.0400     0.7760     4.0936   120.3498    30.0
20230515.0500     0.7659     4.0923   118.9455    30.0
20230515.0600     0.7530     4.0915   117.5412    30.0
20230515.0700     0.7348     4.1001   116.7074    30.0
20230515.0800     0.7133     4.1172   116.4551    30.0
20230515.0900     0.6953     4.1183   116.4935    30.0
20230515.1000     0.6871     4.0809   116.3564    30.0
20230515.1100     0.7527     4.2430   116.2631    30.0
20230515.1200     0.7382     4.2397   116.5593    30.0
20230515.1300     0.7222     4.2363   116.9543    30.0
20230515.1400     0.7105     4.2137   117.3328    30.0
20230515.1500     0.7026     4.1797   117.6674    30.0
20230515.1600     0.6943     4.1477   118.4079    30.0
20230515.1700     0.6891     4.1037   119.5434    30.0
20230515.1800     0.6888     4.0464   120.9915    30.0
20230515.1900     0.6885     3.9962   121.8089    30.0
20230515.2000     0.6805     3.9706   121.8034    30.0
20230515.2100     0.6641     3.9651   121.3810    30.0
20230515.2200     0.6303     4.0187   120.8160    30.0
20230515.2300     0.6058     4.0300   120.2620    30.0
20230516.0000     0.5849     4.0256   119.7518    30.0
20230516.0100     0.5664     4.0162   119.3020    30.0
20230516.0200     0.5520     3.9895   118.9126    30.0
20230516.0300     0.5432     3.9391   118.4737    30.0
20230516.0400     0.5406     3.8709   117.8539    30.0
20230516.0500     0.5429     3.7985   116.9872    30.0
20230516.0600     0.5453     3.7418   116.0766    30.0
20230516.0700     0.5417     3.7134   115.5061    30.0
20230516.0800     0.5317     3.7102   115.3361    30.0
20230516.0900     0.5203     3.7103   115.5335    30.0
20230516.1000     0.4992     3.7527   115.4787    30.0
20230516.1100     0.4831     3.7763   115.6433    30.0
20230516.1200     0.4716     3.7771   115.9779    30.0
20230516.1300     0.4625     3.7665   116.3564    30.0
20230516.1400     0.4552     3.7516   116.7952    30.0
20230516.1500     0.4491     3.7337   117.1463    30.0
20230516.1600     0.4466     3.6994   117.5028    30.0
20230516.1700     0.4479     3.6520   117.6948    30.0
20230516.1800     0.4489     3.6152   117.5138    30.0
20230516.1900     0.4506     3.5817   117.0036    30.0
20230516.2000     0.4559     3.5383   116.1260    30.0
20230516.2100     0.4655     3.4887   115.0618    30.0
20230516.2200     0.4638     3.4864   114.2280    30.0
20230516.2300     0.4783     3.4986   113.8056    30.0
20230517.0000     0.4969     3.4515   113.2187    30.0
20230517.0100     0.5206     3.4200   112.7360    30.0
20230517.0200     0.5492     3.4062   112.3630    30.0
20230517.0300     0.5717     3.4200   112.2642    30.0
20230517.0400     0.5815     3.4522   112.2368    30.0
20230517.0500     0.5817     3.4899   112.1052    30.0
20230517.0600     0.5761     3.5270   112.0832    30.0
20230517.0700     0.5697     3.5548   112.5440    30.0
20230517.0800     0.5640     3.5731   113.0870    30.0
20230517.0900     0.5607     3.5815   113.6356    30.0
20230517.1000     0.5513     3.6015   113.7508    30.0
20230517.1100     0.5451     3.6106   113.9867    30.0
20230517.1200     0.5396     3.6139   114.2116    30.0
20230517.1300     0.5410     3.5919   114.0415    30.0
20230517.1400     0.5465     3.5657   113.8166    30.0
20230517.1500     0.5449     3.5678   113.7618    30.0
20230517.1600     0.5363     3.5892   113.9428    30.0
20230517.1700     0.5313     3.5923   114.0634    30.0
20230517.1800     0.5273     3.5926   114.1402    30.0
20230517.1900     0.5207     3.5997   114.3103    30.0
20230517.2000     0.5157     3.5971   114.4803    30.0
20230517.2100     0.5060     3.6128   114.4365    30.0
20230517.2200     0.4959     3.6195   114.5023    30.0
20230517.2300     0.4875     3.6261   114.6998    30.0
20230518.0000     0.4797     3.6262   115.0508    30.0
20230518.0100     0.4769     3.6026   115.5445    30.0
20230518.0200     0.4685     3.6161   115.7091    30.0
20230518.0300     0.4568     3.6483   115.5610    30.0
20230518.0400     0.4452     3.6823   115.2977    30.0
20230518.0500     0.4348     3.7077   115.0399    30.0
20230518.0600     0.4257     3.7254   114.8588    30.0
20230518.0700     0.4179     3.7353   114.8259    30.0
20230518.0800     0.4139     3.7162   115.4458    30.0
20230518.0900     0.4109     3.6951   116.3454    30.0
20230518.1000     0.4007     3.7271   116.6197    30.0
20230518.1100     0.4834     4.0586   117.8374    30.0
20230518.1200     0.4735     3.9873   118.8029    30.0
20230518.1300     0.4671     3.8936   119.9713    30.0
20230518.1400     0.4640     3.8011   120.9970    30.0
20230518.1500     0.4619     3.7291   121.7540    30.0
20230518.1600     0.4551     3.7010   122.0283    30.0
20230518.1700     0.4486     3.6795   121.9460    30.0
20230518.1800     0.4425     3.6624   121.8363    30.0
20230518.1900     0.4336     3.6699   121.4633    30.0
20230518.2000     0.4260     3.6715   120.8270    30.0
20230518.2100     0.4259     3.6255   118.7699    30.0
20230518.2200     0.4158     3.6387   117.6619    30.0
20230518.2300     0.4149     3.6012   116.4880    30.0
20230519.0000     0.4123     3.5793   115.7091    30.0
20230519.0100     0.4115     3.5483   115.2209    30.0
20230519.0200     0.4082     3.5400   115.1386    30.0
20230519.0300     0.4020     3.5508   115.1550    30.0
20230519.0400     0.3965     3.5540   115.2264    30.0
20230519.0500     0.3947     3.5364   115.3470    30.0
20230519.0600     0.3937     3.5165   115.4458    30.0
20230519.0700     0.3909     3.5156   115.8298    30.0
20230519.0800     0.3878     3.5172   116.3289    30.0
20230519.0900     0.3897     3.4862   116.8939    30.0
20230519.1000     0.3809     3.5234   117.2340    30.0
20230519.1100     0.3766     3.5417   117.4589    30.0
20230519.1200     0.3736     3.5496   117.5357    30.0
20230519.1300     0.3750     3.5260   117.4480    30.0
20230519.1400     0.3806     3.4771   117.2285    30.0
20230519.1500     0.3881     3.4311   116.5977    30.0
20230519.1600     0.4013     3.3703   115.2373    30.0
20230519.1700     0.4142     3.3313   114.0305    30.0
20230519.1800     0.4200     3.3365   113.5478    30.0
20230519.1900     0.4230     3.3526   112.9828    30.0
20230519.2000     0.4284     3.3556   112.0393    30.0
20230519.2100     0.4276     3.3901   111.9132    30.0
20230519.2200     0.4210     3.4345   111.9900    30.0
20230519.2300     0.5430     3.8676   111.5127    30.0
20230520.0000     0.5458     3.8917   111.3372    30.0
20230520.0100     0.5470     3.8733   111.2165    30.0
20230520.0200     0.5571     3.8038   110.9916    30.0
20230520.0300     0.5713     3.7361   110.5857    30.0
20230520.0400     0.5798     3.7000   109.9933    30.0
20230520.0500     0.5821     3.6875   109.6532    30.0
20230520.0600     0.5786     3.6894   109.7354    30.0
20230520.0700     0.5746     3.6861   110.3334    30.0
20230520.0800     0.5726     3.6710   111.1617    30.0
20230520.0900     0.5707     3.6562   111.9570    30.0
20230520.1000     0.5533     3.6837   112.5275    30.0
20230520.1100     0.5468     3.6682   113.2406    30.0
20230520.1200     0.5473     3.6394   113.8001    30.0
20230520.1300     0.5466     3.6277   114.1677    30.0
20230520.1400     0.5482     3.6179   114.4529    30.0
20230520.1500     0.5502     3.6153   114.3542    30.0
20230520.1600     0.5505     3.6229   114.2006    30.0
20230520.1700     0.5542     3.6204   114.1402    30.0
20230520.1800     0.5513     3.6454   114.3322    30.0
20230520.1900     0.5406     3.6911   114.5901    30.0
20230520.2000     0.5364     3.7021   114.8588    30.0
20230520.2100     0.5411     3.6744   115.3635    30.0
20230520.2200     0.5470     3.6464   114.2116    30.0
20230520.2300     0.5644     3.6024   113.2681    30.0
20230521.0000     0.5832     3.5765   112.2368    30.0
20230521.0100     0.6023     3.5655   111.3427    30.0
20230521.0200     0.6292     3.5582   110.6954    30.0
20230521.0300     0.6550     3.5728   110.3827    30.0
20230521.0400     0.6708     3.6059   110.1633    30.0
20230521.0500     0.6798     3.6419   110.3443    30.0
20230521.0600     0.6838     3.6741   110.9642    30.0
20230521.0700     0.6803     3.7052   111.7541    30.0
20230521.0800     0.6706     3.7328   112.4343    30.0
20230521.0900     0.6576     3.7560   112.8128    30.0
20230521.1000     0.6336     3.8042   112.5879    30.0
20230521.1100     0.6565     3.9662   112.6427    30.0
20230521.1200     0.6353     3.9787   112.9335    30.0
20230521.1300     0.6241     3.9537   113.4765    30.0
20230521.1400     0.6244     3.8992   114.2938    30.0
20230521.1500     0.6273     3.8561   115.3196    30.0
20230521.1600     0.6243     3.8455   116.1699    30.0
20230521.1700     0.6205     3.8418   116.7294    30.0
20230521.1800     0.6183     3.8370   116.9982    30.0
20230521.1900     0.6170     3.8332   117.1408    30.0
20230521.2000     0.6164     3.8308   117.2615    30.0
20230521.2100     0.6115     3.8499   117.4644    30.0
20230521.2200     0.6045     3.8696   117.1353    30.0
20230521.2300     0.6063     3.8571   116.6526    30.0
20230522.0000     0.6194     3.8165   115.9779    30.0
20230522.0100     0.6331     3.7905   115.3745    30.0
20230522.0200     0.6438     3.7805   115.0453    30.0
20230522.0300     0.6599     3.7666   114.8534    30.0
20230522.0400     0.6885     3.7518   115.0399    30.0
20230522.0500     0.7262     3.7553   115.5829    30.0
20230522.0600     0.7603     3.7876   116.1863    30.0
20230522.0700     0.7912     3.8343   116.7733    30.0
20230522.0800     0.8104     3.8935   117.2505    30.0
20230522.0900     0.8155     3.9554   117.5632    30.0
20230522.1000     0.7865     4.0537   117.3383    30.0
20230522.1100     0.7650     4.1082   117.2669    30.0
20230522.1200     0.7552     4.1153   117.3712    30.0
20230522.1300     0.7472     4.1129   117.2231    30.0
20230522.1400     0.7363     4.1167   116.7403    30.0
20230522.1500     0.7207     4.1317   116.1918    30.0
20230522.1600     0.7045     4.1435   115.7365    30.0
20230522.1700     0.6913     4.1420   115.3800    30.0
20230522.1800     0.6768     4.1468   115.1496    30.0
20230522.1900     0.6604     4.1620   114.9795    30.0
20230522.2000     0.6452     4.1748   114.8534    30.0
20230522.2100     0.6323     4.1763   114.8095    30.0
20230522.2200     0.6290     4.1277   114.2829    30.0
20230522.2300     0.7207     4.3874   113.7672    30.0
20230523.0000     0.6989     4.3706   113.6904    30.0
20230523.0100     0.6783     4.3591   113.6027    30.0
20230523.0200     0.6621     4.3330   113.4601    30.0
20230523.0300     0.6529     4.2790   113.3833    30.0
20230523.0400     0.6407     4.2505   113.4601    30.0
20230523.0500     0.6272     4.2343   113.6630    30.0
20230523.0600     0.6126     4.2258   114.0305    30.0
20230523.0700     0.6012     4.2002   114.6449    30.0
20230523.0800     0.5920     4.1671   115.2757    30.0
20230523.0900     0.5865     4.1204   116.1205    30.0
20230523.1000     0.5744     4.1094   116.3893    30.0
20230523.1100     0.5735     4.0458   117.2944    30.0
20230523.1200     0.5807     3.9595   118.7974    30.0
20230523.1300     0.5867     3.9018   120.0810    30.0
20230523.1400     0.5902     3.8706   120.8160    30.0
20230523.1500     0.5934     3.8487   121.0519    30.0
20230523.1600     0.6017     3.8166   121.1013    30.0
20230523.1700     0.6125     3.7885   120.9367    30.0
20230523.1800     0.6184     3.7818   120.3991    30.0
20230523.1900     0.6163     3.7930   119.5873    30.0
20230523.2000     0.6133     3.8010   118.7425    30.0
20230523.2100     0.6101     3.8045   118.0075    30.0
20230523.2200     0.6049     3.8047   117.0201    30.0
20230523.2300     0.6056     3.7926   116.0711    30.0
20230524.0000     0.6055     3.7849   115.4732    30.0
20230524.0100     0.6071     3.7711   114.9740    30.0
20230524.0200     0.6082     3.7596   114.4474    30.0
20230524.0300     0.6062     3.7576   113.9812    30.0
20230524.0400     0.6055     3.7509   113.5533    30.0
20230524.0500     0.6108     3.7290   113.2022    30.0
20230524.0600     0.6186     3.7085   112.9554    30.0
20230524.0700     0.6235     3.7013   113.0541    30.0
20230524.0800     0.6300     3.6963   113.4217    30.0
20230524.0900     0.6398     3.6884   114.5078    30.0
20230524.1000     0.6367     3.6957   116.2137    30.0
20230524.1100     0.6377     3.6989   117.6290    30.0
20230524.1200     0.6382     3.7036   118.3092    30.0
20230524.1300     0.6443     3.7008   118.6383    30.0
20230524.1400     0.6514     3.7030   118.5780    30.0
20230524.1500     0.6534     3.7167   118.4079    30.0
20230524.1600     0.6506     3.7371   118.4573    30.0
20230524.1700     0.6440     3.7605   118.2708    30.0
20230524.1800     0.6384     3.7759   117.5851    30.0
20230524.1900     0.6384     3.7756   116.7513    30.0
20230524.2000     0.6498     3.7544   115.9998    30.0
20230524.2100     0.6681     3.7363   115.5610    30.0
20230524.2200     0.6959     3.7213   115.5445    30.0
20230524.2300     0.7037     3.7444   115.7530    30.0
20230525.0000     0.6923     3.7818   115.6433    30.0
20230525.0100     0.6777     3.8080   115.5610    30.0
20230525.0200     0.6803     3.7921   115.9559    30.0
20230525.0300     0.7002     3.7601   116.7842    30.0
20230525.0400     0.7259     3.7470   117.5741    30.0
20230525.0500     0.7469     3.7588   118.0788    30.0
20230525.0600     0.7685     3.7839   118.0514    30.0
20230525.0700     0.7838     3.8236   117.5248    30.0
20230525.0800     0.7975     3.8644   117.4699    30.0
20230525.0900     0.8185     3.8993   117.8484    30.0
20230525.1000     0.8246     3.9453   117.9691    30.0
20230525.1100     0.8377     4.0070   118.6218    30.0
20230525.1200     0.8443     4.0389   119.4940    30.0
20230525.1300     0.8614     4.0585   119.5050    30.0
20230525.1400     0.8937     4.0695   118.9071    30.0
20230525.1500     0.9156     4.0927   117.9416    30.0
20230525.1600     0.9223     4.1221   116.7349    30.0
20230525.1700     0.9205     4.1499   115.8243    30.0
20230525.1800     0.8959     4.1900   115.1989    30.0
20230525.1900     0.8665     4.2201   114.6943    30.0
20230525.2000     0.8454     4.2228   114.3597    30.0
20230525.2100     0.8262     4.2198   114.1732    30.0
20230525.2200     0.8059     4.2135   113.5752    30.0
20230525.2300     0.8354     4.2615   113.3174    30.0
20230526.0000     0.8354     4.2130   113.2571    30.0
20230526.0100     0.8466     4.1636   112.9828    30.0
20230526.0200     0.8598     4.1313   112.6647    30.0
20230526.0300     0.8625     4.1261   112.3465    30.0
20230526.0400     0.8592     4.1309   112.1710    30.0
20230526.0500     0.8573     4.1355   112.1216    30.0
20230526.0600     0.8568     4.1407   112.0777    30.0
20230526.0700     0.8561     4.1485   112.1435    30.0
20230526.0800     0.8576     4.1543   112.3575    30.0
20230526.0900     0.8574     4.1643   112.8621    30.0
20230526.1000     0.8363     4.2108   112.8512    30.0
20230526.1100     0.8278     4.2206   112.8896    30.0
20230526.1200     0.8278     4.2123   113.0267    30.0
20230526.1300     0.8257     4.2093   113.1858    30.0
20230526.1400     0.8274     4.1962   113.4436    30.0
20230526.1500     0.8398     4.1675   113.6027    30.0
20230526.1600     0.8477     4.1561   113.4326    30.0
20230526.1700     0.8566     4.1471   112.9993    30.0
20230526.1800     0.8686     4.1391   112.5111    30.0
20230526.1900     0.8785     4.1389   112.0942    30.0
20230526.2000     0.8792     4.1461   111.8802    30.0
20230526.2100     0.8600     4.1654   111.9351    30.0
20230526.2200     0.8207     4.2064   111.7651    30.0
20230526.2300     0.8148     4.3125   111.8748    30.0
20230527.0000     0.8026     4.3263   112.3575    30.0
20230527.0100     0.7991     4.3091   112.6153    30.0
20230527.0200     0.7870     4.3204   112.3520    30.0
20230527.0300     0.7687     4.3553   112.2917    30.0
20230527.0400     0.7517     4.3828   112.6043    30.0
20230527.0500     0.7384     4.3946   113.1200    30.0
20230527.0600     0.7333     4.3766   113.8605    30.0
20230527.0700     0.7350     4.3411   114.6120    30.0
20230527.0800     0.7422     4.2999   115.2538    30.0
20230527.0900     0.7535     4.2620   115.9340    30.0
20230527.1000     0.7534     4.2715   116.4770    30.0
20230527.1100     0.7680     4.2444   117.1847    30.0
20230527.1200     0.7940     4.2088   118.0294    30.0
20230527.1300     0.8167     4.2013   118.2159    30.0
20230527.1400     0.8257     4.2282   117.7497    30.0
20230527.1500     0.8157     4.2937   117.1079    30.0
20230527.1600     0.8032     4.3562   116.6032    30.0
20230527.1700     0.8034     4.3738   116.3838    30.0
20230527.1800     0.8150     4.3553   116.4606    30.0
20230527.1900     0.8143     4.3647   116.7623    30.0
20230527.2000     0.8116     4.3750   116.9982    30.0
20230527.2100     0.8064     4.3848   116.7623    30.0
20230527.2200     0.7889     4.4202   115.5610    30.0
20230527.2300     0.7837     4.4082   114.4090    30.0
20230528.0000     0.7815     4.3850   113.4655    30.0
20230528.0100     0.7735     4.3819   112.9280    30.0
20230528.0200     0.7659     4.3734   112.6866    30.0
20230528.0300     0.7607     4.3536   113.0212    30.0
20230528.0400     0.7536     4.3382   113.6301    30.0
20230528.0500     0.7456     4.3267   114.0360    30.0
20230528.0600     0.7358     4.3220   114.2884    30.0
20230528.0700     0.7243     4.3239   114.4858    30.0
20230528.0800     0.7181     4.3032   114.7766    30.0
20230528.0900     0.7233     4.2458   115.3141    30.0
20230528.1000     0.7468     4.1529   116.6581    30.0
20230528.1100     0.7790     4.1728   117.6399    30.0
20230528.1200     0.7705     4.2030   118.1391    30.0
20230528.1300     0.7644     4.2174   118.5176    30.0
20230528.1400     0.7606     4.2221   118.6767    30.0
20230528.1500     0.7485     4.2563   118.5341    30.0
20230528.1600     0.7329     4.3056   118.1391    30.0
20230528.1700     0.7186     4.3514   117.6948    30.0
20230528.1800     0.7112     4.3690   117.4260    30.0
20230528.1900     0.7065     4.3783   117.2121    30.0
20230528.2000     0.7060     4.3700   117.1792    30.0
20230528.2100     0.7078     4.3542   117.3273    30.0
20230528.2200     0.7077     4.3455   116.8665    30.0
20230528.2300     0.7067     4.3376   116.7074    30.0
20230529.0000     0.7023     4.3410   116.3783    30.0
20230529.0100     0.6947     4.3499   115.8023    30.0
20230529.0200     0.6910     4.3347   115.1880    30.0
20230529.0300     0.6906     4.3047   114.7930    30.0
20230529.0400     0.6907     4.2728   114.6668    30.0
20230529.0500     0.6934     4.2344   114.6010    30.0
20230529.0600     0.6982     4.1939   114.5133    30.0
20230529.0700     0.7052     4.1522   114.5626    30.0
20230529.0800     0.7105     4.1228   114.8534    30.0
20230529.0900     0.7126     4.1050   115.4293    30.0
20230529.1000     0.7213     4.0711   115.5994    30.0
20230529.1100     0.7276     4.0554   116.1918    30.0
20230529.1200     0.7260     4.0621   116.7842    30.0
20230529.1300     0.7255     4.0630   117.2011    30.0
20230529.1400     0.7194     4.0768   117.1463    30.0
20230529.1500     0.7106     4.0923   116.8610    30.0
20230529.1600     0.7017     4.1000   116.5154    30.0
20230529.1700     0.6915     4.1112   116.1479    30.0
20230529.1800     0.6798     4.1284   115.7914    30.0
20230529.1900     0.6681     4.1461   115.4622    30.0
20230529.2000     0.6635     4.1368   115.1276    30.0
20230529.2100     0.6690     4.0956   114.4639    30.0
20230529.2200     0.6859     4.0335   113.5917    30.0
20230529.2300     0.7027     4.0153   113.2077    30.0
20230530.0000     0.7165     4.0069   112.7524    30.0
20230530.0100     0.7270     4.0114   112.0997    30.0
20230530.0200     0.7225     4.0474   111.5127    30.0
20230530.0300     0.7102     4.0940   111.1013    30.0
20230530.0400     0.6919     4.1512   110.9532    30.0
20230530.0500     0.6787     4.1783   110.9368    30.0
20230530.0600     0.6721     4.1716   111.0849    30.0
20230530.0700     0.6719     4.1398   111.6389    30.0
20230530.0800     0.6747     4.1045   112.6702    30.0
20230530.0900     0.6765     4.0863   113.7947    30.0
20230530.1000     0.6655     4.1236   114.4090    30.0
20230530.1100     0.6628     4.1213   115.4951    30.0
20230530.1200     0.6628     4.1098   116.7952    30.0
20230530.1300     0.6608     4.1153   117.5357    30.0
20230530.1400     0.6561     4.1353   117.9800    30.0
20230530.1500     0.6489     4.1670   118.2269    30.0
20230530.1600     0.6434     4.1859   118.5121    30.0
20230530.1700     0.6364     4.2103   118.5780    30.0
20230530.1800     0.6274     4.2446   118.4518    30.0
20230530.1900     0.6218     4.2536   118.5560    30.0
20230530.2000     0.6185     4.2473   118.6657    30.0
20230530.2100     0.6189     4.2171   118.7425    30.0
20230530.2200     0.6227     4.1719   118.5560    30.0
20230530.2300     0.6419     4.0747   118.8961    30.0
20230531.0000     0.6706     3.9833   119.4227    30.0
20230531.0100     0.7019     3.9215   119.9877    30.0
20230531.0200     0.7246     3.9029   120.3004    30.0
20230531.0300     0.7361     3.9136   120.2016    30.0
20230531.0400     0.7434     3.9292   120.2400    30.0
20230531.0500     0.7505     3.9393   120.6679    30.0
20230531.0600     0.7561     3.9461   121.3371    30.0
20230531.0700     0.7587     3.9554   122.0612    30.0
20230531.0800     0.7620     3.9610   123.0157    30.0
20230531.0900     0.7699     3.9577   124.2883    30.0
20230531.1000     0.7635     3.9808   124.6997    30.0
20230531.1100     0.7950     4.0491   125.1440    30.0
20230531.1200     0.8121     4.0429   125.2098    30.0
20230531.1300     0.8434     4.0287   125.3086    30.0
20230531.1400     0.8707     4.0344   125.0672    30.0
20230531.1500     0.8862     4.0558   124.3486    30.0
20230531.1600     0.8820     4.0871   123.5916    30.0
20230531.1700     0.8688     4.1156   122.8401    30.0
20230531.1800     0.8510     4.1402   122.1106    30.0
20230531.1900     0.8370     4.1514   121.4743    30.0
20230531.2000     0.8284     4.1524   120.8160    30.0
20230531.2100     0.8244     4.1471   120.1413    30.0
20230531.2200     0.8131     4.1531   119.2527    30.0
20230531.2300     0.8119     4.1399   118.5121    30.0
20230601.0000     0.8167     4.1229   117.9032    30.0
20230601.0100     0.8305     4.1020   117.0859    30.0
20230601.0200     0.8518     4.0885   116.4606    30.0
20230601.0300     0.8583     4.1068   116.0821    30.0
20230601.0400     0.8576     4.1355   115.9559    30.0
20230601.0500     0.8617     4.1520   116.0547    30.0
20230601.0600     0.8720     4.1615   116.1808    30.0
20230601.0700     0.8812     4.1780   116.3564    30.0
20230601.0800     0.8882     4.1966   116.5374    30.0
20230601.0900     0.8905     4.2169   116.7403    30.0
20230601.1000     0.8740     4.2562   117.0311    30.0
20230601.1100     0.8647     4.2700   117.5083    30.0
20230601.1200     0.8549     4.2775   118.0130    30.0
20230601.1300     0.8489     4.2713   118.3695    30.0
20230601.1400     0.8386     4.2696   118.3531    30.0
20230601.1500     0.8179     4.2881   118.0623    30.0
20230601.1600     0.7986     4.2958   117.7442    30.0
20230601.1700     0.7874     4.2745   117.4699    30.0
20230601.1800     0.7824     4.2357   117.4096    30.0
20230601.1900     0.7828     4.1889   117.5138    30.0
20230601.2000     0.7887     4.1435   117.6125    30.0
20230601.2100     0.8034     4.0981   117.5961    30.0
20230601.2200     0.8126     4.0786   116.7952    30.0
20230601.2300     0.8484     4.1134   116.4277    30.0
20230602.0000     0.8664     4.1075   116.5977    30.0
20230602.0100     0.8872     4.1061   117.1024    30.0
20230602.0200     0.9184     4.1095   117.7222    30.0
20230602.0300     0.9473     4.1341   117.9197    30.0
20230602.0400     0.9652     4.1743   117.8374    30.0
20230602.0500     0.9732     4.2170   117.6125    30.0
20230602.0600     0.9739     4.2550   117.0969    30.0
20230602.0700     0.9663     4.2896   116.6142    30.0
20230602.0800     0.9557     4.3146   116.1918    30.0
20230602.0900     0.9498     4.3228   115.7914    30.0
20230602.1000     0.9390     4.3304   115.0508    30.0
20230602.1100     0.9311     4.3261   114.6394    30.0
20230602.1200     0.9253     4.3139   114.5846    30.0
20230602.1300     0.9249     4.2941   114.0415    30.0
20230602.1400     0.9324     4.2697   113.2516    30.0
20230602.1500     0.9346     4.2620   112.5275    30.0
20230602.1600     0.9350     4.2639   111.9735    30.0
20230602.1700     0.9369     4.2681   111.5895    30.0
20230602.1800     0.9350     4.2786   111.5456    30.0
20230602.1900     0.9274     4.2943   111.6553    30.0
20230602.2000     0.9125     4.3153   111.7541    30.0
20230602.2100     0.8943     4.3350   111.8638    30.0
20230602.2200     0.8706     4.3594   111.7321    30.0
20230602.2300     0.8556     4.3607   111.6115    30.0
20230603.0000     0.8556     4.3262   111.4908    30.0
20230603.0100     0.8681     4.2776   111.5785    30.0
20230603.0200     0.8772     4.2504   111.8693    30.0
20230603.0300     0.8801     4.2413   111.9022    30.0
20230603.0400     0.8783     4.2433   111.6224    30.0
20230603.0500     0.8719     4.2522   111.4908    30.0
20230603.0600     0.8642     4.2590   111.4743    30.0
20230603.0700     0.8529     4.2698   111.5731    30.0
20230603.0800     0.8433     4.2716   111.6718    30.0
20230603.0900     0.8343     4.2704   111.9735    30.0
20230603.1000     0.8107     4.3057   112.1600    30.0
20230603.1100     1.0060     4.8606   112.4836    30.0
20230603.1200     0.9527     4.8220   112.6756    30.0
20230603.1300     0.9183     4.7590   113.2022    30.0
20230603.1400     0.8950     4.6898   113.7837    30.0
20230603.1500     0.8758     4.6258   114.4365    30.0
20230603.1600     0.8626     4.5581   114.8369    30.0
20230603.1700     0.8497     4.5014   114.8534    30.0
20230603.1800     0.8263     4.4843   114.6614    30.0
20230603.1900     0.7970     4.4939   114.5187    30.0
20230603.2000     0.7682     4.5068   114.4858    30.0
20230603.2100     0.7431     4.5096   114.5846    30.0
20230603.2200     0.7239     4.4880   114.6998    30.0
20230603.2300     0.7190     4.4091   114.8479    30.0
20230604.0000     0.7197     4.3252   115.0289    30.0
20230604.0100     0.7256     4.2378   115.4897    30.0
20230604.0200     0.7414     4.1418   115.9175    30.0
20230604.0300     0.7507     4.0912   115.8846    30.0
20230604.0400     0.7479     4.0795   115.6981    30.0
20230604.0500     0.7438     4.0704   115.4787    30.0
20230604.0600     0.7334     4.0793   115.3086    30.0
20230604.0700     0.7181     4.1030   115.3361    30.0
20230604.0800     0.7069     4.1112   115.4348    30.0
20230604.0900     0.6986     4.1097   115.8188    30.0
20230604.1000     0.6864     4.1190   116.8994    30.0
20230604.1100     0.6750     4.1278   117.3712    30.0
20230604.1200     0.6673     4.1182   117.5906    30.0
20230604.1300     0.6591     4.1122   117.3986    30.0
20230604.1400     0.6489     4.1142   116.8281    30.0
20230604.1500     0.6367     4.1229   116.2247    30.0
20230604.1600     0.6301     4.1034   115.4238    30.0
20230604.1700     0.6260     4.0765   114.7985    30.0
20230604.1800     0.6194     4.0616   114.2500    30.0
20230604.1900     0.6100     4.0578   113.7727    30.0
20230604.2000     0.5967     4.0699   113.5698    30.0
20230604.2100     0.5817     4.0868   113.5533    30.0
20230604.2200     0.5610     4.1407   113.3119    30.0
20230604.2300     0.6167     4.4100   113.2681    30.0
20230605.0000     0.6073     4.4207   113.2626    30.0
20230605.0100     0.6073     4.3485   113.6136    30.0
20230605.0200     0.6150     4.2375   114.2116    30.0
20230605.0300     0.6303     4.1091   115.0673    30.0
20230605.0400     0.6556     3.9819   115.8682    30.0
20230605.0500     0.6876     3.8887   116.3234    30.0
20230605.0600     0.7122     3.8525   116.5429    30.0
20230605.0700     0.7222     3.8597   116.8994    30.0
20230605.0800     0.7211     3.8840   117.4150    30.0
20230605.0900     0.7227     3.8967   117.8813    30.0
20230605.1000     0.7154     3.9211   116.9323    30.0
20230605.1100     0.7188     3.9155   115.8572    30.0
20230605.1200     0.7288     3.8970   114.9850    30.0
20230605.1300     0.7419     3.8818   114.1841    30.0
20230605.1400     0.7469     3.8841   113.3394    30.0
20230605.1500     0.7395     3.8999   112.5550    30.0
20230605.1600     0.7273     3.9142   112.0229    30.0
20230605.1700     0.7173     3.9162   111.5840    30.0
20230605.1800     0.7038     3.9253   111.2549    30.0
20230605.1900     0.6902     3.9314   110.7448    30.0
20230605.2000     0.6809     3.9237   110.0262    30.0
20230605.2100     0.6732     3.9137   109.2747    30.0
20230605.2200     0.6762     3.8771   107.9527    30.0
20230605.2300     0.6858     3.8418   106.8172    30.0
20230606.0000     0.6919     3.8253   106.1919    30.0
20230606.0100     0.6875     3.8330   105.8079    30.0
20230606.0200     0.6809     3.8409   105.5555    30.0
20230606.0300     0.6680     3.8601   105.6378    30.0
20230606.0400     0.6488     3.8949   106.1370    30.0
20230606.0500     0.6286     3.9389   106.8995    30.0
20230606.0600     0.6114     3.9746   107.8978    30.0
20230606.0700     0.5973     3.9984   108.9730    30.0
20230606.0800     0.5906     3.9830   110.5144    30.0
20230606.0900     0.5957     3.9216   112.1545    30.0
20230606.1000     0.5948     3.8970   113.3833    30.0
20230606.1100     0.6840     4.0861   114.5078    30.0
20230606.1200     0.6714     4.0628   114.6778    30.0
20230606.1300     0.6546     4.0606   114.6833    30.0
20230606.1400     0.6358     4.0698   114.6339    30.0
20230606.1500     0.6184     4.0729   114.3213    30.0
20230606.1600     0.6037     4.0603   113.7069    30.0
20230606.1700     0.5930     4.0302   112.8896    30.0
20230606.1800     0.5865     3.9894   112.0503    30.0
20230606.1900     0.5842     3.9388   111.3317    30.0
20230606.2000     0.5862     3.8833   110.7283    30.0
20230606.2100     0.5937     3.8232   109.8506    30.0
20230606.2200     0.6048     3.7677   109.6477    30.0
20230606.2300     0.6408     3.6923   109.5544    30.0
20230607.0000     0.6850     3.6624   109.7464    30.0
20230607.0100     0.7306     3.6727   110.0920    30.0
20230607.0200     0.7666     3.7119   110.5253    30.0
20230607.0300     0.7945     3.7628   110.8654    30.0
20230607.0400     0.8317     3.8184   111.2385    30.0
20230607.0500     0.8858     3.8892   110.6570    30.0
20230607.0600     0.9106     3.9767   110.3004    30.0
20230607.0700     0.8840     4.0625   110.6844    30.0
20230607.0800     0.8621     4.1098   111.3975    30.0
20230607.0900     0.8619     4.1181   111.7321    30.0
20230607.1000     0.8702     4.1190   111.7651    30.0
20230607.1100     0.8918     4.1240   111.3427    30.0
20230607.1200     0.9040     4.1545   111.2275    30.0
20230607.1300     0.9128     4.1860   111.3427    30.0
20230607.1400     0.9413     4.1992   111.0410    30.0
20230607.1500     0.9751     4.2217   110.5144    30.0
20230607.1600     0.9974     4.2620   110.5089    30.0
20230607.1700     1.0102     4.3061   110.5144    30.0
20230607.1800     1.0218     4.3421   109.9329    30.0
20230607.1900     1.0374     4.3654   109.4283    30.0
20230607.2000     1.0368     4.3951   108.9620    30.0
20230607.2100     1.0315     4.4255   108.5122    30.0
20230607.2200     1.0196     4.4686   108.2270    30.0
20230607.2300     1.1942     4.7657   107.7936    30.0
20230608.0000     1.1988     4.7572   107.4864    30.0
20230608.0100     1.2177     4.7523   106.6033    30.0
20230608.0200     1.2322     4.7605   106.0163    30.0
20230608.0300     1.2290     4.7807   105.9121    30.0
20230608.0400     1.2024     4.8098   106.4003    30.0
20230608.0500     1.1690     4.8296   107.0860    30.0
20230608.0600     1.1301     4.8443   107.7442    30.0
20230608.0700     1.0832     4.8676   108.4957    30.0
20230608.0800     1.0368     4.8903   109.0937    30.0
20230608.0900     0.9943     4.9074   109.6861    30.0
20230608.1000     0.9461     4.9624   110.3004    30.0
20230608.1100     0.9191     4.9296   110.6954    30.0
20230608.1200     0.9097     4.8317   110.9258    30.0
20230608.1300     0.9113     4.7116   111.0355    30.0
20230608.1400     0.9186     4.6022   111.0849    30.0
20230608.1500     0.9145     4.5485   111.2878    30.0
20230608.1600     0.8984     4.5330   111.5950    30.0
20230608.1700     0.8813     4.5181   111.6334    30.0
20230608.1800     0.8672     4.4921   111.5072    30.0
20230608.1900     0.8611     4.4453   111.4688    30.0
20230608.2000     0.8658     4.3765   111.6060    30.0
20230608.2100     0.8769     4.3107   111.7541    30.0
20230608.2200     0.8621     4.3006   110.9587    30.0
20230608.2300     0.8508     4.2809   110.2840    30.0
20230609.0000     0.8488     4.2422   109.5544    30.0
20230609.0100     0.8533     4.2005   108.9017    30.0
20230609.0200     0.8562     4.1705   108.2050    30.0
20230609.0300     0.8539     4.1542   107.4371    30.0
20230609.0400     0.8514     4.1411   106.6362    30.0
20230609.0500     0.8486     4.1304   105.7146    30.0
20230609.0600     0.8460     4.1222   104.7272    30.0
20230609.0700     0.8397     4.1214   103.9099    30.0
20230609.0800     0.8306     4.1241   103.5534    30.0
20230609.0900     0.8221     4.1242   103.5095    30.0
20230609.1000     0.8164     4.1186   104.3378    30.0
20230609.1100     0.8359     4.1352   105.2209    30.0
20230609.1200     0.8434     4.1183   106.1864    30.0
20230609.1300     0.8482     4.1144   107.4261    30.0
20230609.1400     0.8488     4.1177   108.9126    30.0
20230609.1500     0.8482     4.1189   110.5363    30.0
20230609.1600     0.8488     4.1151   111.9954    30.0
20230609.1700     0.8472     4.1115   113.1364    30.0
20230609.1800     0.8386     4.1135   113.9373    30.0
20230609.1900     0.8203     4.1265   114.5846    30.0
20230609.2000     0.7963     4.1421   115.1276    30.0
20230609.2100     0.7777     4.1371   115.7091    30.0
20230609.2200     0.7565     4.1358   115.4019    30.0
20230609.2300     0.7552     4.0829   115.0837    30.0
20230610.0000     0.7702     4.0178   114.9740    30.0
20230610.0100     0.7838     3.9796   114.5846    30.0
20230610.0200     0.7930     3.9615   114.0251    30.0
20230610.0300     0.8021     3.9509   113.4875    30.0
20230610.0400     0.8056     3.9531   113.0267    30.0
20230610.0500     0.8046     3.9615   112.5056    30.0
20230610.0600     0.8007     3.9681   112.0887    30.0
20230610.0700     0.7854     3.9812   111.9461    30.0
20230610.0800     0.7655     3.9888   111.9680    30.0
20230610.0900     0.7460     3.9867   112.3246    30.0
20230610.1000     0.7136     4.0124   112.8676    30.0
20230610.1100     0.6966     3.9890   113.8660    30.0
20230610.1200     0.7006     3.9196   115.1989    30.0
20230610.1300     0.7213     3.8509   116.5593    30.0
20230610.1400     0.7567     3.8095   117.3053    30.0
20230610.1500     0.7907     3.8124   117.2505    30.0
20230610.1600     0.8175     3.8431   116.7842    30.0
20230610.1700     0.8297     3.8867   116.4496    30.0
20230610.1800     0.8311     3.9279   116.3454    30.0
20230610.1900     0.8259     3.9617   116.2137    30.0
20230610.2000     0.8141     3.9910   116.0985    30.0
20230610.2100     0.7960     4.0167   115.9011    30.0
20230610.2200     0.7782     4.0301   115.2044    30.0
20230610.2300     0.8584     4.2158   114.5846    30.0
20230611.0000     0.8485     4.1807   114.1018    30.0
20230611.0100     0.8464     4.1456   113.6685    30.0
20230611.0200     0.8469     4.1189   113.5368    30.0
20230611.0300     0.8463     4.1004   113.7343    30.0
20230611.0400     0.8473     4.0814   114.4145    30.0
20230611.0500     0.8460     4.0683   115.3251    30.0
20230611.0600     0.8396     4.0623   116.2137    30.0
20230611.0700     0.8322     4.0572   117.2779    30.0
20230611.0800     0.8270     4.0483   118.5834    30.0
20230611.0900     0.8357     4.0253   120.3717    30.0
20230611.1000     0.8402     4.0180   121.5127    30.0
20230611.1100     0.8548     4.0077   122.7195    30.0
20230611.1200     0.8692     4.0082   123.5587    30.0
20230611.1300     0.8981     4.0128   123.6959    30.0
20230611.1400     0.9511     4.0346   123.5203    30.0
20230611.1500     0.9992     4.0875   123.1199    30.0
20230611.1600     1.0280     4.1551   122.1983    30.0
20230611.1700     1.0348     4.2193   121.1616    30.0
20230611.1800     1.0370     4.2681   120.2675    30.0
20230611.1900     1.0475     4.3022   119.2582    30.0
20230611.2000     1.0709     4.3319   118.2324    30.0
20230611.2100     1.1093     4.3649   117.8539    30.0
20230611.2200     1.1142     4.4189   117.4096    30.0
20230611.2300     1.1308     4.4827   117.5577    30.0
20230612.0000     1.1313     4.5303   117.8703    30.0
20230612.0100     1.1121     4.5815   117.9910    30.0
20230612.0200     1.0854     4.6315   117.6290    30.0
20230612.0300     1.0633     4.6651   116.8336    30.0
20230612.0400     1.0682     4.6512   115.8133    30.0
20230612.0500     1.0924     4.6145   114.3322    30.0
20230612.0600     1.0994     4.6042   113.1090    30.0
20230612.0700     1.0904     4.6118   112.6702    30.0
20230612.0800     1.0664     4.6327   112.8951    30.0
20230612.0900     1.0307     4.6586   113.5752    30.0
20230612.1000     0.9811     4.7166   114.3706    30.0
20230612.1100     0.9519     4.7412   115.0947    30.0
20230612.1200     0.9402     4.6863   115.6049    30.0
20230612.1300     0.9491     4.6000   115.9120    30.0
20230612.1400     0.9801     4.5153   116.1644    30.0
20230612.1500     1.0259     4.4651   116.1424    30.0
20230612.1600     1.0785     4.4571   115.8352    30.0
20230612.1700     1.1209     4.4861   115.3635    30.0
20230612.1800     1.1419     4.5302   114.9466    30.0
20230612.1900     1.1507     4.5676   114.5955    30.0
20230612.2000     1.1620     4.5885   113.9373    30.0
20230612.2100     1.1777     4.5999   113.0870    30.0
20230612.2200     1.1763     4.6182   112.6318    30.0
20230612.2300     1.1843     4.6247   112.0942    30.0
20230613.0000     1.2076     4.6234   111.4688    30.0
20230613.0100     1.2441     4.6297   110.6625    30.0
20230613.0200     1.2553     4.6581   110.2675    30.0
20230613.0300     1.2430     4.6925   110.1523    30.0
20230613.0400     1.2134     4.7258   110.2511    30.0
20230613.0500     1.1817     4.7475   110.4815    30.0
20230613.0600     1.1505     4.7647   110.7722    30.0
20230613.0700     1.1191     4.7852   111.1452    30.0
20230613.0800     1.0947     4.7937   111.4963    30.0
20230613.0900     1.0789     4.7861   111.8912    30.0
20230613.1000     1.0653     4.7741   112.3520    30.0
20230613.1100     1.0690     4.7819   112.8457    30.0
20230613.1200     1.0656     4.7609   113.1200    30.0
20230613.1300     1.0655     4.7409   113.3778    30.0
20230613.1400     1.0631     4.7297   113.7288    30.0
20230613.1500     1.0652     4.7113   114.0086    30.0
20230613.1600     1.0622     4.7048   114.3377    30.0
20230613.1700     1.0558     4.7027   114.5407    30.0
20230613.1800     1.0431     4.7051   114.4090    30.0
20230613.1900     1.0343     4.6967   114.0964    30.0
20230613.2000     1.0295     4.6785   113.1858    30.0
20230613.2100     1.0125     4.6749   112.0009    30.0
20230613.2200     0.9905     4.6687   110.7448    30.0
20230613.2300     0.9788     4.6363   109.5599    30.0
20230614.0000     0.9660     4.6103   109.1375    30.0
20230614.0100     0.9615     4.5709   109.0443    30.0
20230614.0200     0.9829     4.5063   108.7097    30.0
20230614.0300     1.0218     4.4568   108.1611    30.0
20230614.0400     1.0370     4.4627   108.2818    30.0
20230614.0500     1.0363     4.4948   108.5396    30.0
20230614.0600     1.0093     4.5508   108.5287    30.0
20230614.0700     0.9769     4.5973   108.5122    30.0
20230614.0800     0.9452     4.6333   108.5067    30.0
20230614.0900     0.9155     4.6567   108.4573    30.0
20230614.1000     0.8817     4.6932   108.5012    30.0
20230614.1100     0.8631     4.6677   108.0020    30.0
20230614.1200     0.8355     4.6864   108.5835    30.0
20230614.1300     0.8086     4.7006   109.5051    30.0
20230614.1400     0.7858     4.6989   110.2127    30.0
20230614.1500     0.7657     4.6884   110.7338    30.0
20230614.1600     0.7494     4.6640   111.1507    30.0
20230614.1700     0.7372     4.6231   111.5731    30.0
20230614.1800     0.7289     4.5707   112.0448    30.0
20230614.1900     0.7323     4.4755   112.0832    30.0
20230614.2000     0.7474     4.3567   110.8380    30.0
20230614.2100     0.7436     4.3294   110.0097    30.0
20230614.2200     0.7358     4.3109   108.2379    30.0
20230614.2300     0.7404     4.3345   107.9143    30.0
20230615.0000     0.7366     4.3124   107.7881    30.0
20230615.0100     0.7337     4.2839   107.5358    30.0
20230615.0200     0.7330     4.2490   107.3328    30.0
20230615.0300     0.7396     4.1957   106.9050    30.0
20230615.0400     0.7464     4.1565   106.8995    30.0
20230615.0500     0.7434     4.1533   107.5193    30.0
20230615.0600     0.7314     4.1754   108.3037    30.0
20230615.0700     0.7166     4.1999   108.6219    30.0
20230615.0800     0.7030     4.2170   108.4189    30.0
20230615.0900     0.6875     4.2419   108.2160    30.0
20230615.1000     0.6601     4.3315   108.8687    30.0
20230615.1100     0.6406     4.3847   109.4502    30.0
20230615.1200     0.6264     4.4057   109.9494    30.0
20230615.1300     0.6176     4.3934   110.2950    30.0
20230615.1400     0.6124     4.3618   110.4102    30.0
20230615.1500     0.6033     4.3631   110.4760    30.0
20230615.1600     0.5913     4.3884   110.6296    30.0
20230615.1700     0.5813     4.3975   110.6296    30.0
20230615.1800     0.5745     4.3830   110.3772    30.0
20230615.1900     0.5705     4.3467   109.8342    30.0
20230615.2000     0.5705     4.2856   108.8742    30.0
20230615.2100     0.5667     4.2537   108.3531    30.0
20230615.2200     0.5556     4.2713   108.3202    30.0
20230615.2300     0.5530     4.2260   107.7497    30.0
20230616.0000     0.5578     4.1400   106.0438    30.0
20230616.0100     0.5629     4.0662   104.1019    30.0
20230616.0200     0.5640     4.0219   102.2588    30.0
20230616.0300     0.5588     4.0097   101.1672    30.0
20230616.0400     0.5459     4.0399   101.1124    30.0
20230616.0500     0.5310     4.0774   101.5457    30.0
20230616.0600     0.5176     4.1040   101.9626    30.0
20230616.0700     0.5058     4.1234   102.4453    30.0
20230616.0800     0.4942     4.1433   103.0048    30.0
20230616.0900     0.4833     4.1596   103.5753    30.0
20230616.1000     0.4762     4.1274   105.8682    30.0
20230616.1100     0.4989     4.1498   109.8287    30.0
20230616.1200     0.5037     4.1224   113.3284    30.0
20230616.1300     0.5094     4.0891   116.3234    30.0
20230616.1400     0.5135     4.0677   118.1995    30.0
20230616.1500     0.5154     4.0651   118.7041    30.0
20230616.1600     0.5215     4.0382   118.8687    30.0
20230616.1700     0.5378     3.9671   118.3366    30.0
20230616.1800     0.5717     3.8540   117.1463    30.0
20230616.1900     0.6179     3.7643   115.6487    30.0
20230616.2000     0.6613     3.7268   114.1293    30.0
20230616.2100     0.6898     3.7289   112.8676    30.0
20230616.2200     0.6944     3.7550   111.9022    30.0
20230616.2300     0.7260     3.7511   111.1617    30.0
20230617.0000     0.7535     3.7755   110.5418    30.0
20230617.0100     0.7669     3.8182   109.5873    30.0
20230617.0200     0.7723     3.8687   108.5835    30.0
20230617.0300     0.7664     3.9267   107.6894    30.0
20230617.0400     0.7511     3.9904   107.1518    30.0
20230617.0500     0.7322     4.0539   107.0311    30.0
20230617.0600     0.7142     4.1059   106.9872    30.0
20230617.0700     0.6971     4.1513   106.9269    30.0
20230617.0800     0.6787     4.2025   106.9543    30.0
20230617.0900     0.6615     4.2485   107.0366    30.0
20230617.1000     0.6445     4.2872   107.1244    30.0
20230617.1100     0.6378     4.2663   107.6236    30.0
20230617.1200     0.6410     4.1935   108.3860    30.0
20230617.1300     0.6482     4.1183   108.9401    30.0
20230617.1400     0.6519     4.0715   109.1430    30.0
20230617.1500     0.6500     4.0532   109.0662    30.0
20230617.1600     0.6448     4.0514   108.9839    30.0
20230617.1700     0.6374     4.0581   109.1540    30.0
20230617.1800     0.6300     4.0670   109.4886    30.0
20230617.1900     0.6247     4.0659   109.7025    30.0
20230617.2000     0.6233     4.0491   109.7135    30.0
20230617.2100     0.6254     4.0214   109.5325    30.0
20230617.2200     0.6173     4.0344   109.0333    30.0
20230617.2300     0.6269     4.0571   108.3092    30.0
20230618.0000     0.6267     4.0489   107.7333    30.0
20230618.0100     0.6278     4.0316   107.3548    30.0
20230618.0200     0.6303     4.0106   107.2505    30.0
20230618.0300     0.6283     4.0047   107.0915    30.0
20230618.0400     0.6272     3.9930   106.6471    30.0
20230618.0500     0.6260     3.9818   106.0218    30.0
20230618.0600     0.6186     3.9922   105.6323    30.0
20230618.0700     0.6062     4.0173   105.6927    30.0
20230618.0800     0.5939     4.0357   105.9121    30.0
20230618.0900     0.5868     4.0256   106.0328    30.0
20230618.1000     0.5668     4.0871   106.4387    30.0
20230618.1100     0.5523     4.1201   106.9159    30.0
20230618.1200     0.5402     4.1413   107.3822    30.0
20230618.1300     0.5272     4.1733   107.8759    30.0
20230618.1400     0.5148     4.2047   108.3202    30.0
20230618.1500     0.5033     4.2313   108.6822    30.0
20230618.1600     0.4956     4.2233   108.4793    30.0
20230618.1700     0.4906     4.1963   107.9417    30.0
20230618.1800     0.4850     4.1743   107.6839    30.0
20230618.1900     0.4788     4.1591   107.7607    30.0
20230618.2000     0.4712     4.1542   108.0843    30.0
20230618.2100     0.4635     4.1526   108.5451    30.0
20230618.2200     0.4519     4.1788   109.0717    30.0
20230618.2300     0.4470     4.1538   109.7464    30.0
20230619.0000     0.4459     4.0957   110.3443    30.0
20230619.0100     0.4465     4.0264   110.6460    30.0
20230619.0200     0.4442     3.9878   110.9203    30.0
20230619.0300     0.4354     4.0058   111.1671    30.0
20230619.0400     0.4250     4.0352   111.3811    30.0
20230619.0500     0.4169     4.0386   111.4524    30.0
20230619.0600     0.4112     4.0211   111.2055    30.0
20230619.0700     0.4039     4.0200   111.3207    30.0
20230619.0800     0.3982     3.9996   112.0722    30.0
20230619.0900     0.4013     3.8895   113.6136    30.0
20230619.1000     0.4041     3.8333   106.7294    30.0
20230619.1100     0.4224     3.8873   103.7563    30.0
20230619.1200     0.4165     3.8911   106.0383    30.0
20230619.1300     0.4105     3.8846   108.7700    30.0
20230619.1400     0.4037     3.8737   111.0410    30.0
20230619.1500     0.3950     3.8786   111.7815    30.0
20230619.1600     0.3883     3.8600   112.8237    30.0
20230619.1700     0.3863     3.8079   116.5429    30.0
20230619.1800     0.3880     3.7314   120.7996    30.0
20230619.1900     0.3832     3.7007   122.7304    30.0
20230619.2000     0.3747     3.7052   123.2790    30.0
20230619.2100     0.3681     3.6972   124.2060    30.0
20230619.2200     0.3533     3.7482   125.4677    30.0
20230619.2300     0.3469     3.7495   125.5554    30.0
20230620.0000     0.3539     3.6110   122.7304    30.0
20230620.0100     0.3570     3.5431   120.4046    30.0
20230620.0200     0.3573     3.5032   119.8506    30.0
20230620.0300     0.3572     3.4799   119.3404    30.0
20230620.0400     0.3550     3.4638   119.2088    30.0
20230620.0500     0.3502     3.4633   119.1759    30.0
20230620.0600     0.3448     3.4667   119.2088    30.0
20230620.0700     0.3400     3.4652   119.0552    30.0
20230620.0800     0.3383     3.4411   118.6877    30.0
20230620.0900     0.3494     3.3444   117.7606    30.0
20230620.1000     0.3378     3.3900   117.1572    30.0
20230620.1100     0.3462     3.3158   116.0437    30.0
20230620.1200     0.3605     3.2421   115.2977    30.0
20230620.1300     0.3689     3.2182   114.7107    30.0
20230620.1400     0.3908     3.1521   113.3065    30.0
20230620.1500     0.4237     3.1036   112.1984    30.0
20230620.1600     0.4636     3.0980   110.8380    30.0
20230620.1700     0.4968     3.1335   110.1359    30.0
20230620.1800     0.5237     3.1824   110.4431    30.0
20230620.1900     0.5523     3.2275   111.0519    30.0
20230620.2000     0.5759     3.2800   111.2988    30.0
20230620.2100     0.5884     3.3398   111.5347    30.0
20230620.2200     0.5857     3.3972   111.0245    30.0
20230620.2300     0.6179     3.5281   111.3427    30.0
20230621.0000     0.6231     3.5543   112.4014    30.0
20230621.0100     0.6472     3.5605   113.4107    30.0
20230621.0200     0.6961     3.5766   113.7672    30.0
20230621.0300     0.7404     3.6292   113.8550    30.0
20230621.0400     0.7625     3.6961   113.9263    30.0
20230621.0500     0.7647     3.7565   114.0196    30.0
20230621.0600     0.7519     3.8080   114.1073    30.0
20230621.0700     0.7346     3.8448   114.1732    30.0
20230621.0800     0.7226     3.8582   114.2664    30.0
20230621.0900     0.7167     3.8561   114.4090    30.0
20230621.1000     0.7047     3.8640   114.6833    30.0
20230621.1100     0.7054     3.8452   114.8972    30.0
20230621.1200     0.7175     3.8173   114.9795    30.0
20230621.1300     0.7368     3.7990   114.5187    30.0
20230621.1400     0.7673     3.7909   113.1474    30.0
20230621.1500     0.8041     3.8033   111.0245    30.0
20230621.1600     0.8430     3.8338   108.7316    30.0
20230621.1700     0.8749     3.8776   106.6197    30.0
20230621.1800     0.8849     3.9270   105.0399    30.0
20230621.1900     0.8772     3.9716   103.9812    30.0
20230621.2000     0.8704     3.9987   102.8787    30.0
20230621.2100     0.8688     4.0140   101.6225    30.0
20230621.2200     0.8563     4.0398   101.1069    30.0
20230621.2300     0.8460     4.0563   100.9697    30.0
20230622.0000     0.8403     4.0631   101.2221    30.0
20230622.0100     0.8436     4.0589   101.5951    30.0
20230622.0200     0.8519     4.0551   101.8913    30.0
20230622.0300     0.8568     4.0607   102.0997    30.0
20230622.0400     0.8508     4.0784   102.4727    30.0
20230622.0500     0.8389     4.0959   103.0158    30.0
20230622.0600     0.8234     4.1120   103.6960    30.0
20230622.0700     0.8011     4.1362   104.3268    30.0
20230622.0800     0.7792     4.1543   104.8808    30.0
20230622.0900     0.7635     4.1515   105.2813    30.0
20230622.1000     0.7481     4.1479   105.8353    30.0
20230622.1100     0.8000     4.2529   106.3125    30.0
20230622.1200     0.7926     4.2188   106.9982    30.0
20230622.1300     0.7940     4.1734   107.8539    30.0
20230622.1400     0.8054     4.1223   108.8523    30.0
20230622.1500     0.8188     4.0864   109.6806    30.0
20230622.1600     0.8260     4.0708   110.0371    30.0
20230622.1700     0.8257     4.0676   110.1249    30.0
20230622.1800     0.8177     4.0714   110.3992    30.0
20230622.1900     0.8097     4.0697   110.7448    30.0
20230622.2000     0.8047     4.0617   111.1068    30.0
20230622.2100     0.8022     4.0502   111.5292    30.0
20230622.2200     0.8063     4.0306   110.9642    30.0
20230622.2300     0.8089     4.0195   110.3498    30.0
20230623.0000     0.8124     4.0076   109.5764    30.0
20230623.0100     0.8067     4.0037   108.6548    30.0
20230623.0200     0.7914     4.0064   107.8210    30.0
20230623.0300     0.7698     4.0121   107.5138    30.0
20230623.0400     0.7479     4.0125   107.5248    30.0
20230623.0500     0.7281     4.0061   107.7936    30.0
20230623.0600     0.7098     3.9990   108.4080    30.0
20230623.0700     0.6989     3.9768   109.3186    30.0
20230623.0800     0.6985     3.9370   110.4760    30.0
20230623.0900     0.6996     3.9069   111.7102    30.0
20230623.1000     0.6772     3.9425   112.6043    30.0
20230623.1100     0.6557     3.9728   113.2187    30.0
20230623.1200     0.6358     3.9930   113.7563    30.0
20230623.1300     0.6206     3.9922   114.2664    30.0
20230623.1400     0.6102     3.9705   114.5901    30.0
20230623.1500     0.5974     3.9615   114.8259    30.0
20230623.1600     0.5840     3.9555   115.1550    30.0
20230623.1700     0.5683     3.9645   115.3745    30.0
20230623.1800     0.5520     3.9784   115.6323    30.0
20230623.1900     0.5419     3.9579   116.0656    30.0
20230623.2000     0.5378     3.9097   116.6142    30.0
20230623.2100     0.5376     3.8508   117.2340    30.0
20230623.2200     0.5432     3.7782   117.5522    30.0
20230623.2300     0.6262     3.9862   117.6454    30.0
20230624.0000     0.6132     3.9514   117.4260    30.0
20230624.0100     0.5989     3.9288   117.3108    30.0
20230624.0200     0.5835     3.9170   117.2231    30.0
20230624.0300     0.5657     3.9210   116.9762    30.0
20230624.0400     0.5520     3.9066   116.7458    30.0
20230624.0500     0.5435     3.8682   116.6855    30.0
20230624.0600     0.5359     3.8321   116.6416    30.0
20230624.0700     0.5268     3.8081   116.5922    30.0
20230624.0800     0.5165     3.7942   116.5100    30.0
20230624.0900     0.5071     3.7764   116.4825    30.0
20230624.1000     0.4934     3.7808   116.2631    30.0
20230624.1100     0.4870     3.7527   116.0217    30.0
20230624.1200     0.4857     3.7018   115.9614    30.0
20230624.1300     0.4879     3.6486   116.0656    30.0
20230624.1400     0.4903     3.6077   116.2083    30.0
20230624.1500     0.4864     3.5995   116.2850    30.0
20230624.1600     0.4810     3.5940   116.2741    30.0
20230624.1700     0.4781     3.5782   115.9888    30.0
20230624.1800     0.4747     3.5658   115.4951    30.0
20230624.1900     0.4676     3.5717   115.0069    30.0
20230624.2000     0.4609     3.5738   114.5846    30.0
20230624.2100     0.4578     3.5592   113.9812    30.0
20230624.2200     0.4485     3.5728   113.2187    30.0
20230624.2300     0.4393     3.5935   112.9060    30.0
20230625.0000     0.4306     3.6080   112.5769    30.0
20230625.0100     0.4266     3.5932   112.1655    30.0
20230625.0200     0.4269     3.5601   111.9132    30.0
20230625.0300     0.4277     3.5321   111.7925    30.0
20230625.0400     0.4316     3.4953   111.6663    30.0
20230625.0500     0.4404     3.4490   111.3591    30.0
20230625.0600     0.4491     3.4202   110.8600    30.0
20230625.0700     0.4525     3.4186   110.5144    30.0
20230625.0800     0.4526     3.4273   110.2895    30.0
20230625.0900     0.4527     3.4330   110.3279    30.0
20230625.1000     0.4471     3.4540   110.6789    30.0
20230625.1100     0.4419     3.4827   111.2494    30.0
20230625.1200     0.4380     3.4942   111.9735    30.0
20230625.1300     0.4342     3.5053   112.8347    30.0
20230625.1400     0.4333     3.5017   113.7398    30.0
20230625.1500     0.4358     3.4828   114.5133    30.0
20230625.1600     0.4384     3.4722   115.0892    30.0
20230625.1700     0.4361     3.4913   115.2757    30.0
20230625.1800     0.4320     3.5149   115.2483    30.0
20230625.1900     0.4280     3.5355   115.0508    30.0
20230625.2000     0.4240     3.5550   114.7656    30.0
20230625.2100     0.4197     3.5740   114.4749    30.0
20230625.2200     0.4106     3.6100   114.2116    30.0
20230625.2300     0.4052     3.6364   114.2116    30.0
20230626.0000     0.4015     3.6482   114.4255    30.0
20230626.0100     0.4000     3.6432   115.2867    30.0
20230626.0200     0.4003     3.6273   117.0201    30.0
20230626.0300     0.3973     3.6360   118.0130    30.0
20230626.0400     0.3930     3.6496   118.5725    30.0
20230626.0500     0.3891     3.6574   119.0552    30.0
20230626.0600     0.3847     3.6661   119.4447    30.0
20230626.0700     0.3813     3.6657   119.8067    30.0
20230626.0800     0.3794     3.6520   120.3333    30.0
20230626.0900     0.3782     3.6310   120.9422    30.0
20230626.1000     0.3697     3.6521   120.8983    30.0
20230626.1100     0.3678     3.6355   121.0574    30.0
20230626.1200     0.3677     3.6054   121.5072    30.0
20230626.1300     0.3692     3.5655   122.3080    30.0
20230626.1400     0.3728     3.5157   123.1638    30.0
20230626.1500     0.3773     3.4673   123.8879    30.0
20230626.1600     0.3810     3.4351   124.0250    30.0
20230626.1700     0.3813     3.4223   123.5862    30.0
20230626.1800     0.3822     3.4056   122.7414    30.0
20230626.1900     0.3847     3.3793   121.5565    30.0
20230626.2000     0.3865     3.3602   120.5692    30.0
20230626.2100     0.3870     3.3503   119.9822    30.0
20230626.2200     0.3863     3.3313   119.1375    30.0
20230626.2300     0.3893     3.3433   119.1814    30.0
20230627.0000     0.3851     3.3532   119.2252    30.0
20230627.0100     0.3811     3.3558   119.1375    30.0
20230627.0200     0.3826     3.3273   119.2636    30.0
20230627.0300     0.3912     3.2757   119.5928    30.0
20230627.0400     0.4144     3.1989   120.3881    30.0
20230627.0500     0.4550     3.1444   121.3700    30.0
20230627.0600     0.4901     3.1524   121.6717    30.0
20230627.0700     0.5126     3.1850   121.6114    30.0
20230627.0800     0.5213     3.2243   121.7540    30.0
20230627.0900     0.5214     3.2612   121.9186    30.0
20230627.1000     0.5118     3.3029   121.6772    30.0
20230627.1100     0.5149     3.3203   121.2713    30.0
20230627.1200     0.5312     3.3242   120.3278    30.0
20230627.1300     0.5547     3.3402   118.7261    30.0
20230627.1400     0.5674     3.3815   117.4205    30.0
20230627.1500     0.5669     3.4321   116.7294    30.0
20230627.1600     0.5646     3.4675   116.4441    30.0
20230627.1700     0.5620     3.4915   116.0766    30.0
20230627.1800     0.5591     3.5073   115.7146    30.0
20230627.1900     0.5602     3.5083   115.2867    30.0
20230627.2000     0.5709     3.4909   114.8808    30.0
20230627.2100     0.5890     3.4749   114.5517    30.0
20230627.2200     0.6179     3.4656   114.2006    30.0
20230627.2300     0.6576     3.4803   114.6998    30.0
20230628.0000     0.7046     3.5243   115.1331    30.0
20230628.0100     0.7461     3.5918   115.2428    30.0
20230628.0200     0.7755     3.6673   114.9795    30.0
20230628.0300     0.7905     3.7378   114.6339    30.0
20230628.0400     0.7973     3.7963   114.4584    30.0
20230628.0500     0.8019     3.8397   114.5681    30.0
20230628.0600     0.8089     3.8699   115.0124    30.0
20230628.0700     0.8199     3.8928   115.8243    30.0
20230628.0800     0.8364     3.9117   116.8775    30.0
20230628.0900     0.8461     3.9360   117.8594    30.0
20230628.1000     0.8256     3.9796   117.9855    30.0
20230628.1100     0.8089     4.0137   118.2817    30.0
20230628.1200     0.7944     4.0138   118.7370    30.0
20230628.1300     0.7843     4.0016   118.9455    30.0
20230628.1400     0.7856     3.9745   118.5341    30.0
20230628.1500     0.7897     3.9568   117.7058    30.0
20230628.1600     0.7951     3.9473   116.7513    30.0
20230628.1700     0.8006     3.9458   115.9724    30.0
20230628.1800     0.7914     3.9635   115.2648    30.0
20230628.1900     0.7730     3.9831   114.5517    30.0
20230628.2000     0.7537     3.9926   113.8385    30.0
20230628.2100     0.7362     3.9908   113.3174    30.0
20230628.2200     0.7237     3.9729   113.1145    30.0
20230628.2300     0.7204     3.9377   113.5204    30.0
20230629.0000     0.7330     3.8847   115.0069    30.0
20230629.0100     0.7768     3.8304   117.3712    30.0
20230629.0200     0.8398     3.8298   119.3459    30.0
20230629.0300     0.8816     3.8825   119.8177    30.0
20230629.0400     0.8954     3.9428   119.8945    30.0
20230629.0500     0.8941     3.9901   120.1687    30.0
20230629.0600     0.8882     4.0210   120.6789    30.0
20230629.0700     0.8779     4.0430   121.1561    30.0
20230629.0800     0.8674     4.0552   121.4578    30.0
20230629.0900     0.8533     4.0658   121.6663    30.0
20230629.1000     0.8214     4.0939   121.2329    30.0
20230629.1100     0.8046     4.1155   121.0958    30.0
20230629.1200     0.7820     4.1173   120.8928    30.0
20230629.1300     0.7662     4.0982   120.4046    30.0
20230629.1400     0.7536     4.0721   119.9713    30.0
20230629.1500     0.7318     4.0707   119.6750    30.0
20230629.1600     0.7029     4.0932   119.3679    30.0
20230629.1700     0.6768     4.1035   118.8906    30.0
20230629.1800     0.6530     4.1065   118.3037    30.0
20230629.1900     0.6303     4.1101   117.7497    30.0
20230629.2000     0.6099     4.1053   117.2999    30.0
20230629.2100     0.5941     4.0821   116.8830    30.0
20230629.2200     0.5829     4.0348   116.1534    30.0
20230629.2300     0.5825     3.9454   115.3251    30.0
20230630.0000     0.5962     3.8344   114.3706    30.0
20230630.0100     0.6326     3.7121   114.0470    30.0
20230630.0200     0.6833     3.6477   114.8808    30.0
20230630.0300     0.7271     3.6565   115.8846    30.0
20230630.0400     0.7603     3.6981   116.6306    30.0
20230630.0500     0.7779     3.7504   116.8500    30.0
20230630.0600     0.7858     3.7960   117.1463    30.0
20230630.0700     0.7920     3.8315   117.5248    30.0
20230630.0800     0.7836     3.8686   118.2872    30.0
20230630.0900     0.7764     3.8894   119.0826    30.0
20230630.1000     0.7559     3.9209   119.2527    30.0
20230630.1100     0.7430     3.9264   119.8725    30.0
20230630.1200     0.7304     3.9274   120.3223    30.0
20230630.1300     0.7078     3.9504   119.8945    30.0
20230630.1400     0.6849     3.9693   119.3953    30.0
20230630.1500     0.6638     3.9787   118.9674    30.0
20230630.1600     0.6490     3.9643   118.7974    30.0
20230630.1700     0.6404     3.9317   118.9729    30.0
20230630.1800     0.6290     3.9110   118.9071    30.0
20230630.1900     0.6185     3.8861   118.4463    30.0
20230630.2000     0.6133     3.8455   117.8813    30.0
20230630.2100     0.6113     3.8014   117.3876    30.0
20230630.2200     0.6175     3.7405   116.1699    30.0
20230630.2300     0.6278     3.6929   115.3306    30.0
