TPAR
20230501.0000     0.2130     2.7066    55.8795    30.0
20230501.0100     0.2066     2.7343    56.5707    30.0
20230501.0200     0.2061     2.6990    56.2964    30.0
20230501.0300     0.2190     2.6190    41.9355    30.0
20230501.0400     0.2409     2.5928     8.0904    30.0
20230501.0500     0.2471     2.5936   353.3434    30.0
20230501.0600     0.2412     2.6222   351.0943    30.0
20230501.0700     0.2355     2.6368   351.2095    30.0
20230501.0800     0.2292     2.6557   352.4492    30.0
20230501.0900     0.2243     2.6538   353.8535    30.0
20230501.1000     0.2176     2.6667   337.5563    30.0
20230501.1100     0.2188     2.6409   329.7066    30.0
20230501.1200     0.2177     2.6231   325.3567    30.0
20230501.1300     0.2109     2.6564   327.1395    30.0
20230501.1400     0.2082     2.6506   330.3210    30.0
20230501.1500     0.2019     2.6791   334.5229    30.0
20230501.1600     0.2018     2.6551   344.2156    30.0
20230501.1700     0.2067     2.5924     7.4048    30.0
20230501.1800     0.2079     2.5631    31.8643    30.0
20230501.1900     0.2041     2.5710    38.1287    30.0
20230501.2000     0.1981     2.6023    42.7584    30.0
20230501.2100     0.1928     2.6330    46.6914    30.0
20230501.2200     0.1669     2.8157    56.9162    30.0
20230501.2300     0.1657     2.8093    61.6502    30.0
20230502.0000     0.1648     2.8006    65.5668    30.0
20230502.0100     0.1645     2.7905    68.9787    30.0
20230502.0200     0.1724     2.6810    75.6106    30.0
20230502.0300     0.1807     2.5931    77.8651    30.0
20230502.0400     0.1797     2.6001    79.7740    30.0
20230502.0500     0.1776     2.6219    81.6500    30.0
20230502.0600     0.1766     2.6357    82.4180    30.0
20230502.0700     0.1774     2.6218    82.4674    30.0
20230502.0800     0.1793     2.6055    82.1821    30.0
20230502.0900     0.1916     2.5775    81.2935    30.0
20230502.1000     0.1833     2.6090    84.0965    30.0
20230502.1100     0.1862     2.6089    81.8914    30.0
20230502.1200     0.1879     2.6190    82.1328    30.0
20230502.1300     0.2002     2.5941    81.4855    30.0
20230502.1400     0.2092     2.5902    81.1618    30.0
20230502.1500     0.2167     2.5977    81.6226    30.0
20230502.1600     0.2221     2.6208    83.1969    30.0
20230502.1700     0.2241     2.6544    84.9194    30.0
20230502.1800     0.2284     2.6666    88.2326    30.0
20230502.1900     0.2425     2.6585    95.8902    30.0
20230502.2000     0.2599     2.6441   102.9116    30.0
20230502.2100     0.2654     2.6650   105.5885    30.0
20230502.2200     0.2590     2.7047   108.2489    30.0
20230502.2300     0.2675     2.7006   108.8687    30.0
20230503.0000     0.2789     2.6988   108.5780    30.0
20230503.0100     0.2851     2.7200   107.3273    30.0
20230503.0200     0.2937     2.7285   106.7075    30.0
20230503.0300     0.3055     2.7356   106.5045    30.0
20230503.0400     0.3046     2.7847   105.7695    30.0
20230503.0500     0.2963     2.8497   104.5298    30.0
20230503.0600     0.2906     2.8936   103.4601    30.0
20230503.0700     0.2874     2.9212   102.8512    30.0
20230503.0800     0.2880     2.9341   100.9313    30.0
20230503.0900     0.2965     2.9181    97.8266    30.0
20230503.1000     0.3047     2.9019    93.1365    30.0
20230503.1100     0.3265     2.8713    88.8360    30.0
20230503.1200     0.3370     2.8870    87.0367    30.0
20230503.1300     0.3481     2.9023    85.7531    30.0
20230503.1400     0.3572     2.9252    84.6670    30.0
20230503.1500     0.3583     2.9698    84.3982    30.0
20230503.1600     0.3463     3.0558    85.0400    30.0
20230503.1700     0.3355     3.1265    85.6050    30.0
20230503.1800     0.3308     3.1545    87.2287    30.0
20230503.1900     0.3273     3.1726    88.6714    30.0
20230503.2000     0.3215     3.2061    89.0663    30.0
20230503.2100     0.3170     3.2384    90.0921    30.0
20230503.2200     0.3179     3.2409    94.8644    30.0
20230503.2300     0.3837     3.5821    95.8409    30.0
20230504.0000     0.3790     3.6100    95.6105    30.0
20230504.0100     0.3755     3.6041    95.6160    30.0
20230504.0200     0.3690     3.6111    95.6214    30.0
20230504.0300     0.3596     3.6375    95.2649    30.0
20230504.0400     0.3510     3.6598    94.8206    30.0
20230504.0500     0.3452     3.6611    94.1239    30.0
20230504.0600     0.3454     3.6168    92.2644    30.0
20230504.0700     0.3427     3.6036    91.0630    30.0
20230504.0800     0.3411     3.5908    89.3351    30.0
20230504.0900     0.3352     3.6243    88.7701    30.0
20230504.1000     0.3226     3.7120    87.9363    30.0
20230504.1100     0.3176     3.7482    87.8980    30.0
20230504.1200     0.3148     3.7659    88.0461    30.0
20230504.1300     0.3134     3.7769    88.3368    30.0
20230504.1400     0.3131     3.7765    89.1157    30.0
20230504.1500     0.3140     3.7766    90.2128    30.0
20230504.1600     0.3168     3.7577    91.6335    30.0
20230504.1700     0.3180     3.7511    92.9555    30.0
20230504.1800     0.3200     3.7414    94.7657    30.0
20230504.1900     0.3277     3.6863    98.9072    30.0
20230504.2000     0.3314     3.6647   101.7761    30.0
20230504.2100     0.3328     3.6591   104.0855    30.0
20230504.2200     0.3276     3.7109   106.3180    30.0
20230504.2300     0.3240     3.7503   105.9944    30.0
20230505.0000     0.3216     3.7712   105.5775    30.0
20230505.0100     0.3199     3.7837   105.1990    30.0
20230505.0200     0.3186     3.7900   104.9905    30.0
20230505.0300     0.3161     3.8076   104.6724    30.0
20230505.0400     0.3137     3.8233   104.1787    30.0
20230505.0500     0.3118     3.8315   103.4711    30.0
20230505.0600     0.3114     3.8194   102.3411    30.0
20230505.0700     0.3103     3.8174   101.1617    30.0
20230505.0800     0.3083     3.8230   100.0646    30.0
20230505.0900     0.3074     3.8127    99.0005    30.0
20230505.1000     0.2951     3.9343    97.8814    30.0
20230505.1100     0.2914     3.9693    97.5304    30.0
20230505.1200     0.2888     3.9970    97.1958    30.0
20230505.1300     0.2869     4.0126    96.8611    30.0
20230505.1400     0.2855     4.0233    96.5924    30.0
20230505.1500     0.2847     4.0270    96.3894    30.0
20230505.1600     0.2846     4.0248    96.2632    30.0
20230505.1700     0.2869     3.9824    96.6253    30.0
20230505.1800     0.2902     3.9274    96.8666    30.0
20230505.1900     0.2904     3.9233    96.8831    30.0
20230505.2000     0.2950     3.8578    97.8595    30.0
20230505.2100     0.2981     3.8264    98.9730    30.0
20230505.2200     0.3262     3.6210   114.6010    30.0
20230505.2300     0.3501     3.4713   123.5368    30.0
20230506.0000     0.3596     3.4360   127.3437    30.0
20230506.0100     0.3535     3.4980   125.3909    30.0
20230506.0200     0.3491     3.5288   122.8785    30.0
20230506.0300     0.3457     3.5528   120.7612    30.0
20230506.0400     0.3434     3.5643   119.2362    30.0
20230506.0500     0.3404     3.5805   118.0514    30.0
20230506.0600     0.3364     3.6119   117.0091    30.0
20230506.0700     0.3330     3.6360   116.1808    30.0
20230506.0800     0.3307     3.6484   115.3306    30.0
20230506.0900     0.3285     3.6600   114.5023    30.0
20230506.1000     0.3188     3.7224   112.3685    30.0
20230506.1100     0.3138     3.7661   110.8764    30.0
20230506.1200     0.3147     3.7340   109.6257    30.0
20230506.1300     0.3146     3.7267   108.8413    30.0
20230506.1400     0.3152     3.7104   108.0788    30.0
20230506.1500     0.3138     3.7112   107.1847    30.0
20230506.1600     0.3104     3.7357   106.0492    30.0
20230506.1700     0.3066     3.7644   104.9083    30.0
20230506.1800     0.3032     3.7877   103.8496    30.0
20230506.1900     0.3018     3.7823   103.1639    30.0
20230506.2000     0.3017     3.7616   103.1200    30.0
20230506.2100     0.3004     3.7582   102.7909    30.0
20230506.2200     0.2911     3.8159   102.0504    30.0
20230506.2300     0.2878     3.8410   101.1727    30.0
20230507.0000     0.2856     3.8556   100.3883    30.0
20230507.0100     0.2833     3.8694    99.6861    30.0
20230507.0200     0.2855     3.8157    99.7081    30.0
20230507.0300     0.2841     3.8186    99.2418    30.0
20230507.0400     0.2812     3.8420    98.5616    30.0
20230507.0500     0.2786     3.8632    97.8650    30.0
20230507.0600     0.2760     3.8841    97.1958    30.0
20230507.0700     0.2738     3.9006    96.5594    30.0
20230507.0800     0.2717     3.9146    95.9231    30.0
20230507.0900     0.2701     3.9257    95.3088    30.0
20230507.1000     0.2717     3.8564    90.7559    30.0
20230507.1100     0.2750     3.8029    89.5326    30.0
20230507.1200     0.2754     3.7979    88.8744    30.0
20230507.1300     0.2763     3.7919    88.3916    30.0
20230507.1400     0.2794     3.7700    89.6478    30.0
20230507.1500     0.2941     3.6261    98.8962    30.0
20230507.1600     0.3052     3.5548   106.9269    30.0
20230507.1700     0.3114     3.5287   110.9861    30.0
20230507.1800     0.3166     3.5257   114.0141    30.0
20230507.1900     0.3220     3.5264   117.9252    30.0
20230507.2000     0.3319     3.5015   127.2504    30.0
20230507.2100     0.3449     3.4660   136.3233    30.0
20230507.2200     0.3466     3.5055   150.6238    30.0
20230507.2300     0.3486     3.5615   156.5591    30.0
20230508.0000     0.3535     3.5932   163.3884    30.0
20230508.0100     0.3600     3.6115   169.0275    30.0
20230508.0200     0.3666     3.6290   172.4174    30.0
20230508.0300     0.3707     3.6644   176.4712    30.0
20230508.0400     0.3745     3.6921   179.6472    30.0
20230508.0500     0.3767     3.7256   183.1195    30.0
20230508.0600     0.3783     3.7532   185.9774    30.0
20230508.0700     0.3772     3.7920   188.8792    30.0
20230508.0800     0.3751     3.8313   191.0569    30.0
20230508.0900     0.3718     3.8690   192.0498    30.0
20230508.1000     0.3558     4.0138   190.6730    30.0
20230508.1100     0.3532     4.0255   188.4184    30.0
20230508.1200     0.3499     4.0340   183.5200    30.0
20230508.1300     0.3484     4.0043   174.4745    30.0
20230508.1400     0.3439     4.0062   163.2623    30.0
20230508.1500     0.3387     4.0102   151.3534    30.0
20230508.1600     0.3337     4.0091   139.8285    30.0
20230508.1700     0.3321     3.9522   132.9443    30.0
20230508.1800     0.3277     3.9427   125.0343    30.0
20230508.1900     0.3261     3.8945   120.7996    30.0
20230508.2000     0.3227     3.8762   116.9268    30.0
20230508.2100     0.3193     3.8592   115.3306    30.0
20230508.2200     0.3120     3.8566   112.1271    30.0
20230508.2300     0.3087     3.8523   110.2401    30.0
20230509.0000     0.3068     3.8352   109.1101    30.0
20230509.0100     0.3035     3.8386   107.9143    30.0
20230509.0200     0.2998     3.8563   106.6636    30.0
20230509.0300     0.2965     3.8725   105.5226    30.0
20230509.0400     0.2936     3.8866   104.5517    30.0
20230509.0500     0.2921     3.8809   103.4766    30.0
20230509.0600     0.2897     3.8877   102.5715    30.0
20230509.0700     0.2873     3.8967   101.7432    30.0
20230509.0800     0.2930     3.7992    99.8781    30.0
20230509.0900     0.3026     3.6781    98.7207    30.0
20230509.1000     0.2928     3.7473    96.6801    30.0
20230509.1100     0.3108     3.5757    98.5781    30.0
20230509.1200     0.3329     3.4247   100.1030    30.0
20230509.1300     0.3773     3.2334   100.8436    30.0
20230509.1400     0.4335     3.1363   100.2018    30.0
20230509.1500     0.4984     3.1178    99.4448    30.0
20230509.1600     0.5471     3.1599    98.7536    30.0
20230509.1700     0.5635     3.2205    98.1941    30.0
20230509.1800     0.5594     3.2733    97.7992    30.0
20230509.1900     0.5509     3.3223    97.3548    30.0
20230509.2000     0.5400     3.3762    96.7240    30.0
20230509.2100     0.5313     3.4248    95.8244    30.0
20230509.2200     0.5228     3.4708    94.7493    30.0
20230509.2300     0.5189     3.5225    93.7180    30.0
20230510.0000     0.5242     3.5478    92.8842    30.0
20230510.0100     0.5429     3.5459    92.1162    30.0
20230510.0200     0.5719     3.5463    91.5458    30.0
20230510.0300     0.6069     3.5670    90.8052    30.0
20230510.0400     0.6416     3.6133    89.9660    30.0
20230510.0500     0.6768     3.6732    89.1431    30.0
20230510.0600     0.7134     3.7405    88.5946    30.0
20230510.0700     0.7386     3.8251    88.3478    30.0
20230510.0800     0.7480     3.9258    87.8376    30.0
20230510.0900     0.7499     4.0254    87.2123    30.0
20230510.1000     0.7468     4.1195    86.7076    30.0
20230510.1100     0.7557     4.1629    86.6034    30.0
20230510.1200     0.7654     4.1966    86.4827    30.0
20230510.1300     0.7791     4.2083    86.9490    30.0
20230510.1400     0.8012     4.1939    88.1942    30.0
20230510.1500     0.8340     4.1661    90.0318    30.0
20230510.1600     0.8764     4.1503    91.6719    30.0
20230510.1700     0.9154     4.1661    93.2517    30.0
20230510.1800     0.9384     4.2124    94.8315    30.0
20230510.1900     0.9402     4.2793    95.8463    30.0
20230510.2000     0.9474     4.3149    96.5594    30.0
20230510.2100     0.9710     4.3138    98.1338    30.0
20230510.2200     1.0150     4.2863   101.4524    30.0
20230510.2300     1.0939     4.3273   102.8567    30.0
20230511.0000     1.1486     4.3644   103.4601    30.0
20230511.0100     1.1870     4.4214   103.0377    30.0
20230511.0200     1.1995     4.4755   102.1656    30.0
20230511.0300     1.1887     4.5131   101.2989    30.0
20230511.0400     1.1652     4.5298   100.5364    30.0
20230511.0500     1.1483     4.5240    99.8233    30.0
20230511.0600     1.1227     4.5120    99.1102    30.0
20230511.0700     1.0827     4.4963    98.6878    30.0
20230511.0800     1.0582     4.4568    98.3861    30.0
20230511.0900     1.0574     4.4083    98.5068    30.0
20230511.1000     1.0654     4.3752   100.3499    30.0
20230511.1100     1.0756     4.3669   102.4343    30.0
20230511.1200     1.0878     4.3765   104.2720    30.0
20230511.1300     1.0949     4.4039   104.8205    30.0
20230511.1400     1.1101     4.4313   104.3488    30.0
20230511.1500     1.1245     4.4620   103.4437    30.0
20230511.1600     1.1306     4.4931   102.6867    30.0
20230511.1700     1.1322     4.5157   102.1326    30.0
20230511.1800     1.1243     4.5321   101.5622    30.0
20230511.1900     1.1155     4.5355   100.7613    30.0
20230511.2000     1.1036     4.5343    99.8726    30.0
20230511.2100     1.0921     4.5277    99.1047    30.0
20230511.2200     1.0790     4.5171    98.3751    30.0
20230511.2300     1.0795     4.4934    97.6894    30.0
20230512.0000     1.0873     4.4745    97.2287    30.0
20230512.0100     1.0919     4.4692    96.9270    30.0
20230512.0200     1.0929     4.4717    96.8063    30.0
20230512.0300     1.0757     4.4889    96.8173    30.0
20230512.0400     1.0510     4.5047    96.8063    30.0
20230512.0500     1.0346     4.4978    96.6801    30.0
20230512.0600     1.0231     4.4812    96.4223    30.0
20230512.0700     1.0072     4.4715    96.0109    30.0
20230512.0800     0.9874     4.4662    95.5446    30.0
20230512.0900     0.9743     4.4491    95.3307    30.0
20230512.1000     0.9623     4.4349    94.9961    30.0
20230512.1100     0.9727     4.4710    94.5737    30.0
20230512.1200     0.9575     4.4781    93.9374    30.0
20230512.1300     0.9421     4.4913    93.2956    30.0
20230512.1400     0.9334     4.4943    92.7745    30.0
20230512.1500     0.9239     4.5067    92.2150    30.0
20230512.1600     0.9096     4.5369    91.6664    30.0
20230512.1700     0.8906     4.5807    91.1453    30.0
20230512.1800     0.8725     4.6201    90.7833    30.0
20230512.1900     0.8575     4.6442    90.5255    30.0
20230512.2000     0.8443     4.6604    90.3006    30.0
20230512.2100     0.8321     4.6686    90.3829    30.0
20230512.2200     0.8201     4.6711    90.6900    30.0
20230512.2300     0.8060     4.6848    90.8381    30.0
20230513.0000     0.7924     4.6924    90.9753    30.0
20230513.0100     0.7799     4.6940    91.1179    30.0
20230513.0200     0.7654     4.7049    91.1234    30.0
20230513.0300     0.7523     4.7089    91.0192    30.0
20230513.0400     0.7380     4.7219    90.7284    30.0
20230513.0500     0.7225     4.7428    90.3006    30.0
20230513.0600     0.7066     4.7710    89.7465    30.0
20230513.0700     0.6894     4.8114    89.1541    30.0
20230513.0800     0.6736     4.8451    88.5507    30.0
20230513.0900     0.6601     4.8640    88.0186    30.0
20230513.1000     0.6453     4.8978    87.7279    30.0
20230513.1100     0.6339     4.9108    87.4536    30.0
20230513.1200     0.6235     4.9148    87.4262    30.0
20230513.1300     0.6165     4.8919    88.0735    30.0
20230513.1400     0.6153     4.8248    89.6807    30.0
20230513.1500     0.6156     4.7503    91.6226    30.0
20230513.1600     0.6163     4.6790    93.8935    30.0
20230513.1700     0.6217     4.5877    97.4316    30.0
20230513.1800     0.6380     4.4562   103.5534    30.0
20230513.1900     0.6686     4.3016   112.1545    30.0
20230513.2000     0.7043     4.1820   120.5143    30.0
20230513.2100     0.7389     4.1062   127.2285    30.0
20230513.2200     0.7504     4.1068   130.7721    30.0
20230513.2300     0.8002     4.2074   133.2460    30.0
20230514.0000     0.7987     4.2327   134.1566    30.0
20230514.0100     0.7973     4.2475   134.7106    30.0
20230514.0200     0.8050     4.2407   135.1275    30.0
20230514.0300     0.8145     4.2345   134.7545    30.0
20230514.0400     0.8214     4.2335   133.6080    30.0
20230514.0500     0.8106     4.2710   131.9569    30.0
20230514.0600     0.7874     4.3336   129.8231    30.0
20230514.0700     0.7599     4.4083   127.2395    30.0
20230514.0800     0.7339     4.4787   124.2883    30.0
20230514.0900     0.7124     4.5321   121.1945    30.0
20230514.1000     0.6909     4.5912   117.9636    30.0
20230514.1100     0.6754     4.6246   114.8259    30.0
20230514.1200     0.6607     4.6562   111.8638    30.0
20230514.1300     0.6481     4.6756   109.1211    30.0
20230514.1400     0.6388     4.6737   106.8611    30.0
20230514.1500     0.6308     4.6596   105.4952    30.0
20230514.1600     0.6261     4.6254   105.5226    30.0
20230514.1700     0.6275     4.5595   107.3493    30.0
20230514.1800     0.6392     4.4532   111.1233    30.0
20230514.1900     0.6582     4.3358   115.8627    30.0
20230514.2000     0.6771     4.2351   120.0645    30.0
20230514.2100     0.6909     4.1567   122.7579    30.0
20230514.2200     0.6970     4.1026   124.2115    30.0
20230514.2300     0.6998     4.0584   124.8862    30.0
20230515.0000     0.6961     4.0312   124.5461    30.0
20230515.0100     0.6879     4.0127   123.5642    30.0
20230515.0200     0.6769     4.0016   122.1490    30.0
20230515.0300     0.6621     4.0028   120.3443    30.0
20230515.0400     0.6469     4.0056   118.3256    30.0
20230515.0500     0.6360     3.9897   116.4880    30.0
20230515.0600     0.6270     3.9703   114.8479    30.0
20230515.0700     0.6162     3.9612   113.2406    30.0
20230515.0800     0.6010     3.9711   111.4798    30.0
20230515.0900     0.5857     3.9797   109.7574    30.0
20230515.1000     0.5678     3.9942   107.9253    30.0
20230515.1100     0.6636     4.3531   106.1535    30.0
20230515.1200     0.6509     4.3888   104.0525    30.0
20230515.1300     0.6338     4.4036   102.3740    30.0
20230515.1400     0.6138     4.4053   101.0026    30.0
20230515.1500     0.5933     4.3886    99.9056    30.0
20230515.1600     0.5738     4.3529    99.4338    30.0
20230515.1700     0.5571     4.2950    99.7739    30.0
20230515.1800     0.5442     4.2106   100.7339    30.0
20230515.1900     0.5345     4.1130   102.1820    30.0
20230515.2000     0.5256     4.0238   103.6795    30.0
20230515.2100     0.5171     3.9422   105.0125    30.0
20230515.2200     0.4997     3.9141   105.5336    30.0
20230515.2300     0.4901     3.8501   106.1315    30.0
20230516.0000     0.4799     3.8015   106.2028    30.0
20230516.0100     0.4674     3.7759   105.5226    30.0
20230516.0200     0.4546     3.7602   104.4859    30.0
20230516.0300     0.4437     3.7411   103.2681    30.0
20230516.0400     0.4361     3.7088   102.0888    30.0
20230516.0500     0.4337     3.6532   101.0356    30.0
20230516.0600     0.4370     3.5810   100.1030    30.0
20230516.0700     0.4442     3.5091    99.4064    30.0
20230516.0800     0.4510     3.4606    98.7481    30.0
20230516.0900     0.4535     3.4420    98.0021    30.0
20230516.1000     0.4442     3.4630    96.6692    30.0
20230516.1100     0.4397     3.4632    95.4404    30.0
20230516.1200     0.4364     3.4556    94.3378    30.0
20230516.1300     0.4306     3.4608    93.4218    30.0
20230516.1400     0.4211     3.4832    92.7251    30.0
20230516.1500     0.4125     3.4957    92.2424    30.0
20230516.1600     0.4054     3.4988    92.1876    30.0
20230516.1700     0.4011     3.4844    92.5825    30.0
20230516.1800     0.3984     3.4614    93.1694    30.0
20230516.1900     0.3952     3.4454    93.7235    30.0
20230516.2000     0.3905     3.4398    94.1239    30.0
20230516.2100     0.3882     3.4182    94.7931    30.0
20230516.2200     0.3841     3.4001    96.1700    30.0
20230516.2300     0.3869     3.3589    97.5852    30.0
20230517.0000     0.4044     3.2742    99.8288    30.0
20230517.0100     0.4267     3.2154   101.2605    30.0
20230517.0200     0.4527     3.1837   102.5111    30.0
20230517.0300     0.4743     3.1838   103.5534    30.0
20230517.0400     0.4913     3.1985   104.5023    30.0
20230517.0500     0.5023     3.2245   105.0125    30.0
20230517.0600     0.5028     3.2638   104.7163    30.0
20230517.0700     0.4969     3.3037   104.1239    30.0
20230517.0800     0.4892     3.3359   103.2626    30.0
20230517.0900     0.4816     3.3622   102.1601    30.0
20230517.1000     0.4721     3.3852   100.5583    30.0
20230517.1100     0.4708     3.3806    98.6658    30.0
20230517.1200     0.4730     3.3661    96.6088    30.0
20230517.1300     0.4779     3.3488    94.6889    30.0
20230517.1400     0.4874     3.3296    92.7855    30.0
20230517.1500     0.4967     3.3267    91.3209    30.0
20230517.1600     0.4927     3.3608    90.6352    30.0
20230517.1700     0.4814     3.4074    90.3115    30.0
20230517.1800     0.4681     3.4561    90.3390    30.0
20230517.1900     0.4556     3.4983    90.3554    30.0
20230517.2000     0.4455     3.5235    90.4926    30.0
20230517.2100     0.4407     3.5197    91.4854    30.0
20230517.2200     0.4381     3.4957    92.9720    30.0
20230517.2300     0.4378     3.4720    94.0800    30.0
20230518.0000     0.4366     3.4566    95.0071    30.0
20230518.0100     0.4375     3.4349    95.8463    30.0
20230518.0200     0.4417     3.4031    96.6637    30.0
20230518.0300     0.4385     3.4130    96.5210    30.0
20230518.0400     0.4282     3.4514    95.8025    30.0
20230518.0500     0.4167     3.4956    95.0674    30.0
20230518.0600     0.4052     3.5421    94.3324    30.0
20230518.0700     0.3948     3.5815    93.6686    30.0
20230518.0800     0.3872     3.6014    93.1530    30.0
20230518.0900     0.3807     3.6170    92.8129    30.0
20230518.1000     0.3692     3.6642    92.0120    30.0
20230518.1100     0.4031     3.8315    91.5732    30.0
20230518.1200     0.3935     3.8152    91.2002    30.0
20230518.1300     0.3883     3.7742    90.9588    30.0
20230518.1400     0.3897     3.6938    90.9972    30.0
20230518.1500     0.3992     3.5786    91.1069    30.0
20230518.1600     0.4049     3.5121    90.7010    30.0
20230518.1700     0.3997     3.5223    90.3390    30.0
20230518.1800     0.3907     3.5538    90.1579    30.0
20230518.1900     0.3840     3.5657    90.2512    30.0
20230518.2000     0.3834     3.5365    91.3702    30.0
20230518.2100     0.3866     3.4894    92.8458    30.0
20230518.2200     0.3871     3.4602    94.1788    30.0
20230518.2300     0.3936     3.4101    95.3910    30.0
20230519.0000     0.3975     3.3844    95.8793    30.0
20230519.0100     0.4000     3.3684    95.9122    30.0
20230519.0200     0.4032     3.3509    95.9615    30.0
20230519.0300     0.4041     3.3464    95.8738    30.0
20230519.0400     0.4051     3.3397    95.9944    30.0
20230519.0500     0.4074     3.3272    96.3126    30.0
20230519.0600     0.4086     3.3228    96.2193    30.0
20230519.0700     0.4090     3.3237    95.7366    30.0
20230519.0800     0.4125     3.3091    95.2923    30.0
20230519.0900     0.4218     3.2786    95.1332    30.0
20230519.1000     0.4109     3.3305    93.1146    30.0
20230519.1100     0.4023     3.3710    92.1985    30.0
20230519.1200     0.3976     3.3862    91.3757    30.0
20230519.1300     0.3960     3.3873    90.6023    30.0
20230519.1400     0.3996     3.3618    90.1360    30.0
20230519.1500     0.4082     3.3228    89.9166    30.0
20230519.1600     0.4198     3.2874    90.0373    30.0
20230519.1700     0.4358     3.2561    90.4377    30.0
20230519.1800     0.4485     3.2496    90.8546    30.0
20230519.1900     0.4585     3.2535    90.8107    30.0
20230519.2000     0.4670     3.2632    90.4651    30.0
20230519.2100     0.4672     3.2949    89.8288    30.0
20230519.2200     0.4641     3.3229    89.1706    30.0
20230519.2300     0.5699     3.6517    88.5836    30.0
20230520.0000     0.5772     3.6872    88.3752    30.0
20230520.0100     0.5868     3.7034    88.7098    30.0
20230520.0200     0.6050     3.6899    89.8179    30.0
20230520.0300     0.6244     3.6782    91.2495    30.0
20230520.0400     0.6359     3.6857    92.4893    30.0
20230520.0500     0.6357     3.7118    93.0543    30.0
20230520.0600     0.6274     3.7445    93.1146    30.0
20230520.0700     0.6180     3.7665    93.0488    30.0
20230520.0800     0.6091     3.7781    92.8787    30.0
20230520.0900     0.5976     3.7918    92.7196    30.0
20230520.1000     0.5768     3.8364    92.2589    30.0
20230520.1100     0.5623     3.8491    91.8145    30.0
20230520.1200     0.5527     3.8397    91.6226    30.0
20230520.1300     0.5436     3.8283    91.4690    30.0
20230520.1400     0.5329     3.8294    91.1069    30.0
20230520.1500     0.5227     3.8295    90.5145    30.0
20230520.1600     0.5127     3.8319    89.9221    30.0
20230520.1700     0.5004     3.8509    89.4394    30.0
20230520.1800     0.4874     3.8783    88.9731    30.0
20230520.1900     0.4743     3.9122    88.4191    30.0
20230520.2000     0.4632     3.9350    87.9309    30.0
20230520.2100     0.4580     3.9171    88.1777    30.0
20230520.2200     0.4680     3.8059    90.4377    30.0
20230520.2300     0.4841     3.6850    92.7032    30.0
20230521.0000     0.5054     3.5859    94.5298    30.0
20230521.0100     0.5303     3.5229    95.3636    30.0
20230521.0200     0.5482     3.5033    95.5172    30.0
20230521.0300     0.5622     3.5008    95.4130    30.0
20230521.0400     0.5723     3.5127    95.0510    30.0
20230521.0500     0.5755     3.5419    94.2336    30.0
20230521.0600     0.5735     3.5813    93.5699    30.0
20230521.0700     0.5660     3.6339    93.0104    30.0
20230521.0800     0.5580     3.6841    92.4838    30.0
20230521.0900     0.5559     3.7113    92.1272    30.0
20230521.1000     0.5599     3.7180    91.8145    30.0
20230521.1100     0.5785     3.7800    91.1179    30.0
20230521.1200     0.5764     3.8175    90.2622    30.0
20230521.1300     0.5707     3.8675    89.4394    30.0
20230521.1400     0.5652     3.9121    88.7317    30.0
20230521.1500     0.5638     3.9325    88.2984    30.0
20230521.1600     0.5623     3.9521    88.0735    30.0
20230521.1700     0.5578     3.9803    88.0351    30.0
20230521.1800     0.5538     4.0010    88.3752    30.0
20230521.1900     0.5509     4.0093    89.0718    30.0
20230521.2000     0.5493     4.0051    89.9934    30.0
20230521.2100     0.5488     3.9954    91.1234    30.0
20230521.2200     0.5409     4.0227    91.5293    30.0
20230521.2300     0.5408     4.0056    92.2973    30.0
20230522.0000     0.5474     3.9567    93.5589    30.0
20230522.0100     0.5540     3.9182    94.3762    30.0
20230522.0200     0.5613     3.8845    95.0126    30.0
20230522.0300     0.5680     3.8625    95.2923    30.0
20230522.0400     0.5741     3.8473    95.3472    30.0
20230522.0500     0.5818     3.8308    95.2265    30.0
20230522.0600     0.5913     3.8156    95.0235    30.0
20230522.0700     0.6027     3.8008    94.8206    30.0
20230522.0800     0.6088     3.8095    94.2775    30.0
20230522.0900     0.6123     3.8265    93.6083    30.0
20230522.1000     0.5963     3.9129    92.2369    30.0
20230522.1100     0.5869     3.9675    91.2386    30.0
20230522.1200     0.5816     4.0020    90.3829    30.0
20230522.1300     0.5774     4.0331    89.6368    30.0
20230522.1400     0.5740     4.0628    88.8744    30.0
20230522.1500     0.5693     4.1026    88.0186    30.0
20230522.1600     0.5638     4.1474    87.2671    30.0
20230522.1700     0.5579     4.1973    86.7405    30.0
20230522.1800     0.5529     4.2351    86.4937    30.0
20230522.1900     0.5494     4.2600    86.4827    30.0
20230522.2000     0.5456     4.2807    86.5156    30.0
20230522.2100     0.5418     4.2983    86.5650    30.0
20230522.2200     0.5400     4.2849    87.4262    30.0
20230522.2300     0.6561     4.6500    88.8524    30.0
20230523.0000     0.6433     4.5809    89.2912    30.0
20230523.0100     0.6308     4.5216    89.6588    30.0
20230523.0200     0.6185     4.4703    89.9056    30.0
20230523.0300     0.6063     4.4287    90.0702    30.0
20230523.0400     0.5921     4.4073    90.0428    30.0
20230523.0500     0.5778     4.3926    89.9550    30.0
20230523.0600     0.5621     4.3959    89.6313    30.0
20230523.0700     0.5492     4.3826    89.4887    30.0
20230523.0800     0.5388     4.3602    89.5052    30.0
20230523.0900     0.5311     4.3239    89.6204    30.0
20230523.1000     0.5221     4.3010    89.4887    30.0
20230523.1100     0.5173     4.2577    89.3242    30.0
20230523.1200     0.5136     4.2152    89.2529    30.0
20230523.1300     0.5129     4.1595    89.2474    30.0
20230523.1400     0.5136     4.1049    89.3187    30.0
20230523.1500     0.5125     4.0706    89.2858    30.0
20230523.1600     0.5126     4.0354    89.4010    30.0
20230523.1700     0.5131     4.0026    89.8288    30.0
20230523.1800     0.5165     3.9587    90.9753    30.0
20230523.1900     0.5211     3.9136    92.4893    30.0
20230523.2000     0.5239     3.8839    93.5973    30.0
20230523.2100     0.5291     3.8467    94.6176    30.0
20230523.2200     0.5335     3.8151    95.3526    30.0
20230523.2300     0.5470     3.7591    96.3565    30.0
20230524.0000     0.5590     3.7244    96.6143    30.0
20230524.0100     0.5717     3.6967    96.1809    30.0
20230524.0200     0.5849     3.6763    95.5227    30.0
20230524.0300     0.5909     3.6795    94.5847    30.0
20230524.0400     0.5887     3.6997    93.5973    30.0
20230524.0500     0.5840     3.7202    92.9391    30.0
20230524.0600     0.5797     3.7340    92.6319    30.0
20230524.0700     0.5781     3.7364    92.6648    30.0
20230524.0800     0.5783     3.7337    92.8458    30.0
20230524.0900     0.5818     3.7233    93.1969    30.0
20230524.1000     0.5700     3.7618    92.8019    30.0
20230524.1100     0.5671     3.7628    92.6593    30.0
20230524.1200     0.5701     3.7445    92.5661    30.0
20230524.1300     0.5743     3.7305    92.5661    30.0
20230524.1400     0.5749     3.7323    92.7964    30.0
20230524.1500     0.5725     3.7434    93.0433    30.0
20230524.1600     0.5686     3.7575    93.2682    30.0
20230524.1700     0.5619     3.7788    93.4711    30.0
20230524.1800     0.5583     3.7834    94.0032    30.0
20230524.1900     0.5582     3.7726    94.8206    30.0
20230524.2000     0.5624     3.7482    95.9670    30.0
20230524.2100     0.5738     3.7066    97.8321    30.0
20230524.2200     0.5919     3.6617    99.5764    30.0
20230524.2300     0.6043     3.6530   100.3718    30.0
20230525.0000     0.6076     3.6684   100.7119    30.0
20230525.0100     0.6106     3.6800   101.1233    30.0
20230525.0200     0.6195     3.6774   101.8913    30.0
20230525.0300     0.6272     3.6860   102.4014    30.0
20230525.0400     0.6305     3.7099   102.4618    30.0
20230525.0500     0.6312     3.7388   102.2423    30.0
20230525.0600     0.6330     3.7619   101.9407    30.0
20230525.0700     0.6315     3.7953   100.7887    30.0
20230525.0800     0.6309     3.8258    99.1211    30.0
20230525.0900     0.6325     3.8524    97.7004    30.0
20230525.1000     0.6238     3.9156    96.0328    30.0
20230525.1100     0.6205     3.9687    94.3488    30.0
20230525.1200     0.6165     4.0281    92.8623    30.0
20230525.1300     0.6149     4.0733    91.5019    30.0
20230525.1400     0.6249     4.0647    90.2128    30.0
20230525.1500     0.6405     4.0394    89.2529    30.0
20230525.1600     0.6530     4.0325    88.7482    30.0
20230525.1700     0.6665     4.0233    88.7646    30.0
20230525.1800     0.6778     4.0210    89.6039    30.0
20230525.1900     0.6832     4.0374    90.5200    30.0
20230525.2000     0.6891     4.0484    91.4415    30.0
20230525.2100     0.6958     4.0549    92.4728    30.0
20230525.2200     0.6991     4.0689    93.2737    30.0
20230525.2300     0.7331     4.1339    94.1623    30.0
20230526.0000     0.7404     4.1274    94.7218    30.0
20230526.0100     0.7508     4.1143    95.4130    30.0
20230526.0200     0.7649     4.0963    96.3236    30.0
20230526.0300     0.7748     4.0977    97.0038    30.0
20230526.0400     0.7803     4.1094    97.5797    30.0
20230526.0500     0.7792     4.1376    97.4700    30.0
20230526.0600     0.7715     4.1786    96.6856    30.0
20230526.0700     0.7597     4.2241    95.5611    30.0
20230526.0800     0.7493     4.2582    94.4695    30.0
20230526.0900     0.7426     4.2740    93.5863    30.0
20230526.1000     0.7270     4.3221    92.0175    30.0
20230526.1100     0.7187     4.3364    90.5255    30.0
20230526.1200     0.7139     4.3344    89.1651    30.0
20230526.1300     0.7124     4.3187    87.8541    30.0
20230526.1400     0.7141     4.2925    86.8064    30.0
20230526.1500     0.7217     4.2493    86.0219    30.0
20230526.1600     0.7295     4.2158    85.5886    30.0
20230526.1700     0.7325     4.2035    85.6489    30.0
20230526.1800     0.7277     4.2167    85.8793    30.0
20230526.1900     0.7189     4.2368    86.1975    30.0
20230526.2000     0.7125     4.2412    86.8996    30.0
20230526.2100     0.7065     4.2415    87.7718    30.0
20230526.2200     0.6984     4.2471    88.3423    30.0
20230526.2300     0.6968     4.2260    89.2474    30.0
20230527.0000     0.7035     4.2040    90.3115    30.0
20230527.0100     0.7263     4.1446    92.5277    30.0
20230527.0200     0.7497     4.1219    94.2172    30.0
20230527.0300     0.7579     4.1611    94.2720    30.0
20230527.0400     0.7608     4.2113    93.9045    30.0
20230527.0500     0.7615     4.2630    93.5150    30.0
20230527.0600     0.7569     4.3282    92.9116    30.0
20230527.0700     0.7505     4.3940    92.3028    30.0
20230527.0800     0.7478     4.4399    91.9188    30.0
20230527.0900     0.7445     4.4875    91.5403    30.0
20230527.1000     0.7348     4.5610    90.7339    30.0
20230527.1100     0.7282     4.6222    89.9605    30.0
20230527.1200     0.7202     4.6912    89.3296    30.0
20230527.1300     0.7142     4.7479    88.8305    30.0
20230527.1400     0.7078     4.8034    88.4136    30.0
20230527.1500     0.6995     4.8704    88.0735    30.0
20230527.1600     0.6911     4.9343    87.9089    30.0
20230527.1700     0.6854     4.9702    88.1503    30.0
20230527.1800     0.6847     4.9604    89.1267    30.0
20230527.1900     0.6912     4.8921    91.2825    30.0
20230527.2000     0.7011     4.8045    94.0800    30.0
20230527.2100     0.7073     4.7404    96.4552    30.0
20230527.2200     0.6984     4.7541    96.8173    30.0
20230527.2300     0.6895     4.7547    96.8831    30.0
20230528.0000     0.6815     4.7395    97.0038    30.0
20230528.0100     0.6739     4.7162    97.0422    30.0
20230528.0200     0.6668     4.6863    96.8831    30.0
20230528.0300     0.6610     4.6442    96.6088    30.0
20230528.0400     0.6553     4.6063    96.3400    30.0
20230528.0500     0.6490     4.5753    96.0987    30.0
20230528.0600     0.6421     4.5512    95.7915    30.0
20230528.0700     0.6367     4.5191    95.3581    30.0
20230528.0800     0.6356     4.4618    95.0345    30.0
20230528.0900     0.6371     4.3983    94.8151    30.0
20230528.1000     0.6345     4.3608    94.5627    30.0
20230528.1100     0.6602     4.4303    94.3378    30.0
20230528.1200     0.6503     4.4802    93.6083    30.0
20230528.1300     0.6410     4.5333    92.7251    30.0
20230528.1400     0.6336     4.5817    91.8091    30.0
20230528.1500     0.6273     4.6319    90.9369    30.0
20230528.1600     0.6206     4.6905    90.1579    30.0
20230528.1700     0.6147     4.7478    89.5381    30.0
20230528.1800     0.6107     4.7877    89.1377    30.0
20230528.1900     0.6093     4.8009    89.1870    30.0
20230528.2000     0.6108     4.7897    89.6862    30.0
20230528.2100     0.6138     4.7589    90.5803    30.0
20230528.2200     0.6181     4.7091    91.9407    30.0
20230528.2300     0.6213     4.6696    92.8294    30.0
20230529.0000     0.6224     4.6356    93.4327    30.0
20230529.0100     0.6250     4.5871    93.9264    30.0
20230529.0200     0.6319     4.5074    94.4421    30.0
20230529.0300     0.6396     4.4297    94.8096    30.0
20230529.0400     0.6467     4.3646    95.1552    30.0
20230529.0500     0.6528     4.3130    95.4240    30.0
20230529.0600     0.6563     4.2781    95.5172    30.0
20230529.0700     0.6591     4.2503    95.4240    30.0
20230529.0800     0.6594     4.2375    95.1387    30.0
20230529.0900     0.6584     4.2311    94.8919    30.0
20230529.1000     0.6662     4.1862    94.8754    30.0
20230529.1100     0.6729     4.1584    94.4640    30.0
20230529.1200     0.6714     4.1644    93.3505    30.0
20230529.1300     0.6657     4.1838    92.1382    30.0
20230529.1400     0.6545     4.2224    91.0027    30.0
20230529.1500     0.6423     4.2635    89.9166    30.0
20230529.1600     0.6314     4.2942    88.9457    30.0
20230529.1700     0.6226     4.3156    88.1832    30.0
20230529.1800     0.6140     4.3361    87.6840    30.0
20230529.1900     0.6050     4.3643    87.4097    30.0
20230529.2000     0.5969     4.3848    87.3659    30.0
20230529.2100     0.5935     4.3737    87.7663    30.0
20230529.2200     0.6051     4.2686    89.5655    30.0
20230529.2300     0.6214     4.1709    91.3318    30.0
20230530.0000     0.6375     4.0970    93.0872    30.0
20230530.0100     0.6550     4.0379    94.8864    30.0
20230530.0200     0.6664     4.0132    96.0767    30.0
20230530.0300     0.6727     4.0098    96.8227    30.0
20230530.0400     0.6725     4.0249    97.1519    30.0
20230530.0500     0.6710     4.0387    97.3493    30.0
20230530.0600     0.6709     4.0451    97.4591    30.0
20230530.0700     0.6754     4.0364    97.4865    30.0
20230530.0800     0.6827     4.0245    97.2616    30.0
20230530.0900     0.6932     4.0096    96.8886    30.0
20230530.1000     0.7064     3.9956    95.8683    30.0
20230530.1100     0.7209     3.9920    94.6011    30.0
20230530.1200     0.7205     4.0271    93.3505    30.0
20230530.1300     0.7104     4.0769    92.1711    30.0
20230530.1400     0.6986     4.1235    91.2057    30.0
20230530.1500     0.6853     4.1716    90.4706    30.0
20230530.1600     0.6700     4.2299    89.9330    30.0
20230530.1700     0.6528     4.3007    89.6588    30.0
20230530.1800     0.6377     4.3632    89.6917    30.0
20230530.1900     0.6274     4.3961    90.0647    30.0
20230530.2000     0.6238     4.3836    91.1782    30.0
20230530.2100     0.6321     4.3005    93.9319    30.0
20230530.2200     0.6522     4.1761    98.1722    30.0
20230530.2300     0.6784     4.0639   102.0558    30.0
20230531.0000     0.6916     4.0244   103.9648    30.0
20230531.0100     0.6930     4.0227   104.5023    30.0
20230531.0200     0.6901     4.0272   104.5846    30.0
20230531.0300     0.6864     4.0285   104.6175    30.0
20230531.0400     0.6794     4.0418   104.3104    30.0
20230531.0500     0.6679     4.0694   103.4162    30.0
20230531.0600     0.6592     4.0872   102.5111    30.0
20230531.0700     0.6523     4.0984   101.6390    30.0
20230531.0800     0.6448     4.1143   100.6735    30.0
20230531.0900     0.6375     4.1324    99.6916    30.0
20230531.1000     0.6275     4.1619    98.4025    30.0
20230531.1100     0.6930     4.4316    97.1135    30.0
20230531.1200     0.6886     4.4761    95.6653    30.0
20230531.1300     0.6884     4.4916    94.2446    30.0
20230531.1400     0.6891     4.4932    93.1256    30.0
20230531.1500     0.6931     4.4673    92.4179    30.0
20230531.1600     0.7015     4.4128    92.2918    30.0
20230531.1700     0.7128     4.3453    92.7910    30.0
20230531.1800     0.7188     4.2989    93.7235    30.0
20230531.1900     0.7246     4.2493    95.2210    30.0
20230531.2000     0.7314     4.1988    96.9599    30.0
20230531.2100     0.7379     4.1571    98.5068    30.0
20230531.2200     0.7338     4.1495    99.3460    30.0
20230531.2300     0.7376     4.1181   100.4815    30.0
20230601.0000     0.7479     4.0817   101.5238    30.0
20230601.0100     0.7680     4.0431   102.2423    30.0
20230601.0200     0.8015     4.0100   102.7909    30.0
20230601.0300     0.8343     4.0129   102.8787    30.0
20230601.0400     0.8498     4.0545   102.2753    30.0
20230601.0500     0.8453     4.1161   100.9862    30.0
20230601.0600     0.8373     4.1639    99.6861    30.0
20230601.0700     0.8302     4.1943    98.6439    30.0
20230601.0800     0.8244     4.2131    97.6840    30.0
20230601.0900     0.8189     4.2262    96.6637    30.0
20230601.1000     0.7946     4.2885    95.0126    30.0
20230601.1100     0.7717     4.3424    93.4711    30.0
20230601.1200     0.7521     4.3824    92.0449    30.0
20230601.1300     0.7344     4.4151    90.7010    30.0
20230601.1400     0.7215     4.4250    89.5820    30.0
20230601.1500     0.7104     4.4271    88.7756    30.0
20230601.1600     0.6988     4.4323    88.3423    30.0
20230601.1700     0.6892     4.4272    88.3587    30.0
20230601.1800     0.6834     4.3996    88.8744    30.0
20230601.1900     0.6837     4.3439    89.9934    30.0
20230601.2000     0.6936     4.2547    92.0998    30.0
20230601.2100     0.7127     4.1500    94.8974    30.0
20230601.2200     0.7228     4.0990    95.9780    30.0
20230601.2300     0.7596     4.1416    96.6362    30.0
20230602.0000     0.7668     4.1297    96.9983    30.0
20230602.0100     0.7755     4.1191    97.2342    30.0
20230602.0200     0.7902     4.1009    97.7717    30.0
20230602.0300     0.8037     4.0932    98.4025    30.0
20230602.0400     0.8146     4.0946    99.0773    30.0
20230602.0500     0.8250     4.1014    99.4667    30.0
20230602.0600     0.8300     4.1234    99.0059    30.0
20230602.0700     0.8249     4.1629    97.7333    30.0
20230602.0800     0.8131     4.2073    95.9341    30.0
20230602.0900     0.7964     4.2542    94.0416    30.0
20230602.1000     0.7806     4.2888    92.0504    30.0
20230602.1100     0.7696     4.3049    90.1525    30.0
20230602.1200     0.7607     4.3131    88.3916    30.0
20230602.1300     0.7534     4.3177    86.9380    30.0
20230602.1400     0.7478     4.3216    85.7202    30.0
20230602.1500     0.7433     4.3268    84.7658    30.0
20230602.1600     0.7376     4.3459    84.0143    30.0
20230602.1700     0.7305     4.3761    83.4109    30.0
20230602.1800     0.7260     4.3988    83.1695    30.0
20230602.1900     0.7244     4.4111    83.3834    30.0
20230602.2000     0.7255     4.4110    84.1020    30.0
20230602.2100     0.7312     4.3917    85.5118    30.0
20230602.2200     0.7413     4.3507    87.6566    30.0
20230602.2300     0.7530     4.3161    89.6094    30.0
20230603.0000     0.7631     4.2956    90.9972    30.0
20230603.0100     0.7672     4.3005    91.3428    30.0
20230603.0200     0.7656     4.3200    91.0466    30.0
20230603.0300     0.7637     4.3330    90.7997    30.0
20230603.0400     0.7661     4.3268    90.9424    30.0
20230603.0500     0.7679     4.3238    91.0630    30.0
20230603.0600     0.7638     4.3413    90.7120    30.0
20230603.0700     0.7541     4.3774    89.9385    30.0
20230603.0800     0.7415     4.4205    88.9073    30.0
20230603.0900     0.7279     4.4626    87.8321    30.0
20230603.1000     0.7091     4.5272    86.6802    30.0
20230603.1100     0.8409     5.0280    85.7367    30.0
20230603.1200     0.8140     5.0447    84.8261    30.0
20230603.1300     0.7905     5.0455    83.9923    30.0
20230603.1400     0.7701     5.0377    83.2957    30.0
20230603.1500     0.7494     5.0393    82.8349    30.0
20230603.1600     0.7323     5.0233    82.6978    30.0
20230603.1700     0.7188     4.9849    82.9172    30.0
20230603.1800     0.7076     4.9346    83.3450    30.0
20230603.1900     0.6973     4.8835    83.9046    30.0
20230603.2000     0.6863     4.8417    84.4696    30.0
20230603.2100     0.6751     4.8054    85.0126    30.0
20230603.2200     0.6671     4.7462    86.3840    30.0
20230603.2300     0.6677     4.6404    88.4575    30.0
20230604.0000     0.6630     4.5794    89.6917    30.0
20230604.0100     0.6560     4.5347    90.5584    30.0
20230604.0200     0.6507     4.4804    91.7213    30.0
20230604.0300     0.6442     4.4370    92.6264    30.0
20230604.0400     0.6319     4.4305    92.6428    30.0
20230604.0500     0.6157     4.4492    92.0449    30.0
20230604.0600     0.5995     4.4750    91.2276    30.0
20230604.0700     0.5835     4.5072    90.3499    30.0
20230604.0800     0.5697     4.5321    89.5271    30.0
20230604.0900     0.5582     4.5476    88.7756    30.0
20230604.1000     0.5462     4.5717    87.7279    30.0
20230604.1100     0.5375     4.5837    87.1080    30.0
20230604.1200     0.5307     4.5862    86.5321    30.0
20230604.1300     0.5246     4.5887    86.0494    30.0
20230604.1400     0.5190     4.5879    85.5557    30.0
20230604.1500     0.5124     4.5988    85.0730    30.0
20230604.1600     0.5064     4.6064    84.6561    30.0
20230604.1700     0.5009     4.6063    84.3269    30.0
20230604.1800     0.4954     4.6051    84.0801    30.0
20230604.1900     0.4910     4.5909    84.0746    30.0
20230604.2000     0.4875     4.5651    84.3598    30.0
20230604.2100     0.4852     4.5234    84.9578    30.0
20230604.2200     0.4781     4.5248    85.3308    30.0
20230604.2300     0.5108     4.6385    86.0713    30.0
20230605.0000     0.5088     4.6466    86.0110    30.0
20230605.0100     0.5085     4.6270    86.3181    30.0
20230605.0200     0.5085     4.5927    86.6966    30.0
20230605.0300     0.5085     4.5465    87.2781    30.0
20230605.0400     0.5103     4.4742    88.3094    30.0
20230605.0500     0.5152     4.3715    89.8617    30.0
20230605.0600     0.5208     4.2674    91.3318    30.0
20230605.0700     0.5216     4.2033    92.0230    30.0
20230605.0800     0.5139     4.1959    91.6390    30.0
20230605.0900     0.5027     4.2024    90.8656    30.0
20230605.1000     0.4906     4.2075    89.4394    30.0
20230605.1100     0.4852     4.1659    88.1996    30.0
20230605.1200     0.4833     4.1038    86.8996    30.0
20230605.1300     0.4864     4.0157    85.5831    30.0
20230605.1400     0.4913     3.9349    84.5299    30.0
20230605.1500     0.4939     3.8893    83.9704    30.0
20230605.1600     0.4910     3.8851    84.0143    30.0
20230605.1700     0.4918     3.8652    84.8097    30.0
20230605.1800     0.4957     3.8376    86.0603    30.0
20230605.1900     0.5017     3.8079    87.5249    30.0
20230605.2000     0.5110     3.7723    89.2693    30.0
20230605.2100     0.5205     3.7497    90.8381    30.0
20230605.2200     0.5214     3.7754    90.9314    30.0
20230605.2300     0.5253     3.7904    90.6955    30.0
20230606.0000     0.5336     3.7859    90.5858    30.0
20230606.0100     0.5493     3.7593    90.4761    30.0
20230606.0200     0.5728     3.7231    90.4158    30.0
20230606.0300     0.5913     3.7220    90.3170    30.0
20230606.0400     0.5971     3.7548    90.1031    30.0
20230606.0500     0.5932     3.8068    89.7575    30.0
20230606.0600     0.5799     3.8846    88.7756    30.0
20230606.0700     0.5651     3.9628    87.5524    30.0
20230606.0800     0.5526     4.0275    86.4992    30.0
20230606.0900     0.5417     4.0790    85.6050    30.0
20230606.1000     0.5335     4.1042    84.3050    30.0
20230606.1100     0.5465     4.1897    83.5315    30.0
20230606.1200     0.5365     4.2200    82.9611    30.0
20230606.1300     0.5281     4.2367    82.7032    30.0
20230606.1400     0.5242     4.2212    82.8898    30.0
20230606.1500     0.5239     4.1835    83.8771    30.0
20230606.1600     0.5247     4.1405    85.2814    30.0
20230606.1700     0.5220     4.1227    86.2139    30.0
20230606.1800     0.5166     4.1279    86.4443    30.0
20230606.1900     0.5136     4.1164    86.8009    30.0
20230606.2000     0.5153     4.0777    87.6456    30.0
20230606.2100     0.5195     4.0331    88.6549    30.0
20230606.2200     0.5158     4.0516    88.3807    30.0
20230606.2300     0.5353     3.9422    88.9566    30.0
20230607.0000     0.5724     3.8045    90.3225    30.0
20230607.0100     0.6036     3.7478    91.3977    30.0
20230607.0200     0.6261     3.7382    92.4618    30.0
20230607.0300     0.6453     3.7469    93.4547    30.0
20230607.0400     0.6616     3.7728    94.1568    30.0
20230607.0500     0.6673     3.8281    94.0307    30.0
20230607.0600     0.6678     3.8945    93.3998    30.0
20230607.0700     0.6703     3.9494    92.4728    30.0
20230607.0800     0.6802     3.9793    91.5074    30.0
20230607.0900     0.6932     4.0025    90.7284    30.0
20230607.1000     0.7206     3.9927    89.8617    30.0
20230607.1100     0.7624     3.9839    89.2529    30.0
20230607.1200     0.7982     4.0094    88.2929    30.0
20230607.1300     0.8419     4.0416    87.3220    30.0
20230607.1400     0.8783     4.0901    87.0038    30.0
20230607.1500     0.9044     4.1423    87.3659    30.0
20230607.1600     0.9335     4.1851    88.1229    30.0
20230607.1700     0.9715     4.2204    89.0389    30.0
20230607.1800     1.0123     4.2596    90.2896    30.0
20230607.1900     1.0461     4.3056    91.7871    30.0
20230607.2000     1.0660     4.3591    93.1091    30.0
20230607.2100     1.0705     4.4179    93.9594    30.0
20230607.2200     1.0798     4.4651    93.8442    30.0
20230607.2300     1.2886     4.8724    93.5095    30.0
20230608.0000     1.2669     4.9109    92.7251    30.0
20230608.0100     1.2536     4.9319    92.1930    30.0
20230608.0200     1.2412     4.9436    91.7652    30.0
20230608.0300     1.2182     4.9587    91.2550    30.0
20230608.0400     1.1839     4.9878    90.4432    30.0
20230608.0500     1.1480     5.0143    89.4832    30.0
20230608.0600     1.1145     5.0303    88.4794    30.0
20230608.0700     1.0857     5.0280    87.5798    30.0
20230608.0800     1.0580     5.0199    86.7680    30.0
20230608.0900     1.0310     5.0087    85.9890    30.0
20230608.1000     0.9994     5.0122    85.1443    30.0
20230608.1100     0.9706     5.0072    84.5628    30.0
20230608.1200     0.9438     4.9932    84.0527    30.0
20230608.1300     0.9200     4.9680    83.6358    30.0
20230608.1400     0.9005     4.9245    83.4548    30.0
20230608.1500     0.8825     4.8780    83.3615    30.0
20230608.1600     0.8658     4.8296    83.3396    30.0
20230608.1700     0.8504     4.7790    83.4877    30.0
20230608.1800     0.8343     4.7368    83.8936    30.0
20230608.1900     0.8192     4.6915    84.6835    30.0
20230608.2000     0.8104     4.6227    86.0219    30.0
20230608.2100     0.8081     4.5358    87.9089    30.0
20230608.2200     0.8068     4.4561    89.9276    30.0
20230608.2300     0.8157     4.3576    92.3466    30.0
20230609.0000     0.8303     4.2712    94.4750    30.0
20230609.0100     0.8390     4.2237    95.7257    30.0
20230609.0200     0.8380     4.2094    96.1864    30.0
20230609.0300     0.8271     4.2153    95.8409    30.0
20230609.0400     0.8099     4.2326    94.8919    30.0
20230609.0500     0.7871     4.2617    93.5260    30.0
20230609.0600     0.7654     4.2845    92.0943    30.0
20230609.0700     0.7462     4.2995    90.7284    30.0
20230609.0800     0.7298     4.3046    89.4832    30.0
20230609.0900     0.7146     4.3087    88.3148    30.0
20230609.1000     0.6996     4.3146    87.1739    30.0
20230609.1100     0.6918     4.2907    86.2139    30.0
20230609.1200     0.6906     4.2492    85.4679    30.0
20230609.1300     0.6906     4.2106    85.0400    30.0
20230609.1400     0.6861     4.1925    85.0346    30.0
20230609.1500     0.6786     4.1810    85.8793    30.0
20230609.1600     0.6720     4.1620    87.4097    30.0
20230609.1700     0.6702     4.1241    89.6149    30.0
20230609.1800     0.6680     4.0921    91.6061    30.0
20230609.1900     0.6601     4.0825    92.8239    30.0
20230609.2000     0.6453     4.0922    93.2901    30.0
20230609.2100     0.6309     4.0919    93.8661    30.0
20230609.2200     0.6088     4.1226    93.4821    30.0
20230609.2300     0.6016     4.0781    94.2830    30.0
20230610.0000     0.6049     3.9965    96.0822    30.0
20230610.0100     0.6116     3.9220    97.8046    30.0
20230610.0200     0.6162     3.8694    98.8633    30.0
20230610.0300     0.6177     3.8374    99.2473    30.0
20230610.0400     0.6141     3.8255    99.2308    30.0
20230610.0500     0.6055     3.8324    98.7097    30.0
20230610.0600     0.5941     3.8458    97.9418    30.0
20230610.0700     0.5810     3.8650    97.1574    30.0
20230610.0800     0.5679     3.8840    96.3729    30.0
20230610.0900     0.5547     3.9020    95.5337    30.0
20230610.1000     0.5351     3.9582    94.0581    30.0
20230610.1100     0.5232     3.9731    92.8952    30.0
20230610.1200     0.5167     3.9550    92.0669    30.0
20230610.1300     0.5133     3.9252    91.3428    30.0
20230610.1400     0.5134     3.8827    90.6352    30.0
20230610.1500     0.5167     3.8300    89.9879    30.0
20230610.1600     0.5234     3.7697    89.5107    30.0
20230610.1700     0.5327     3.7152    89.6588    30.0
20230610.1800     0.5396     3.6820    90.5639    30.0
20230610.1900     0.5443     3.6615    92.0504    30.0
20230610.2000     0.5455     3.6582    93.5863    30.0
20230610.2100     0.5447     3.6601    95.1442    30.0
20230610.2200     0.5544     3.6210    97.8595    30.0
20230610.2300     0.6190     3.7045   100.7832    30.0
20230611.0000     0.6363     3.6690   102.5440    30.0
20230611.0100     0.6500     3.6656   103.5534    30.0
20230611.0200     0.6623     3.6779   104.2226    30.0
20230611.0300     0.6726     3.7014   104.6450    30.0
20230611.0400     0.6813     3.7306   105.1167    30.0
20230611.0500     0.6832     3.7708   105.2868    30.0
20230611.0600     0.6757     3.8264   104.6121    30.0
20230611.0700     0.6613     3.8922   103.2078    30.0
20230611.0800     0.6418     3.9683   101.1837    30.0
20230611.0900     0.6218     4.0442    98.9895    30.0
20230611.1000     0.6001     4.1289    96.5978    30.0
20230611.1100     0.5863     4.1697    94.5847    30.0
20230611.1200     0.5776     4.1770    93.1311    30.0
20230611.1300     0.5773     4.1347    92.2808    30.0
20230611.1400     0.5884     4.0457    92.4509    30.0
20230611.1500     0.6070     3.9548    93.5973    30.0
20230611.1600     0.6341     3.8725    95.7202    30.0
20230611.1700     0.6716     3.8107    98.5342    30.0
20230611.1800     0.7256     3.7822   101.4250    30.0
20230611.1900     0.7788     3.8195   102.9774    30.0
20230611.2000     0.8207     3.9053   103.0816    30.0
20230611.2100     0.8409     4.0166   102.1326    30.0
20230611.2200     0.8491     4.1182   100.8545    30.0
20230611.2300     0.8688     4.1877   100.5144    30.0
20230612.0000     0.8974     4.2405   100.8490    30.0
20230612.0100     0.9240     4.2957   100.7064    30.0
20230612.0200     0.9558     4.3403   100.1195    30.0
20230612.0300     0.9793     4.3987    98.8140    30.0
20230612.0400     0.9849     4.4753    97.0038    30.0
20230612.0500     0.9801     4.5516    95.0345    30.0
20230612.0600     0.9769     4.6035    93.1694    30.0
20230612.0700     0.9805     4.6274    91.6280    30.0
20230612.0800     0.9841     4.6441    90.4980    30.0
20230612.0900     0.9798     4.6745    89.7849    30.0
20230612.1000     0.9745     4.6988    89.2474    30.0
20230612.1100     0.9689     4.7213    88.5836    30.0
20230612.1200     0.9736     4.7119    88.2106    30.0
20230612.1300     0.9907     4.6796    88.2271    30.0
20230612.1400     1.0137     4.6521    88.2874    30.0
20230612.1500     1.0431     4.6288    88.7208    30.0
20230612.1600     1.0678     4.6240    89.4339    30.0
20230612.1700     1.0864     4.6286    90.4212    30.0
20230612.1800     1.0956     4.6428    91.2166    30.0
20230612.1900     1.1000     4.6549    91.9572    30.0
20230612.2000     1.1027     4.6598    92.7910    30.0
20230612.2100     1.1070     4.6547    93.8716    30.0
20230612.2200     1.0891     4.6801    94.1733    30.0
20230612.2300     1.0796     4.6809    94.4476    30.0
20230613.0000     1.0806     4.6616    94.7493    30.0
20230613.0100     1.0908     4.6343    95.1607    30.0
20230613.0200     1.1027     4.6157    95.5776    30.0
20230613.0300     1.1063     4.6179    95.8134    30.0
20230613.0400     1.1000     4.6365    95.8628    30.0
20230613.0500     1.0946     4.6513    95.9067    30.0
20230613.0600     1.0829     4.6752    95.5008    30.0
20230613.0700     1.0645     4.7086    94.7712    30.0
20230613.0800     1.0403     4.7495    93.6467    30.0
20230613.0900     1.0168     4.7837    92.3905    30.0
20230613.1000     0.9949     4.8105    91.0082    30.0
20230613.1100     1.0095     4.8552    89.8288    30.0
20230613.1200     1.0041     4.8301    88.9128    30.0
20230613.1300     1.0046     4.8026    88.0186    30.0
20230613.1400     1.0067     4.7845    87.2671    30.0
20230613.1500     1.0077     4.7773    86.8009    30.0
20230613.1600     1.0054     4.7815    86.5814    30.0
20230613.1700     0.9993     4.7930    86.9270    30.0
20230613.1800     0.9902     4.8040    87.8266    30.0
20230613.1900     0.9856     4.7933    89.1925    30.0
20230613.2000     0.9801     4.7811    90.1854    30.0
20230613.2100     0.9787     4.7552    91.0192    30.0
20230613.2200     0.9572     4.7899    90.9588    30.0
20230613.2300     0.9401     4.8053    90.8217    30.0
20230614.0000     0.9358     4.7749    91.0192    30.0
20230614.0100     0.9463     4.7038    91.9627    30.0
20230614.0200     0.9686     4.6237    93.3285    30.0
20230614.0300     0.9875     4.5816    94.2007    30.0
20230614.0400     1.0032     4.5673    94.4201    30.0
20230614.0500     1.0135     4.5731    94.2227    30.0
20230614.0600     1.0151     4.5983    93.4108    30.0
20230614.0700     1.0121     4.6295    92.2644    30.0
20230614.0800     1.0112     4.6484    91.1289    30.0
20230614.0900     1.0076     4.6649    89.9879    30.0
20230614.1000     0.9800     4.7295    88.4575    30.0
20230614.1100     0.9550     4.7722    87.1135    30.0
20230614.1200     0.9323     4.7923    85.8903    30.0
20230614.1300     0.9104     4.7995    84.7603    30.0
20230614.1400     0.8901     4.7939    84.0198    30.0
20230614.1500     0.8711     4.7780    83.7894    30.0
20230614.1600     0.8513     4.7642    83.8716    30.0
20230614.1700     0.8334     4.7395    84.2008    30.0
20230614.1800     0.8142     4.7226    84.5134    30.0
20230614.1900     0.7981     4.6932    84.9468    30.0
20230614.2000     0.7898     4.6257    86.5814    30.0
20230614.2100     0.7840     4.5528    88.7537    30.0
20230614.2200     0.7649     4.5445    89.4723    30.0
20230614.2300     0.7736     4.5154    90.2183    30.0
20230615.0000     0.7671     4.4688    90.1525    30.0
20230615.0100     0.7635     4.4141    90.3390    30.0
20230615.0200     0.7672     4.3435    90.2841    30.0
20230615.0300     0.7681     4.2926    90.1415    30.0
20230615.0400     0.7696     4.2522    89.7795    30.0
20230615.0500     0.7647     4.2355    89.3132    30.0
20230615.0600     0.7552     4.2328    88.7537    30.0
20230615.0700     0.7413     4.2452    88.3094    30.0
20230615.0800     0.7268     4.2574    88.1064    30.0
20230615.0900     0.7180     4.2491    87.9967    30.0
20230615.1000     0.7051     4.2592    87.7224    30.0
20230615.1100     0.7002     4.2408    87.4427    30.0
20230615.1200     0.6966     4.2214    86.7789    30.0
20230615.1300     0.6923     4.2098    86.0932    30.0
20230615.1400     0.6854     4.2077    85.4679    30.0
20230615.1500     0.6780     4.2066    84.8206    30.0
20230615.1600     0.6662     4.2242    84.3873    30.0
20230615.1700     0.6515     4.2519    84.1295    30.0
20230615.1800     0.6395     4.2606    83.9539    30.0
20230615.1900     0.6308     4.2477    83.8662    30.0
20230615.2000     0.6249     4.2199    83.8552    30.0
20230615.2100     0.6167     4.2050    84.0088    30.0
20230615.2200     0.6043     4.2089    83.9649    30.0
20230615.2300     0.5980     4.1783    83.9594    30.0
20230616.0000     0.5955     4.1328    83.8662    30.0
20230616.0100     0.5873     4.1223    84.0252    30.0
20230616.0200     0.5762     4.1300    84.2501    30.0
20230616.0300     0.5638     4.1454    84.2940    30.0
20230616.0400     0.5517     4.1608    84.1843    30.0
20230616.0500     0.5397     4.1773    84.0088    30.0
20230616.0600     0.5289     4.1903    83.7948    30.0
20230616.0700     0.5207     4.1826    83.1311    30.0
20230616.0800     0.5109     4.1878    82.9172    30.0
20230616.0900     0.5004     4.2054    82.9282    30.0
20230616.1000     0.5030     4.1028    82.2150    30.0
20230616.1100     0.5436     4.2488    82.5332    30.0
20230616.1200     0.5387     4.2847    83.3396    30.0
20230616.1300     0.5348     4.3140    84.2666    30.0
20230616.1400     0.5361     4.3105    86.1371    30.0
20230616.1500     0.5471     4.2426    89.0279    30.0
20230616.1600     0.5665     4.1295    92.0833    30.0
20230616.1700     0.5887     4.0306    94.2281    30.0
20230616.1800     0.6145     3.9480    94.7054    30.0
20230616.1900     0.6525     3.8631    94.0307    30.0
20230616.2000     0.7022     3.8031    93.1201    30.0
20230616.2100     0.7359     3.7976    92.5606    30.0
20230616.2200     0.7200     3.8478    92.5990    30.0
20230616.2300     0.6960     3.8892    92.3411    30.0
20230617.0000     0.6782     3.9193    91.8859    30.0
20230617.0100     0.6674     3.9067    91.2386    30.0
20230617.0200     0.6656     3.8862    90.5639    30.0
20230617.0300     0.6633     3.8891    90.0153    30.0
20230617.0400     0.6557     3.9244    89.4778    30.0
20230617.0500     0.6453     3.9775    88.9292    30.0
20230617.0600     0.6347     4.0346    88.3697    30.0
20230617.0700     0.6255     4.0850    87.8102    30.0
20230617.0800     0.6186     4.1257    87.3494    30.0
20230617.0900     0.6123     4.1641    86.9599    30.0
20230617.1000     0.6024     4.2223    86.4279    30.0
20230617.1100     0.5961     4.2623    86.0110    30.0
20230617.1200     0.5908     4.2918    85.5941    30.0
20230617.1300     0.5880     4.3043    85.1168    30.0
20230617.1400     0.5859     4.3098    84.6122    30.0
20230617.1500     0.5846     4.3097    84.1569    30.0
20230617.1600     0.5849     4.2986    84.0033    30.0
20230617.1700     0.5855     4.2842    84.2611    30.0
20230617.1800     0.5862     4.2693    84.6890    30.0
20230617.1900     0.5860     4.2599    85.0126    30.0
20230617.2000     0.5851     4.2537    85.1717    30.0
20230617.2100     0.5840     4.2467    85.2156    30.0
20230617.2200     0.5798     4.2541    84.8261    30.0
20230617.2300     0.5842     4.2698    84.3653    30.0
20230618.0000     0.5883     4.2446    83.8332    30.0
20230618.0100     0.6006     4.1756    83.2463    30.0
20230618.0200     0.6166     4.1046    82.7307    30.0
20230618.0300     0.6284     4.0663    82.3851    30.0
20230618.0400     0.6371     4.0473    82.1273    30.0
20230618.0500     0.6449     4.0332    81.7982    30.0
20230618.0600     0.6499     4.0332    81.5019    30.0
20230618.0700     0.6505     4.0468    81.2386    30.0
20230618.0800     0.6471     4.0736    81.1564    30.0
20230618.0900     0.6461     4.0836    81.3209    30.0
20230618.1000     0.6353     4.1319    81.5787    30.0
20230618.1100     0.6316     4.1378    81.8091    30.0
20230618.1200     0.6283     4.1375    82.0340    30.0
20230618.1300     0.6206     4.1563    82.1273    30.0
20230618.1400     0.6094     4.1892    82.1986    30.0
20230618.1500     0.5978     4.2183    82.2809    30.0
20230618.1600     0.5854     4.2453    82.4838    30.0
20230618.1700     0.5752     4.2510    82.6374    30.0
20230618.1800     0.5668     4.2432    82.8020    30.0
20230618.1900     0.5574     4.2387    83.1037    30.0
20230618.2000     0.5468     4.2406    83.4328    30.0
20230618.2100     0.5349     4.2468    83.7345    30.0
20230618.2200     0.5225     4.2449    84.3160    30.0
20230618.2300     0.5131     4.2289    85.1717    30.0
20230619.0000     0.5038     4.2075    85.9561    30.0
20230619.0100     0.4931     4.1968    86.3511    30.0
20230619.0200     0.4831     4.1829    86.7570    30.0
20230619.0300     0.4725     4.1718    87.0477    30.0
20230619.0400     0.4623     4.1576    87.3055    30.0
20230619.0500     0.4526     4.1413    87.5359    30.0
20230619.0600     0.4425     4.1304    87.6895    30.0
20230619.0700     0.4322     4.1262    87.7169    30.0
20230619.0800     0.4217     4.1243    87.7224    30.0
20230619.0900     0.4111     4.1249    87.7389    30.0
20230619.1000     0.3936     4.2001    87.5030    30.0
20230619.1100     0.4027     4.2712    87.5304    30.0
20230619.1200     0.3951     4.2567    87.4756    30.0
20230619.1300     0.3866     4.2391    87.4427    30.0
20230619.1400     0.3799     4.1960    87.7663    30.0
20230619.1500     0.4001     3.9131    93.5534    30.0
20230619.1600     0.4044     3.7889    98.8359    30.0
20230619.1700     0.4023     3.7208   103.0816    30.0
20230619.1800     0.3959     3.6846   104.7821    30.0
20230619.1900     0.3893     3.6544   105.3745    30.0
20230619.2000     0.3829     3.6280   105.8847    30.0
20230619.2100     0.3727     3.6335   105.5830    30.0
20230619.2200     0.3530     3.7080   105.6598    30.0
20230619.2300     0.3477     3.6744   104.8315    30.0
20230620.0000     0.3454     3.6232   104.3268    30.0
20230620.0100     0.3464     3.5526   103.3285    30.0
20230620.0200     0.3512     3.4702   102.0888    30.0
20230620.0300     0.3541     3.4109   100.4815    30.0
20230620.0400     0.3562     3.3679    99.0992    30.0
20230620.0500     0.3553     3.3492    97.9637    30.0
20230620.0600     0.3500     3.3582    97.0586    30.0
20230620.0700     0.3451     3.3609    96.2193    30.0
20230620.0800     0.3467     3.3241    95.0455    30.0
20230620.0900     0.3520     3.2736    94.3433    30.0
20230620.1000     0.3479     3.2685    93.8167    30.0
20230620.1100     0.3674     3.1750    94.0910    30.0
20230620.1200     0.4014     3.0971    93.9429    30.0
20230620.1300     0.4527     3.0660    92.6812    30.0
20230620.1400     0.5024     3.0972    92.2479    30.0
20230620.1500     0.5370     3.1573    92.1162    30.0
20230620.1600     0.5542     3.2179    92.0943    30.0
20230620.1700     0.5609     3.2724    92.1272    30.0
20230620.1800     0.5572     3.3248    92.0669    30.0
20230620.1900     0.5542     3.3639    92.0833    30.0
20230620.2000     0.5567     3.3883    92.8568    30.0
20230620.2100     0.5622     3.4073    94.4860    30.0
20230620.2200     0.5603     3.4379    95.5611    30.0
20230620.2300     0.6013     3.5545    97.3164    30.0
20230621.0000     0.6242     3.5543    99.1211    30.0
20230621.0100     0.6511     3.5681   101.0520    30.0
20230621.0200     0.6819     3.5913   102.8622    30.0
20230621.0300     0.7099     3.6312   104.0580    30.0
20230621.0400     0.7250     3.6881   104.2226    30.0
20230621.0500     0.7217     3.7583   103.3833    30.0
20230621.0600     0.7026     3.8395   101.6993    30.0
20230621.0700     0.6787     3.9184    99.7300    30.0
20230621.0800     0.6582     3.9763    97.9857    30.0
20230621.0900     0.6410     4.0155    96.4442    30.0
20230621.1000     0.6178     4.0814    94.7822    30.0
20230621.1100     0.6014     4.1144    93.2517    30.0
20230621.1200     0.5896     4.1186    91.8091    30.0
20230621.1300     0.5903     4.0556    90.1141    30.0
20230621.1400     0.6040     3.9513    88.2874    30.0
20230621.1500     0.6258     3.8546    86.3949    30.0
20230621.1600     0.6574     3.7743    84.0527    30.0
20230621.1700     0.6910     3.7395    82.1328    30.0
20230621.1800     0.7141     3.7522    81.2057    30.0
20230621.1900     0.7204     3.7979    81.0357    30.0
20230621.2000     0.7166     3.8540    81.4032    30.0
20230621.2100     0.7148     3.8933    82.5167    30.0
20230621.2200     0.7250     3.9009    84.2117    30.0
20230621.2300     0.7420     3.9083    85.6434    30.0
20230622.0000     0.7554     3.9329    86.4443    30.0
20230622.0100     0.7657     3.9630    86.9709    30.0
20230622.0200     0.7762     3.9895    87.5743    30.0
20230622.0300     0.7872     4.0114    88.1338    30.0
20230622.0400     0.7958     4.0352    88.7208    30.0
20230622.0500     0.7956     4.0687    88.9950    30.0
20230622.0600     0.7902     4.1007    89.1212    30.0
20230622.0700     0.7783     4.1355    88.9621    30.0
20230622.0800     0.7588     4.1829    88.3094    30.0
20230622.0900     0.7375     4.2272    87.4097    30.0
20230622.1000     0.7188     4.2518    86.3456    30.0
20230622.1100     0.7531     4.3511    85.3308    30.0
20230622.1200     0.7381     4.3373    84.1240    30.0
20230622.1300     0.7238     4.3227    82.8130    30.0
20230622.1400     0.7134     4.2950    81.4855    30.0
20230622.1500     0.7093     4.2483    80.2513    30.0
20230622.1600     0.7095     4.1958    79.4120    30.0
20230622.1700     0.7105     4.1529    79.0664    30.0
20230622.1800     0.7053     4.1352    79.1322    30.0
20230622.1900     0.6962     4.1302    79.5601    30.0
20230622.2000     0.6858     4.1284    80.3445    30.0
20230622.2100     0.6774     4.1159    81.6939    30.0
20230622.2200     0.6859     4.0445    84.3708    30.0
20230622.2300     0.6914     4.0012    86.3017    30.0
20230623.0000     0.6955     3.9724    87.5908    30.0
20230623.0100     0.7002     3.9540    88.2764    30.0
20230623.0200     0.7065     3.9392    88.7263    30.0
20230623.0300     0.7151     3.9280    88.9950    30.0
20230623.0400     0.7219     3.9270    89.0334    30.0
20230623.0500     0.7187     3.9460    88.8908    30.0
20230623.0600     0.7033     3.9856    88.6659    30.0
20230623.0700     0.6881     4.0101    88.8414    30.0
20230623.0800     0.6796     4.0019    89.7301    30.0
20230623.0900     0.6725     3.9848    90.8875    30.0
20230623.1000     0.6438     4.0483    90.0373    30.0
20230623.1100     0.6182     4.0971    89.1541    30.0
20230623.1200     0.5964     4.1279    88.4575    30.0
20230623.1300     0.5763     4.1495    87.8596    30.0
20230623.1400     0.5593     4.1566    87.3549    30.0
20230623.1500     0.5444     4.1535    86.8941    30.0
20230623.1600     0.5283     4.1631    86.5266    30.0
20230623.1700     0.5132     4.1719    86.3401    30.0
20230623.1800     0.4999     4.1696    86.5540    30.0
20230623.1900     0.4885     4.1558    87.0203    30.0
20230623.2000     0.4796     4.1261    87.8431    30.0
20230623.2100     0.4731     4.0812    89.1431    30.0
20230623.2200     0.4649     4.0477    90.4048    30.0
20230623.2300     0.5264     4.2958    91.3263    30.0
20230624.0000     0.5210     4.2863    91.4909    30.0
20230624.0100     0.5144     4.2555    91.8420    30.0
20230624.0200     0.5091     4.1983    92.5167    30.0
20230624.0300     0.5012     4.1503    92.9665    30.0
20230624.0400     0.4903     4.1205    93.0378    30.0
20230624.0500     0.4784     4.0952    92.9555    30.0
20230624.0600     0.4672     4.0636    92.8348    30.0
20230624.0700     0.4572     4.0282    92.6703    30.0
20230624.0800     0.4484     3.9888    92.3137    30.0
20230624.0900     0.4403     3.9507    91.8036    30.0
20230624.1000     0.4325     3.9111    90.4816    30.0
20230624.1100     0.4301     3.8478    89.2693    30.0
20230624.1200     0.4282     3.7942    88.0022    30.0
20230624.1300     0.4234     3.7699    86.9819    30.0
20230624.1400     0.4186     3.7546    86.3072    30.0
20230624.1500     0.4144     3.7401    85.5776    30.0
20230624.1600     0.4094     3.7424    85.2265    30.0
20230624.1700     0.4051     3.7428    85.2759    30.0
20230624.1800     0.4039     3.7251    85.9945    30.0
20230624.1900     0.4018     3.7182    86.5321    30.0
20230624.2000     0.4006     3.7084    87.2452    30.0
20230624.2100     0.4035     3.6754    88.8853    30.0
20230624.2200     0.4150     3.5892    94.2007    30.0
20230624.2300     0.4243     3.5306    97.4755    30.0
20230625.0000     0.4278     3.5136    99.1760    30.0
20230625.0100     0.4267     3.5195    99.0827    30.0
20230625.0200     0.4277     3.5100    98.8359    30.0
20230625.0300     0.4282     3.5045    98.5781    30.0
20230625.0400     0.4244     3.5195    98.1008    30.0
20230625.0500     0.4192     3.5404    97.3987    30.0
20230625.0600     0.4163     3.5477    96.5430    30.0
20230625.0700     0.4141     3.5511    95.4349    30.0
20230625.0800     0.4121     3.5557    94.0800    30.0
20230625.0900     0.4122     3.5517    92.3576    30.0
20230625.1000     0.4154     3.5253    89.6917    30.0
20230625.1100     0.4172     3.5168    88.7701    30.0
20230625.1200     0.4170     3.5267    88.2051    30.0
20230625.1300     0.4142     3.5536    87.6182    30.0
20230625.1400     0.4124     3.5757    86.8064    30.0
20230625.1500     0.4111     3.5979    86.0878    30.0
20230625.1600     0.4099     3.6193    86.4004    30.0
20230625.1700     0.4100     3.6266    87.3988    30.0
20230625.1800     0.4081     3.6437    88.1009    30.0
20230625.1900     0.4046     3.6728    88.2929    30.0
20230625.2000     0.4036     3.6832    89.1431    30.0
20230625.2100     0.4034     3.6843    90.2512    30.0
20230625.2200     0.3963     3.7215    91.1947    30.0
20230625.2300     0.3920     3.7423    91.1179    30.0
20230626.0000     0.3863     3.7692    90.7778    30.0
20230626.0100     0.3803     3.7949    90.5364    30.0
20230626.0200     0.3761     3.8018    90.7175    30.0
20230626.0300     0.3713     3.8066    90.8930    30.0
20230626.0400     0.3654     3.8202    90.8217    30.0
20230626.0500     0.3598     3.8288    90.6571    30.0
20230626.0600     0.3538     3.8411    90.5090    30.0
20230626.0700     0.3472     3.8616    90.2951    30.0
20230626.0800     0.3408     3.8801    90.1250    30.0
20230626.0900     0.3354     3.8860    89.9660    30.0
20230626.1000     0.3214     3.9744    89.2419    30.0
20230626.1100     0.3225     3.8991    89.1157    30.0
20230626.1200     0.3194     3.8891    89.1322    30.0
20230626.1300     0.3151     3.8927    89.1157    30.0
20230626.1400     0.3123     3.8756    89.2364    30.0
20230626.1500     0.3103     3.8485    89.6752    30.0
20230626.1600     0.3105     3.8045    90.7723    30.0
20230626.1700     0.3154     3.7150    93.5644    30.0
20230626.1800     0.3188     3.6490    95.9725    30.0
20230626.1900     0.3265     3.5631    99.8617    30.0
20230626.2000     0.3403     3.4552   105.5281    30.0
20230626.2100     0.3577     3.3554   112.0777    30.0
20230626.2200     0.3623     3.3397   115.1770    30.0
20230626.2300     0.3703     3.3176   117.8923    30.0
20230627.0000     0.3749     3.3031   120.1797    30.0
20230627.0100     0.3794     3.2852   121.9844    30.0
20230627.0200     0.3846     3.2639   123.3338    30.0
20230627.0300     0.3898     3.2438   124.3870    30.0
20230627.0400     0.3971     3.2185   125.4128    30.0
20230627.0500     0.4044     3.1984   125.8132    30.0
20230627.0600     0.4108     3.1825   125.1989    30.0
20230627.0700     0.4151     3.1722   123.3338    30.0
20230627.0800     0.4179     3.1661   120.5527    30.0
20230627.0900     0.4192     3.1659   117.3437    30.0
20230627.1000     0.4102     3.1915   114.0086    30.0
20230627.1100     0.4027     3.2181   111.5676    30.0
20230627.1200     0.3956     3.2422   109.2911    30.0
20230627.1300     0.3889     3.2665   107.2725    30.0
20230627.1400     0.3829     3.2906   105.7366    30.0
20230627.1500     0.3797     3.3068   105.3855    30.0
20230627.1600     0.3876     3.2774   107.5303    30.0
20230627.1700     0.4120     3.2042   113.2077    30.0
20230627.1800     0.4443     3.1526   119.9658    30.0
20230627.1900     0.4698     3.1566   124.9520    30.0
20230627.2000     0.4885     3.1808   128.0184    30.0
20230627.2100     0.5004     3.2090   129.1703    30.0
20230627.2200     0.5058     3.2243   127.9142    30.0
20230627.2300     0.5141     3.2338   126.0546    30.0
20230628.0000     0.5314     3.2354   124.0469    30.0
20230628.0100     0.5538     3.2478   122.2642    30.0
20230628.0200     0.5815     3.2749   120.9586    30.0
20230628.0300     0.6061     3.3225   119.9767    30.0
20230628.0400     0.6218     3.3857   119.0113    30.0
20230628.0500     0.6282     3.4541   117.6125    30.0
20230628.0600     0.6308     3.5171   115.8133    30.0
20230628.0700     0.6291     3.5769   113.4655    30.0
20230628.0800     0.6214     3.6380   110.7338    30.0
20230628.0900     0.6104     3.6939   107.7278    30.0
20230628.1000     0.5866     3.7848   104.3926    30.0
20230628.1100     0.5685     3.8505   101.2659    30.0
20230628.1200     0.5542     3.8941    98.5561    30.0
20230628.1300     0.5434     3.9170    96.1371    30.0
20230628.1400     0.5359     3.9197    94.2172    30.0
20230628.1500     0.5309     3.9099    92.9007    30.0
20230628.1600     0.5296     3.8840    92.6867    30.0
20230628.1700     0.5349     3.8307    94.3324    30.0
20230628.1800     0.5447     3.7711    97.3164    30.0
20230628.1900     0.5605     3.7048   101.0685    30.0
20230628.2000     0.5849     3.6359   105.1167    30.0
20230628.2100     0.6079     3.6020   107.9637    30.0
20230628.2200     0.6181     3.6057   108.7590    30.0
20230628.2300     0.6132     3.6415   108.1008    30.0
20230629.0000     0.6019     3.6772   107.3328    30.0
20230629.0100     0.5939     3.6945   106.8556    30.0
20230629.0200     0.5937     3.6843   107.3328    30.0
20230629.0300     0.6002     3.6603   108.8797    30.0
20230629.0400     0.6104     3.6383   111.1617    30.0
20230629.0500     0.6135     3.6444   112.3465    30.0
20230629.0600     0.6098     3.6671   112.3794    30.0
20230629.0700     0.6000     3.7046   111.3043    30.0
20230629.0800     0.5833     3.7608   109.2418    30.0
20230629.0900     0.5635     3.8291   106.7569    30.0
20230629.1000     0.5440     3.8891   103.8825    30.0
20230629.1100     0.5303     3.9210   101.3318    30.0
20230629.1200     0.5153     3.9646    99.3570    30.0
20230629.1300     0.5013     4.0015    97.7224    30.0
20230629.1400     0.4895     4.0217    96.3729    30.0
20230629.1500     0.4782     4.0365    95.4898    30.0
20230629.1600     0.4684     4.0418    95.4843    30.0
20230629.1700     0.4654     4.0060    97.3384    30.0
20230629.1800     0.4744     3.9101   102.6702    30.0
20230629.1900     0.4974     3.7786   111.0355    30.0
20230629.2000     0.5309     3.6514   120.8818    30.0
20230629.2100     0.5634     3.5738   129.0771    30.0
20230629.2200     0.5738     3.5668   131.9350    30.0
20230629.2300     0.5806     3.5605   133.1034    30.0
20230630.0000     0.5772     3.5730   132.3409    30.0
20230630.0100     0.5706     3.5772   130.6020    30.0
20230630.0200     0.5647     3.5706   128.7095    30.0
20230630.0300     0.5593     3.5629   126.7074    30.0
20230630.0400     0.5544     3.5543   124.5242    30.0
20230630.0500     0.5485     3.5516   122.1545    30.0
20230630.0600     0.5416     3.5560   119.5544    30.0
20230630.0700     0.5341     3.5679   116.8007    30.0
20230630.0800     0.5234     3.5949   113.8440    30.0
20230630.0900     0.5117     3.6298   110.9368    30.0
20230630.1000     0.4937     3.6948   107.6620    30.0
20230630.1100     0.4817     3.7365   104.5462    30.0
20230630.1200     0.4716     3.7671   101.6883    30.0
20230630.1300     0.4605     3.8049    99.3076    30.0
20230630.1400     0.4498     3.8423    97.2671    30.0
20230630.1500     0.4396     3.8772    95.6379    30.0
20230630.1600     0.4313     3.8998    94.5134    30.0
20230630.1700     0.4271     3.8915    94.1459    30.0
20230630.1800     0.4277     3.8525    95.2978    30.0
20230630.1900     0.4383     3.7593    99.1815    30.0
20230630.2000     0.4543     3.6599   104.7602    30.0
20230630.2100     0.4698     3.5958   110.2511    30.0
20230630.2200     0.4789     3.5611   114.3432    30.0
20230630.2300     0.4872     3.5334   117.5467    30.0
