TPAR
20230501.0000     0.1953     2.7908    55.8576    30.0
20230501.0100     0.1957     2.7607    55.2377    30.0
20230501.0200     0.2004     2.6860    52.5608    30.0
20230501.0300     0.2116     2.6124    40.9975    30.0
20230501.0400     0.2269     2.5894    20.9647    30.0
20230501.0500     0.2366     2.5809     6.5929    30.0
20230501.0600     0.2372     2.5881     0.0378    30.0
20230501.0700     0.2342     2.6004   358.5436    30.0
20230501.0800     0.2286     2.6192   359.4761    30.0
20230501.0900     0.2205     2.6499     1.3982    30.0
20230501.1000     0.2123     2.6501   353.2446    30.0
20230501.1100     0.2112     2.6356   350.5623    30.0
20230501.1200     0.2047     2.6652   351.2095    30.0
20230501.1300     0.1998     2.6762   353.2721    30.0
20230501.1400     0.1946     2.6929   355.5156    30.0
20230501.1500     0.1936     2.6667   358.9988    30.0
20230501.1600     0.2005     2.5689    10.5589    30.0
20230501.1700     0.2032     2.5410    28.3042    30.0
20230501.1800     0.1995     2.5457    34.1901    30.0
20230501.1900     0.1954     2.5514    38.4139    30.0
20230501.2000     0.1900     2.5710    41.2005    30.0
20230501.2100     0.1864     2.5772    45.6931    30.0
20230501.2200     0.1682     2.6459    60.2404    30.0
20230501.2300     0.1660     2.6434    62.5224    30.0
20230502.0000     0.1632     2.6471    64.1186    30.0
20230502.0100     0.1602     2.6595    65.6655    30.0
20230502.0200     0.1713     2.5281    69.9771    30.0
20230502.0300     0.1769     2.4962    72.5497    30.0
20230502.0400     0.1775     2.4897    72.8898    30.0
20230502.0500     0.1773     2.4897    73.5590    30.0
20230502.0600     0.1777     2.4851    72.8843    30.0
20230502.0700     0.1794     2.4738    71.1619    30.0
20230502.0800     0.1795     2.4841    71.6666    30.0
20230502.0900     0.1893     2.4843    72.3084    30.0
20230502.1000     0.1825     2.5130    74.6397    30.0
20230502.1100     0.1848     2.5204    72.7033    30.0
20230502.1200     0.1858     2.5214    74.6945    30.0
20230502.1300     0.1923     2.5149    77.7883    30.0
20230502.1400     0.1954     2.5189    79.3352    30.0
20230502.1500     0.2014     2.5140    83.0214    30.0
20230502.1600     0.2092     2.5193    88.2655    30.0
20230502.1700     0.2106     2.5455    89.5381    30.0
20230502.1800     0.2144     2.5684    91.7761    30.0
20230502.1900     0.2269     2.5743    96.8337    30.0
20230502.2000     0.2362     2.5879    98.4684    30.0
20230502.2100     0.2381     2.6211    98.1776    30.0
20230502.2200     0.2308     2.6666   100.3334    30.0
20230502.2300     0.2354     2.6775    99.6642    30.0
20230503.0000     0.2416     2.6812    98.7207    30.0
20230503.0100     0.2474     2.6887    98.0350    30.0
20230503.0200     0.2557     2.6929    98.5013    30.0
20230503.0300     0.2633     2.7034    98.5342    30.0
20230503.0400     0.2626     2.7453    97.5468    30.0
20230503.0500     0.2574     2.7994    95.7860    30.0
20230503.0600     0.2541     2.8338    94.8206    30.0
20230503.0700     0.2532     2.8493    93.3121    30.0
20230503.0800     0.2579     2.8377    90.2622    30.0
20230503.0900     0.2638     2.8286    87.8102    30.0
20230503.1000     0.2701     2.8274    83.7345    30.0
20230503.1100     0.2895     2.8017    81.2770    30.0
20230503.1200     0.3012     2.8203    80.8985    30.0
20230503.1300     0.3066     2.8630    80.4323    30.0
20230503.1400     0.3128     2.8970    80.0099    30.0
20230503.1500     0.3176     2.9292    80.9205    30.0
20230503.1600     0.3130     2.9943    80.8327    30.0
20230503.1700     0.3069     3.0605    80.5639    30.0
20230503.1800     0.3045     3.0941    81.0686    30.0
20230503.1900     0.3031     3.1167    81.9188    30.0
20230503.2000     0.3003     3.1446    82.2644    30.0
20230503.2100     0.2953     3.1933    82.3741    30.0
20230503.2200     0.2917     3.2293    85.5282    30.0
20230503.2300     0.3289     3.4688    86.0548    30.0
20230504.0000     0.3299     3.5293    85.6270    30.0
20230504.0100     0.3293     3.5507    85.3966    30.0
20230504.0200     0.3258     3.5682    85.3033    30.0
20230504.0300     0.3202     3.5938    85.1223    30.0
20230504.0400     0.3149     3.6122    85.1278    30.0
20230504.0500     0.3101     3.6292    84.8426    30.0
20230504.0600     0.3125     3.5828    83.2792    30.0
20230504.0700     0.3199     3.5096    80.3829    30.0
20230504.0800     0.3358     3.4040    74.9359    30.0
20230504.0900     0.3324     3.4405    74.5080    30.0
20230504.1000     0.3161     3.5703    75.1772    30.0
20230504.1100     0.3083     3.6433    76.3072    30.0
20230504.1200     0.3045     3.6754    77.4318    30.0
20230504.1300     0.3007     3.7200    78.4904    30.0
20230504.1400     0.3000     3.7318    80.1635    30.0
20230504.1500     0.2984     3.7654    81.6500    30.0
20230504.1600     0.2978     3.7784    82.7965    30.0
20230504.1700     0.2971     3.7959    83.8662    30.0
20230504.1800     0.2946     3.8383    84.5793    30.0
20230504.1900     0.2943     3.8565    85.9067    30.0
20230504.2000     0.3026     3.7595    89.7465    30.0
20230504.2100     0.3040     3.7442    91.7816    30.0
20230504.2200     0.3019     3.7864    97.3439    30.0
20230504.2300     0.2979     3.8308    97.0202    30.0
20230505.0000     0.2944     3.8673    96.6472    30.0
20230505.0100     0.2920     3.8876    96.3565    30.0
20230505.0200     0.2894     3.9072    96.0274    30.0
20230505.0300     0.2862     3.9377    95.6598    30.0
20230505.0400     0.2850     3.9333    95.2375    30.0
20230505.0500     0.2838     3.9246    94.4695    30.0
20230505.0600     0.2859     3.8751    92.9610    30.0
20230505.0700     0.2898     3.8155    90.4103    30.0
20230505.0800     0.2888     3.8039    89.2419    30.0
20230505.0900     0.2879     3.7961    87.8102    30.0
20230505.1000     0.2759     3.9158    87.1026    30.0
20230505.1100     0.2723     3.9480    87.3659    30.0
20230505.1200     0.2690     3.9750    87.6127    30.0
20230505.1300     0.2669     3.9847    87.8870    30.0
20230505.1400     0.2649     3.9950    88.1558    30.0
20230505.1500     0.2643     3.9884    88.6330    30.0
20230505.1600     0.2637     3.9831    89.1047    30.0
20230505.1700     0.2639     3.9721    89.5162    30.0
20230505.1800     0.2654     3.9320    89.8288    30.0
20230505.1900     0.2672     3.8965    90.5255    30.0
20230505.2000     0.2745     3.7758    92.8458    30.0
20230505.2100     0.2790     3.7267    95.4294    30.0
20230505.2200     0.3110     3.5197   117.5412    30.0
20230505.2300     0.3214     3.4552   122.6372    30.0
20230506.0000     0.3193     3.4799   122.3190    30.0
20230506.0100     0.3146     3.5102   120.0426    30.0
20230506.0200     0.3155     3.4960   118.9949    30.0
20230506.0300     0.3156     3.4915   118.4847    30.0
20230506.0400     0.3141     3.5038   117.7990    30.0
20230506.0500     0.3100     3.5352   116.3344    30.0
20230506.0600     0.3052     3.5709   114.6888    30.0
20230506.0700     0.3010     3.5981   113.0157    30.0
20230506.0800     0.2962     3.6301   110.7886    30.0
20230506.0900     0.2897     3.6891   108.4244    30.0
20230506.1000     0.2785     3.7688   105.1167    30.0
20230506.1100     0.2742     3.8061   103.3449    30.0
20230506.1200     0.2743     3.7793   102.2753    30.0
20230506.1300     0.2738     3.7722   101.5567    30.0
20230506.1400     0.2732     3.7697   100.5419    30.0
20230506.1500     0.2713     3.7801    99.4887    30.0
20230506.1600     0.2691     3.7900    98.4464    30.0
20230506.1700     0.2659     3.8144    97.4700    30.0
20230506.1800     0.2650     3.8030    96.9983    30.0
20230506.1900     0.2654     3.7750    97.1628    30.0
20230506.2000     0.2651     3.7578    97.0038    30.0
20230506.2100     0.2634     3.7605    96.5759    30.0
20230506.2200     0.2509     3.8926    95.2813    30.0
20230506.2300     0.2486     3.9041    94.4476    30.0
20230507.0000     0.2463     3.9226    93.7454    30.0
20230507.0100     0.2442     3.9368    93.1036    30.0
20230507.0200     0.2435     3.9226    92.6319    30.0
20230507.0300     0.2433     3.9065    92.3795    30.0
20230507.0400     0.2417     3.9133    91.9791    30.0
20230507.0500     0.2404     3.9190    91.5403    30.0
20230507.0600     0.2390     3.9246    91.0740    30.0
20230507.0700     0.2397     3.8857    90.2457    30.0
20230507.0800     0.2422     3.8375    87.9144    30.0
20230507.0900     0.2412     3.8366    87.2452    30.0
20230507.1000     0.2533     3.6647    75.7203    30.0
20230507.1100     0.2583     3.6014    72.7746    30.0
20230507.1200     0.2601     3.5772    72.5168    30.0
20230507.1300     0.2673     3.4987    75.9287    30.0
20230507.1400     0.2813     3.3874    88.4849    30.0
20230507.1500     0.2923     3.3125   107.2670    30.0
20230507.1600     0.2949     3.3008   114.2280    30.0
20230507.1700     0.2902     3.3487   113.5423    30.0
20230507.1800     0.2868     3.3784   111.8473    30.0
20230507.1900     0.2894     3.3685   117.3712    30.0
20230507.2000     0.2986     3.3163   127.3327    30.0
20230507.2100     0.3025     3.3028   128.1829    30.0
20230507.2200     0.2919     3.3798   131.9679    30.0
20230507.2300     0.2889     3.4254   131.4084    30.0
20230508.0000     0.2877     3.4530   131.4797    30.0
20230508.0100     0.2901     3.4505   132.1434    30.0
20230508.0200     0.2945     3.4320   131.3480    30.0
20230508.0300     0.2952     3.4433   129.2142    30.0
20230508.0400     0.2938     3.4735   126.7348    30.0
20230508.0500     0.2928     3.4945   124.1731    30.0
20230508.0600     0.2928     3.5054   121.3700    30.0
20230508.0700     0.2916     3.5309   118.9674    30.0
20230508.0800     0.2890     3.5654   117.7826    30.0
20230508.0900     0.2865     3.5941   116.3344    30.0
20230508.1000     0.2702     3.7543   113.3394    30.0
20230508.1100     0.2668     3.8019   112.3410    30.0
20230508.1200     0.2637     3.8428   110.5089    30.0
20230508.1300     0.2652     3.7991   107.3877    30.0
20230508.1400     0.2629     3.8187   102.4563    30.0
20230508.1500     0.2637     3.7878    99.3844    30.0
20230508.1600     0.2627     3.7801    96.7021    30.0
20230508.1700     0.2619     3.7715    95.5556    30.0
20230508.1800     0.2596     3.7834    94.1568    30.0
20230508.1900     0.2589     3.7740    94.6011    30.0
20230508.2000     0.2592     3.7418    95.5117    30.0
20230508.2100     0.2587     3.7302    96.8282    30.0
20230508.2200     0.2494     3.8080    95.5337    30.0
20230508.2300     0.2476     3.8159    95.0839    30.0
20230509.0000     0.2454     3.8305    94.5573    30.0
20230509.0100     0.2431     3.8507    93.9374    30.0
20230509.0200     0.2409     3.8726    93.2737    30.0
20230509.0300     0.2387     3.8924    92.5990    30.0
20230509.0400     0.2363     3.9132    91.9407    30.0
20230509.0500     0.2357     3.9059    91.0466    30.0
20230509.0600     0.2350     3.8892    90.1963    30.0
20230509.0700     0.2345     3.8801    89.2364    30.0
20230509.0800     0.2437     3.7148    86.9709    30.0
20230509.0900     0.2549     3.5812    86.0164    30.0
20230509.1000     0.2432     3.6997    84.5299    30.0
20230509.1100     0.2601     3.5107    86.5979    30.0
20230509.1200     0.2764     3.3798    89.9166    30.0
20230509.1300     0.3064     3.2218    93.4876    30.0
20230509.1400     0.3427     3.1093    95.8793    30.0
20230509.1500     0.3898     3.0408    98.1886    30.0
20230509.1600     0.4271     3.0448    99.3515    30.0
20230509.1700     0.4439     3.0823    99.6587    30.0
20230509.1800     0.4497     3.1133    99.6423    30.0
20230509.1900     0.4540     3.1370    99.3844    30.0
20230509.2000     0.4549     3.1706    98.3916    30.0
20230509.2100     0.4545     3.2106    96.7514    30.0
20230509.2200     0.4512     3.2572    94.9632    30.0
20230509.2300     0.4499     3.3077    92.9939    30.0
20230510.0000     0.4547     3.3432    91.4196    30.0
20230510.0100     0.4685     3.3639    89.9221    30.0
20230510.0200     0.4934     3.3728    88.9128    30.0
20230510.0300     0.5251     3.3918    88.1613    30.0
20230510.0400     0.5567     3.4348    87.2891    30.0
20230510.0500     0.5902     3.4880    86.3730    30.0
20230510.0600     0.6267     3.5482    85.5831    30.0
20230510.0700     0.6526     3.6309    84.7767    30.0
20230510.0800     0.6610     3.7369    83.3670    30.0
20230510.0900     0.6609     3.8507    81.8804    30.0
20230510.1000     0.6587     3.9589    80.6133    30.0
20230510.1100     0.6693     4.0174    79.8124    30.0
20230510.1200     0.6869     4.0519    79.4010    30.0
20230510.1300     0.7099     4.0735    79.3297    30.0
20230510.1400     0.7372     4.0857    80.5968    30.0
20230510.1500     0.7737     4.0841    82.6923    30.0
20230510.1600     0.8244     4.0768    85.2046    30.0
20230510.1700     0.8690     4.1053    87.2891    30.0
20230510.1800     0.8967     4.1646    88.6604    30.0
20230510.1900     0.9010     4.2495    89.1651    30.0
20230510.2000     0.9060     4.3163    89.0225    30.0
20230510.2100     0.9187     4.3446    89.0663    30.0
20230510.2200     0.9447     4.3347    90.5858    30.0
20230510.2300     1.0108     4.3524    92.3137    30.0
20230511.0000     1.0719     4.3623    93.3998    30.0
20230511.0100     1.1342     4.3956    93.6960    30.0
20230511.0200     1.1757     4.4457    93.4492    30.0
20230511.0300     1.1690     4.4994    92.7471    30.0
20230511.0400     1.1536     4.5235    92.2698    30.0
20230511.0500     1.1474     4.5220    91.8255    30.0
20230511.0600     1.1268     4.5121    91.3538    30.0
20230511.0700     1.0906     4.4942    91.1782    30.0
20230511.0800     1.0779     4.4486    91.1398    30.0
20230511.0900     1.0863     4.4093    91.1728    30.0
20230511.1000     1.0876     4.3909    92.9720    30.0
20230511.1100     1.0909     4.3852    95.0674    30.0
20230511.1200     1.0744     4.4053    96.2413    30.0
20230511.1300     1.0512     4.4288    96.5156    30.0
20230511.1400     1.0457     4.4328    96.2961    30.0
20230511.1500     1.0501     4.4361    95.8902    30.0
20230511.1600     1.0519     4.4479    95.6927    30.0
20230511.1700     1.0501     4.4604    95.3801    30.0
20230511.1800     1.0366     4.4761    94.7602    30.0
20230511.1900     1.0236     4.4771    94.1184    30.0
20230511.2000     1.0128     4.4682    93.5809    30.0
20230511.2100     1.0021     4.4555    93.2572    30.0
20230511.2200     0.9885     4.4453    92.8677    30.0
20230511.2300     0.9888     4.4164    92.6044    30.0
20230512.0000     1.0014     4.3834    92.6922    30.0
20230512.0100     1.0071     4.3703    92.9610    30.0
20230512.0200     1.0006     4.3716    93.0159    30.0
20230512.0300     0.9776     4.3885    92.6648    30.0
20230512.0400     0.9490     4.4027    92.1382    30.0
20230512.0500     0.9243     4.3997    91.5732    30.0
20230512.0600     0.9023     4.3869    91.0137    30.0
20230512.0700     0.8796     4.3760    90.2457    30.0
20230512.0800     0.8579     4.3655    89.2748    30.0
20230512.0900     0.8427     4.3446    88.4794    30.0
20230512.1000     0.8280     4.3368    87.5304    30.0
20230512.1100     0.8282     4.3587    86.5430    30.0
20230512.1200     0.8212     4.3782    85.5776    30.0
20230512.1300     0.8121     4.4001    84.7932    30.0
20230512.1400     0.8046     4.4165    84.1898    30.0
20230512.1500     0.7971     4.4346    83.6961    30.0
20230512.1600     0.7886     4.4565    83.4054    30.0
20230512.1700     0.7781     4.4795    83.4602    30.0
20230512.1800     0.7655     4.5082    83.5315    30.0
20230512.1900     0.7512     4.5425    83.3450    30.0
20230512.2000     0.7373     4.5723    83.0433    30.0
20230512.2100     0.7229     4.6021    82.8130    30.0
20230512.2200     0.7093     4.6248    82.7800    30.0
20230512.2300     0.6930     4.6656    82.4235    30.0
20230513.0000     0.6775     4.7006    82.1273    30.0
20230513.0100     0.6632     4.7250    81.9572    30.0
20230513.0200     0.6500     4.7443    81.9298    30.0
20230513.0300     0.6372     4.7625    81.9243    30.0
20230513.0400     0.6237     4.7884    81.7982    30.0
20230513.0500     0.6101     4.8195    81.6007    30.0
20230513.0600     0.5969     4.8498    81.3483    30.0
20230513.0700     0.5850     4.8748    81.0960    30.0
20230513.0800     0.5753     4.8818    80.7066    30.0
20230513.0900     0.5651     4.8945    80.4542    30.0
20230513.1000     0.5531     4.9218    80.5694    30.0
20230513.1100     0.5476     4.8920    81.2716    30.0
20230513.1200     0.5450     4.8395    82.7581    30.0
20230513.1300     0.5485     4.7420    85.5886    30.0
20230513.1400     0.5493     4.6740    88.2051    30.0
20230513.1500     0.5562     4.5735    92.1985    30.0
20230513.1600     0.5733     4.4250    98.7426    30.0
20230513.1700     0.6036     4.2427   108.4848    30.0
20230513.1800     0.6472     4.0596   121.3316    30.0
20230513.1900     0.6941     3.9317   133.7123    30.0
20230513.2000     0.7266     3.8874   141.2657    30.0
20230513.2100     0.7428     3.8906   144.4747    30.0
20230513.2200     0.7369     3.9250   144.7654    30.0
20230513.2300     0.7672     4.0051   144.9629    30.0
20230514.0000     0.7622     4.0224   144.8861    30.0
20230514.0100     0.7574     4.0261   144.9793    30.0
20230514.0200     0.7604     4.0144   144.8861    30.0
20230514.0300     0.7691     3.9993   143.9097    30.0
20230514.0400     0.7731     3.9992   141.6277    30.0
20230514.0500     0.7516     4.0405   138.2542    30.0
20230514.0600     0.7130     4.1121   134.0414    30.0
20230514.0700     0.6700     4.2071   129.2307    30.0
20230514.0800     0.6318     4.3080   124.1347    30.0
20230514.0900     0.6008     4.4003   119.0936    30.0
20230514.1000     0.5732     4.5026   114.1732    30.0
20230514.1100     0.5535     4.5768   109.8945    30.0
20230514.1200     0.5379     4.6356   106.3784    30.0
20230514.1300     0.5287     4.6532   104.0306    30.0
20230514.1400     0.5298     4.5938   103.9703    30.0
20230514.1500     0.5432     4.4629   107.1024    30.0
20230514.1600     0.5709     4.2939   113.5094    30.0
20230514.1700     0.6053     4.1447   120.9148    30.0
20230514.1800     0.6358     4.0392   127.3601    30.0
20230514.1900     0.6529     3.9888   131.6004    30.0
20230514.2000     0.6564     3.9719   133.8055    30.0
20230514.2100     0.6499     3.9700   134.3486    30.0
20230514.2200     0.6352     3.9743   134.1401    30.0
20230514.2300     0.6220     3.9630   133.5312    30.0
20230515.0000     0.6074     3.9472   132.3793    30.0
20230515.0100     0.5917     3.9289   130.9092    30.0
20230515.0200     0.5738     3.9190   128.9399    30.0
20230515.0300     0.5529     3.9249   126.2466    30.0
20230515.0400     0.5324     3.9355   122.9224    30.0
20230515.0500     0.5164     3.9310   119.4447    30.0
20230515.0600     0.5028     3.9274   115.8627    30.0
20230515.0700     0.4890     3.9373   112.1819    30.0
20230515.0800     0.4749     3.9565   108.3092    30.0
20230515.0900     0.4647     3.9516   104.1074    30.0
20230515.1000     0.4545     3.9454    99.5709    30.0
20230515.1100     0.5204     4.1969    95.7970    30.0
20230515.1200     0.5129     4.2243    93.4273    30.0
20230515.1300     0.5013     4.2548    92.0230    30.0
20230515.1400     0.4898     4.2554    91.5238    30.0
20230515.1500     0.4821     4.1985    92.3247    30.0
20230515.1600     0.4781     4.1036    94.2007    30.0
20230515.1700     0.4730     4.0102    96.3345    30.0
20230515.1800     0.4653     3.9401    98.0679    30.0
20230515.1900     0.4552     3.8878    99.2692    30.0
20230515.2000     0.4449     3.8383   100.2786    30.0
20230515.2100     0.4358     3.7811   101.4524    30.0
20230515.2200     0.4171     3.7889   101.9516    30.0
20230515.2300     0.4063     3.7497   102.2643    30.0
20230516.0000     0.3959     3.7159   102.2698    30.0
20230516.0100     0.3842     3.6992   101.5128    30.0
20230516.0200     0.3728     3.6829   100.3883    30.0
20230516.0300     0.3643     3.6551    99.1157    30.0
20230516.0400     0.3587     3.6137    97.8211    30.0
20230516.0500     0.3577     3.5523    96.5156    30.0
20230516.0600     0.3604     3.4827    95.2265    30.0
20230516.0700     0.3663     3.4145    94.0910    30.0
20230516.0800     0.3728     3.3628    92.7800    30.0
20230516.0900     0.3757     3.3381    91.2331    30.0
20230516.1000     0.3677     3.3633    89.0005    30.0
20230516.1100     0.3652     3.3603    87.2671    30.0
20230516.1200     0.3624     3.3582    86.0823    30.0
20230516.1300     0.3567     3.3744    85.4240    30.0
20230516.1400     0.3496     3.3960    85.2759    30.0
20230516.1500     0.3451     3.3941    85.7915    30.0
20230516.1600     0.3440     3.3714    87.1739    30.0
20230516.1700     0.3438     3.3446    88.8195    30.0
20230516.1800     0.3434     3.3220    90.3115    30.0
20230516.1900     0.3415     3.3105    91.6774    30.0
20230516.2000     0.3372     3.3138    92.5990    30.0
20230516.2100     0.3334     3.3114    93.5260    30.0
20230516.2200     0.3273     3.3176    95.6434    30.0
20230516.2300     0.3262     3.2974    96.7076    30.0
20230517.0000     0.3327     3.2405    98.5397    30.0
20230517.0100     0.3419     3.1899   100.4706    30.0
20230517.0200     0.3549     3.1452   102.3411    30.0
20230517.0300     0.3673     3.1232   103.6466    30.0
20230517.0400     0.3796     3.1172   104.5353    30.0
20230517.0500     0.3892     3.1298   104.5956    30.0
20230517.0600     0.3906     3.1689   103.0542    30.0
20230517.0700     0.3869     3.2143   100.6790    30.0
20230517.0800     0.3834     3.2475    98.0076    30.0
20230517.0900     0.3807     3.2690    95.4349    30.0
20230517.1000     0.3780     3.2811    91.9078    30.0
20230517.1100     0.3818     3.2682    89.2309    30.0
20230517.1200     0.3865     3.2524    87.0587    30.0
20230517.1300     0.3893     3.2474    85.6325    30.0
20230517.1400     0.3918     3.2469    84.6999    30.0
20230517.1500     0.3956     3.2448    84.4366    30.0
20230517.1600     0.3959     3.2535    85.3582    30.0
20230517.1700     0.3950     3.2605    86.8667    30.0
20230517.1800     0.3912     3.2770    87.5743    30.0
20230517.1900     0.3845     3.3070    87.5249    30.0
20230517.2000     0.3791     3.3292    87.5688    30.0
20230517.2100     0.3757     3.3380    87.9693    30.0
20230517.2200     0.3750     3.3294    90.3225    30.0
20230517.2300     0.3766     3.3129    91.6610    30.0
20230518.0000     0.3761     3.3084    92.5551    30.0
20230518.0100     0.3753     3.3075    92.8458    30.0
20230518.0200     0.3750     3.3027    92.9061    30.0
20230518.0300     0.3720     3.3117    92.3686    30.0
20230518.0400     0.3652     3.3401    91.2221    30.0
20230518.0500     0.3572     3.3722    90.0208    30.0
20230518.0600     0.3488     3.4068    88.7756    30.0
20230518.0700     0.3415     3.4339    87.4536    30.0
20230518.0800     0.3343     3.4622    86.5101    30.0
20230518.0900     0.3291     3.4751    85.7806    30.0
20230518.1000     0.3194     3.5196    83.9100    30.0
20230518.1100     0.3359     3.6145    83.2134    30.0
20230518.1200     0.3295     3.6017    82.7416    30.0
20230518.1300     0.3260     3.5736    82.6539    30.0
20230518.1400     0.3283     3.5068    83.0598    30.0
20230518.1500     0.3369     3.4156    83.9704    30.0
20230518.1600     0.3430     3.3566    84.6177    30.0
20230518.1700     0.3424     3.3524    85.3033    30.0
20230518.1800     0.3393     3.3617    86.2688    30.0
20230518.1900     0.3373     3.3606    87.5743    30.0
20230518.2000     0.3385     3.3383    89.7740    30.0
20230518.2100     0.3408     3.3141    91.9133    30.0
20230518.2200     0.3382     3.3172    93.8003    30.0
20230518.2300     0.3384     3.3097    94.2720    30.0
20230519.0000     0.3358     3.3197    93.9374    30.0
20230519.0100     0.3324     3.3301    93.2243    30.0
20230519.0200     0.3305     3.3292    92.7251    30.0
20230519.0300     0.3286     3.3288    92.0833    30.0
20230519.0400     0.3284     3.3175    91.7542    30.0
20230519.0500     0.3285     3.3082    91.2715    30.0
20230519.0600     0.3288     3.3020    90.4542    30.0
20230519.0700     0.3295     3.2956    89.2309    30.0
20230519.0800     0.3337     3.2700    88.1229    30.0
20230519.0900     0.3430     3.2268    87.5743    30.0
20230519.1000     0.3401     3.2464    84.1075    30.0
20230519.1100     0.3350     3.2819    83.3066    30.0
20230519.1200     0.3327     3.2977    82.8349    30.0
20230519.1300     0.3315     3.3075    82.6374    30.0
20230519.1400     0.3342     3.2938    82.9830    30.0
20230519.1500     0.3408     3.2639    83.6413    30.0
20230519.1600     0.3509     3.2262    84.5134    30.0
20230519.1700     0.3659     3.1857    85.5228    30.0
20230519.1800     0.3781     3.1707    86.1316    30.0
20230519.1900     0.3867     3.1751    86.2633    30.0
20230519.2000     0.3925     3.1899    86.1426    30.0
20230519.2100     0.3942     3.2176    85.6818    30.0
20230519.2200     0.3931     3.2480    85.4898    30.0
20230519.2300     0.4605     3.5150    85.3472    30.0
20230520.0000     0.4728     3.5827    84.8371    30.0
20230520.0100     0.4844     3.6251    84.9084    30.0
20230520.0200     0.5037     3.6155    86.0713    30.0
20230520.0300     0.5224     3.6029    86.9929    30.0
20230520.0400     0.5319     3.6153    87.4481    30.0
20230520.0500     0.5315     3.6478    87.2013    30.0
20230520.0600     0.5257     3.6837    86.5760    30.0
20230520.0700     0.5184     3.7112    85.8683    30.0
20230520.0800     0.5116     3.7272    85.1662    30.0
20230520.0900     0.5032     3.7448    84.5025    30.0
20230520.1000     0.4870     3.7969    83.7839    30.0
20230520.1100     0.4765     3.8165    83.1256    30.0
20230520.1200     0.4687     3.8168    82.7087    30.0
20230520.1300     0.4610     3.8162    82.4399    30.0
20230520.1400     0.4514     3.8278    82.1053    30.0
20230520.1500     0.4426     3.8352    81.7982    30.0
20230520.1600     0.4342     3.8382    81.7104    30.0
20230520.1700     0.4243     3.8541    81.3977    30.0
20230520.1800     0.4149     3.8712    81.0302    30.0
20230520.1900     0.4062     3.8846    80.6462    30.0
20230520.2000     0.3978     3.9011    80.3116    30.0
20230520.2100     0.3918     3.8985    80.2403    30.0
20230520.2200     0.3937     3.8352    81.8859    30.0
20230520.2300     0.4046     3.7230    84.2227    30.0
20230521.0000     0.4184     3.6215    86.2523    30.0
20230521.0100     0.4345     3.5376    87.5908    30.0
20230521.0200     0.4464     3.4924    88.1832    30.0
20230521.0300     0.4573     3.4654    88.5727    30.0
20230521.0400     0.4688     3.4498    88.7427    30.0
20230521.0500     0.4779     3.4536    88.1338    30.0
20230521.0600     0.4833     3.4744    87.2891    30.0
20230521.0700     0.4813     3.5233    86.3291    30.0
20230521.0800     0.4772     3.5766    85.3692    30.0
20230521.0900     0.4751     3.6181    84.5080    30.0
20230521.1000     0.4750     3.6450    83.7455    30.0
20230521.1100     0.4821     3.6679    83.1256    30.0
20230521.1200     0.4810     3.7081    82.4564    30.0
20230521.1300     0.4755     3.7724    81.7652    30.0
20230521.1400     0.4694     3.8405    81.1234    30.0
20230521.1500     0.4658     3.8882    80.7943    30.0
20230521.1600     0.4648     3.9149    80.9699    30.0
20230521.1700     0.4657     3.9264    81.7214    30.0
20230521.1800     0.4671     3.9309    82.9282    30.0
20230521.1900     0.4679     3.9353    84.1624    30.0
20230521.2000     0.4680     3.9407    85.2430    30.0
20230521.2100     0.4667     3.9504    86.0603    30.0
20230521.2200     0.4593     3.9988    86.5047    30.0
20230521.2300     0.4564     4.0111    86.5211    30.0
20230522.0000     0.4556     4.0033    86.8228    30.0
20230522.0100     0.4546     3.9974    86.9874    30.0
20230522.0200     0.4555     3.9782    87.3823    30.0
20230522.0300     0.4570     3.9588    87.5140    30.0
20230522.0400     0.4613     3.9241    87.6237    30.0
20230522.0500     0.4707     3.8672    87.6401    30.0
20230522.0600     0.4835     3.8053    87.4372    30.0
20230522.0700     0.4986     3.7523    87.1190    30.0
20230522.0800     0.5071     3.7410    86.4663    30.0
20230522.0900     0.5105     3.7497    85.7148    30.0
20230522.1000     0.4980     3.8310    84.2995    30.0
20230522.1100     0.4896     3.8866    83.4548    30.0
20230522.1200     0.4833     3.9310    82.7252    30.0
20230522.1300     0.4774     3.9774    82.1053    30.0
20230522.1400     0.4730     4.0156    81.5733    30.0
20230522.1500     0.4694     4.0554    81.0905    30.0
20230522.1600     0.4657     4.0981    80.7504    30.0
20230522.1700     0.4642     4.1228    80.7669    30.0
20230522.1800     0.4638     4.1366    81.0192    30.0
20230522.1900     0.4633     4.1543    81.1454    30.0
20230522.2000     0.4616     4.1795    81.0741    30.0
20230522.2100     0.4598     4.1994    81.0796    30.0
20230522.2200     0.4578     4.2153    81.7214    30.0
20230522.2300     0.5494     4.5826    82.5716    30.0
20230523.0000     0.5360     4.5299    82.5771    30.0
20230523.0100     0.5241     4.4930    82.5113    30.0
20230523.0200     0.5138     4.4566    82.5003    30.0
20230523.0300     0.5040     4.4279    82.4729    30.0
20230523.0400     0.4942     4.4084    82.3906    30.0
20230523.0500     0.4848     4.3902    82.2973    30.0
20230523.0600     0.4751     4.3805    82.0340    30.0
20230523.0700     0.4671     4.3617    81.8749    30.0
20230523.0800     0.4602     4.3369    81.8475    30.0
20230523.0900     0.4555     4.3006    81.9133    30.0
20230523.1000     0.4499     4.2727    81.4526    30.0
20230523.1100     0.4479     4.2248    81.1344    30.0
20230523.1200     0.4437     4.2011    81.0192    30.0
20230523.1300     0.4401     4.1785    81.0357    30.0
20230523.1400     0.4380     4.1461    81.3758    30.0
20230523.1500     0.4363     4.1165    81.8640    30.0
20230523.1600     0.4382     4.0610    82.9172    30.0
20230523.1700     0.4394     4.0183    84.1514    30.0
20230523.1800     0.4387     3.9930    85.2540    30.0
20230523.1900     0.4390     3.9631    86.5924    30.0
20230523.2000     0.4387     3.9389    87.6895    30.0
20230523.2100     0.4400     3.9100    88.7592    30.0
20230523.2200     0.4399     3.8909    90.0098    30.0
20230523.2300     0.4469     3.8384    91.1508    30.0
20230524.0000     0.4504     3.8127    91.1234    30.0
20230524.0100     0.4534     3.7907    90.2457    30.0
20230524.0200     0.4585     3.7601    89.4174    30.0
20230524.0300     0.4634     3.7349    88.6165    30.0
20230524.0400     0.4663     3.7220    87.6895    30.0
20230524.0500     0.4682     3.7152    86.9215    30.0
20230524.0600     0.4682     3.7192    86.3511    30.0
20230524.0700     0.4699     3.7139    86.0658    30.0
20230524.0800     0.4734     3.7010    85.8683    30.0
20230524.0900     0.4793     3.6782    85.9671    30.0
20230524.1000     0.4727     3.7169    85.3363    30.0
20230524.1100     0.4749     3.7042    85.3088    30.0
20230524.1200     0.4837     3.6620    85.7093    30.0
20230524.1300     0.4926     3.6329    86.0439    30.0
20230524.1400     0.4948     3.6384    86.3346    30.0
20230524.1500     0.4924     3.6619    86.6363    30.0
20230524.1600     0.4890     3.6861    87.0532    30.0
20230524.1700     0.4831     3.7166    87.3439    30.0
20230524.1800     0.4791     3.7335    87.9967    30.0
20230524.1900     0.4764     3.7408    88.8908    30.0
20230524.2000     0.4758     3.7394    90.0647    30.0
20230524.2100     0.4784     3.7223    91.8310    30.0
20230524.2200     0.4780     3.7244    93.1969    30.0
20230524.2300     0.4773     3.7273    93.6302    30.0
20230525.0000     0.4749     3.7344    93.9813    30.0
20230525.0100     0.4746     3.7278    94.9083    30.0
20230525.0200     0.4780     3.7087    96.2577    30.0
20230525.0300     0.4801     3.7058    96.9050    30.0
20230525.0400     0.4788     3.7254    96.5649    30.0
20230525.0500     0.4755     3.7588    95.4569    30.0
20230525.0600     0.4752     3.7777    94.3872    30.0
20230525.0700     0.4771     3.7875    92.9884    30.0
20230525.0800     0.4817     3.7872    90.9149    30.0
20230525.0900     0.4872     3.7900    88.8634    30.0
20230525.1000     0.4835     3.8388    86.6198    30.0
20230525.1100     0.4882     3.8435    84.3215    30.0
20230525.1200     0.4883     3.8787    83.1037    30.0
20230525.1300     0.4875     3.9227    82.3961    30.0
20230525.1400     0.4964     3.9165    82.2370    30.0
20230525.1500     0.5110     3.8914    82.8130    30.0
20230525.1600     0.5228     3.8885    83.6577    30.0
20230525.1700     0.5329     3.8953    84.6231    30.0
20230525.1800     0.5445     3.8929    86.1646    30.0
20230525.1900     0.5522     3.9088    87.4372    30.0
20230525.2000     0.5563     3.9440    87.8541    30.0
20230525.2100     0.5590     3.9808    87.9967    30.0
20230525.2200     0.5585     4.0278    87.8925    30.0
20230525.2300     0.5711     4.0785    87.8815    30.0
20230526.0000     0.5754     4.0899    88.0077    30.0
20230526.0100     0.5803     4.0887    88.5562    30.0
20230526.0200     0.5870     4.0722    89.6478    30.0
20230526.0300     0.5890     4.0795    90.0537    30.0
20230526.0400     0.5889     4.0939    90.1195    30.0
20230526.0500     0.5850     4.1261    89.4778    30.0
20230526.0600     0.5792     4.1660    88.2984    30.0
20230526.0700     0.5739     4.1993    87.0203    30.0
20230526.0800     0.5716     4.2127    85.8519    30.0
20230526.0900     0.5722     4.2104    84.8206    30.0
20230526.1000     0.5685     4.2283    83.3286    30.0
20230526.1100     0.5680     4.2281    82.0176    30.0
20230526.1200     0.5673     4.2277    80.8766    30.0
20230526.1300     0.5714     4.1986    79.6698    30.0
20230526.1400     0.5771     4.1673    78.8580    30.0
20230526.1500     0.5856     4.1280    78.6166    30.0
20230526.1600     0.5957     4.0913    78.8525    30.0
20230526.1700     0.6020     4.0789    79.4723    30.0
20230526.1800     0.6025     4.0900    80.1361    30.0
20230526.1900     0.6013     4.1040    80.9369    30.0
20230526.2000     0.6008     4.1099    81.8969    30.0
20230526.2100     0.5982     4.1238    82.6374    30.0
20230526.2200     0.5918     4.1515    82.9172    30.0
20230526.2300     0.5892     4.1585    83.3944    30.0
20230527.0000     0.5870     4.1615    83.8881    30.0
20230527.0100     0.5950     4.1192    85.7422    30.0
20230527.0200     0.6052     4.0883    87.4975    30.0
20230527.0300     0.6064     4.1210    87.5359    30.0
20230527.0400     0.6053     4.1741    86.8996    30.0
20230527.0500     0.6046     4.2292    86.2797    30.0
20230527.0600     0.6019     4.3007    85.3911    30.0
20230527.0700     0.5995     4.3726    84.4421    30.0
20230527.0800     0.6008     4.4212    83.7345    30.0
20230527.0900     0.6014     4.4715    83.0817    30.0
20230527.1000     0.6007     4.5236    82.2589    30.0
20230527.1100     0.5997     4.5805    81.6226    30.0
20230527.1200     0.5964     4.6520    81.1948    30.0
20230527.1300     0.5945     4.7073    81.0741    30.0
20230527.1400     0.5940     4.7454    81.5403    30.0
20230527.1500     0.5941     4.7708    82.4290    30.0
20230527.1600     0.5949     4.7843    83.6303    30.0
20230527.1700     0.5987     4.7684    85.5886    30.0
20230527.1800     0.6021     4.7477    87.7389    30.0
20230527.1900     0.6121     4.6777    91.1124    30.0
20230527.2000     0.6251     4.5907    94.9961    30.0
20230527.2100     0.6335     4.5339    98.0734    30.0
20230527.2200     0.6219     4.5824    98.0954    30.0
20230527.2300     0.6090     4.6239    97.3493    30.0
20230528.0000     0.5968     4.6452    96.6692    30.0
20230528.0100     0.5863     4.6466    96.0932    30.0
20230528.0200     0.5763     4.6411    95.3691    30.0
20230528.0300     0.5675     4.6251    94.5298    30.0
20230528.0400     0.5605     4.5967    93.6796    30.0
20230528.0500     0.5546     4.5617    92.8513    30.0
20230528.0600     0.5505     4.5165    91.9572    30.0
20230528.0700     0.5508     4.4414    90.8162    30.0
20230528.0800     0.5564     4.3423    89.7411    30.0
20230528.0900     0.5612     4.2650    88.8634    30.0
20230528.1000     0.5566     4.2528    88.0077    30.0
20230528.1100     0.5668     4.3364    87.3439    30.0
20230528.1200     0.5540     4.4046    86.5430    30.0
20230528.1300     0.5442     4.4626    85.7477    30.0
20230528.1400     0.5360     4.5192    85.0784    30.0
20230528.1500     0.5301     4.5691    84.6012    30.0
20230528.1600     0.5277     4.5938    84.7054    30.0
20230528.1700     0.5284     4.5964    85.3417    30.0
20230528.1800     0.5312     4.5817    86.4169    30.0
20230528.1900     0.5373     4.5411    88.2710    30.0
20230528.2000     0.5444     4.4943    90.4103    30.0
20230528.2100     0.5496     4.4619    92.1492    30.0
20230528.2200     0.5491     4.4678    93.1914    30.0
20230528.2300     0.5462     4.4816    93.0213    30.0
20230529.0000     0.5418     4.4951    92.4947    30.0
20230529.0100     0.5388     4.4858    92.0669    30.0
20230529.0200     0.5407     4.4364    92.1327    30.0
20230529.0300     0.5429     4.3851    92.2095    30.0
20230529.0400     0.5452     4.3364    92.1272    30.0
20230529.0500     0.5483     4.2862    91.8420    30.0
20230529.0600     0.5512     4.2428    91.2221    30.0
20230529.0700     0.5547     4.2012    90.2951    30.0
20230529.0800     0.5574     4.1698    89.1706    30.0
20230529.0900     0.5597     4.1437    88.1064    30.0
20230529.1000     0.5665     4.0993    86.9435    30.0
20230529.1100     0.5727     4.0650    85.7806    30.0
20230529.1200     0.5722     4.0668    84.6122    30.0
20230529.1300     0.5656     4.0986    83.8387    30.0
20230529.1400     0.5539     4.1553    83.2902    30.0
20230529.1500     0.5423     4.2110    82.8294    30.0
20230529.1600     0.5329     4.2538    82.4345    30.0
20230529.1700     0.5260     4.2809    82.1821    30.0
20230529.1800     0.5211     4.2945    82.2425    30.0
20230529.1900     0.5164     4.3094    82.3577    30.0
20230529.2000     0.5138     4.3084    82.8075    30.0
20230529.2100     0.5146     4.2821    83.7400    30.0
20230529.2200     0.5296     4.1665    86.8667    30.0
20230529.2300     0.5425     4.0816    88.7153    30.0
20230530.0000     0.5516     4.0297    90.2018    30.0
20230530.0100     0.5602     3.9880    91.7432    30.0
20230530.0200     0.5643     3.9742    92.6209    30.0
20230530.0300     0.5645     3.9802    92.7526    30.0
20230530.0400     0.5607     4.0053    92.1492    30.0
20230530.0500     0.5579     4.0214    91.4306    30.0
20230530.0600     0.5601     4.0126    90.8327    30.0
20230530.0700     0.5701     3.9727    90.2622    30.0
20230530.0800     0.5862     3.9233    89.4942    30.0
20230530.0900     0.6050     3.8863    88.5452    30.0
20230530.1000     0.6235     3.8639    87.1410    30.0
20230530.1100     0.6416     3.8563    85.4734    30.0
20230530.1200     0.6419     3.8981    84.1898    30.0
20230530.1300     0.6326     3.9550    83.2024    30.0
20230530.1400     0.6213     4.0126    82.5881    30.0
20230530.1500     0.6087     4.0744    82.4125    30.0
20230530.1600     0.5962     4.1338    82.6813    30.0
20230530.1700     0.5857     4.1825    83.3396    30.0
20230530.1800     0.5780     4.2125    84.4092    30.0
20230530.1900     0.5731     4.2238    85.7477    30.0
20230530.2000     0.5712     4.2141    87.4865    30.0
20230530.2100     0.5756     4.1677    90.2896    30.0
20230530.2200     0.5807     4.1289    93.3395    30.0
20230530.2300     0.5851     4.0964    95.2868    30.0
20230531.0000     0.5822     4.0942    96.2139    30.0
20230531.0100     0.5763     4.0957    96.8063    30.0
20230531.0200     0.5702     4.0932    97.3000    30.0
20230531.0300     0.5648     4.0883    97.6236    30.0
20230531.0400     0.5566     4.1003    97.2671    30.0
20230531.0500     0.5451     4.1317    95.9944    30.0
20230531.0600     0.5357     4.1548    94.5189    30.0
20230531.0700     0.5294     4.1638    93.0652    30.0
20230531.0800     0.5250     4.1648    91.5677    30.0
20230531.0900     0.5239     4.1520    89.9495    30.0
20230531.1000     0.5224     4.1429    87.8266    30.0
20230531.1100     0.5857     4.3918    86.4169    30.0
20230531.1200     0.5859     4.4620    85.5831    30.0
20230531.1300     0.5865     4.5052    85.0071    30.0
20230531.1400     0.5872     4.5238    84.7767    30.0
20230531.1500     0.5914     4.4953    85.1223    30.0
20230531.1600     0.5998     4.4288    86.1042    30.0
20230531.1700     0.6116     4.3392    87.9254    30.0
20230531.1800     0.6183     4.2774    89.8946    30.0
20230531.1900     0.6218     4.2300    91.8255    30.0
20230531.2000     0.6231     4.1946    93.4547    30.0
20230531.2100     0.6212     4.1745    94.5737    30.0
20230531.2200     0.6113     4.1872    94.9467    30.0
20230531.2300     0.6048     4.1842    95.1113    30.0
20230601.0000     0.6001     4.1756    95.1113    30.0
20230601.0100     0.6015     4.1425    95.4020    30.0
20230601.0200     0.6127     4.0825    96.1535    30.0
20230601.0300     0.6271     4.0353    96.5594    30.0
20230601.0400     0.6368     4.0241    96.0658    30.0
20230601.0500     0.6360     4.0555    94.5189    30.0
20230601.0600     0.6337     4.0890    92.7855    30.0
20230601.0700     0.6326     4.1132    91.2660    30.0
20230601.0800     0.6320     4.1297    89.7685    30.0
20230601.0900     0.6331     4.1344    88.1887    30.0
20230601.1000     0.6236     4.1787    86.1810    30.0
20230601.1100     0.6151     4.2146    84.6341    30.0
20230601.1200     0.6089     4.2345    83.3505    30.0
20230601.1300     0.6027     4.2551    82.2973    30.0
20230601.1400     0.5986     4.2655    81.6500    30.0
20230601.1500     0.5950     4.2701    81.5129    30.0
20230601.1600     0.5909     4.2762    81.7872    30.0
20230601.1700     0.5874     4.2759    82.4180    30.0
20230601.1800     0.5858     4.2589    83.5041    30.0
20230601.1900     0.5854     4.2349    84.8042    30.0
20230601.2000     0.5865     4.2040    86.3675    30.0
20230601.2100     0.5887     4.1687    88.1174    30.0
20230601.2200     0.5800     4.1949    88.2874    30.0
20230601.2300     0.5884     4.2548    88.0186    30.0
20230602.0000     0.5846     4.2652    87.7114    30.0
20230602.0100     0.5839     4.2530    87.7005    30.0
20230602.0200     0.5914     4.1975    88.5781    30.0
20230602.0300     0.6048     4.1253    90.0428    30.0
20230602.0400     0.6206     4.0605    91.7103    30.0
20230602.0500     0.6336     4.0298    92.5661    30.0
20230602.0600     0.6373     4.0442    91.8310    30.0
20230602.0700     0.6330     4.0837    90.0592    30.0
20230602.0800     0.6272     4.1186    87.8157    30.0
20230602.0900     0.6212     4.1493    85.6160    30.0
20230602.1000     0.6117     4.1901    83.5919    30.0
20230602.1100     0.6069     4.2070    81.7762    30.0
20230602.1200     0.6046     4.2105    80.2293    30.0
20230602.1300     0.6025     4.2163    79.1432    30.0
20230602.1400     0.6004     4.2267    78.4356    30.0
20230602.1500     0.5996     4.2331    78.1449    30.0
20230602.1600     0.6008     4.2321    78.5672    30.0
20230602.1700     0.6017     4.2386    79.0170    30.0
20230602.1800     0.6026     4.2558    79.3517    30.0
20230602.1900     0.6039     4.2774    79.6314    30.0
20230602.2000     0.6058     4.2994    79.9386    30.0
20230602.2100     0.6092     4.3150    80.4158    30.0
20230602.2200     0.6097     4.3462    80.8217    30.0
20230602.2300     0.6090     4.3813    80.5530    30.0
20230603.0000     0.6072     4.4125    80.1909    30.0
20230603.0100     0.6049     4.4368    79.8563    30.0
20230603.0200     0.6021     4.4560    79.6204    30.0
20230603.0300     0.6002     4.4625    79.6259    30.0
20230603.0400     0.5996     4.4559    79.8563    30.0
20230603.0500     0.5985     4.4495    79.9989    30.0
20230603.0600     0.5950     4.4567    79.7685    30.0
20230603.0700     0.5893     4.4747    79.2035    30.0
20230603.0800     0.5832     4.4939    78.4740    30.0
20230603.0900     0.5769     4.5122    77.8212    30.0
20230603.1000     0.5702     4.5334    77.0313    30.0
20230603.1100     0.6882     5.0120    76.6638    30.0
20230603.1200     0.6659     4.9898    76.2414    30.0
20230603.1300     0.6473     4.9754    75.8739    30.0
20230603.1400     0.6319     4.9553    75.6490    30.0
20230603.1500     0.6190     4.9308    75.8135    30.0
20230603.1600     0.6099     4.8849    76.5157    30.0
20230603.1700     0.6037     4.8222    77.5634    30.0
20230603.1800     0.5965     4.7744    78.4027    30.0
20230603.1900     0.5876     4.7460    78.9786    30.0
20230603.2000     0.5770     4.7334    79.2913    30.0
20230603.2100     0.5665     4.7186    79.5930    30.0
20230603.2200     0.5561     4.7043    80.5365    30.0
20230603.2300     0.5499     4.6553    81.5074    30.0
20230604.0000     0.5409     4.6351    81.9298    30.0
20230604.0100     0.5323     4.6120    82.2918    30.0
20230604.0200     0.5271     4.5591    83.2957    30.0
20230604.0300     0.5222     4.5090    84.1733    30.0
20230604.0400     0.5152     4.4815    84.4092    30.0
20230604.0500     0.5054     4.4789    84.0088    30.0
20230604.0600     0.4951     4.4817    83.3999    30.0
20230604.0700     0.4845     4.4911    82.6978    30.0
20230604.0800     0.4749     4.4978    81.9627    30.0
20230604.0900     0.4661     4.5010    81.2935    30.0
20230604.1000     0.4582     4.4992    79.7521    30.0
20230604.1100     0.4508     4.5055    79.3626    30.0
20230604.1200     0.4432     4.5220    79.1651    30.0
20230604.1300     0.4375     4.5224    79.0170    30.0
20230604.1400     0.4317     4.5327    78.8580    30.0
20230604.1500     0.4261     4.5479    78.6824    30.0
20230604.1600     0.4231     4.5277    78.8689    30.0
20230604.1700     0.4200     4.5117    79.1651    30.0
20230604.1800     0.4167     4.5012    79.2419    30.0
20230604.1900     0.4123     4.5076    79.3352    30.0
20230604.2000     0.4083     4.5063    79.4230    30.0
20230604.2100     0.4040     4.5050    79.4559    30.0
20230604.2200     0.3916     4.6082    79.0938    30.0
20230604.2300     0.4040     4.6803    79.0774    30.0
20230605.0000     0.4058     4.7107    78.9732    30.0
20230605.0100     0.4098     4.7009    79.1213    30.0
20230605.0200     0.4160     4.6422    79.9057    30.0
20230605.0300     0.4220     4.5800    81.2002    30.0
20230605.0400     0.4292     4.4890    82.9720    30.0
20230605.0500     0.4357     4.3883    84.5080    30.0
20230605.0600     0.4406     4.2920    85.4131    30.0
20230605.0700     0.4410     4.2307    85.5282    30.0
20230605.0800     0.4339     4.2225    84.8810    30.0
20230605.0900     0.4238     4.2282    84.0252    30.0
20230605.1000     0.4205     4.1582    81.4690    30.0
20230605.1100     0.4133     4.1308    80.7559    30.0
20230605.1200     0.4066     4.1034    80.1086    30.0
20230605.1300     0.4011     4.0701    79.6534    30.0
20230605.1400     0.3969     4.0306    79.4723    30.0
20230605.1500     0.3955     3.9761    79.7301    30.0
20230605.1600     0.3975     3.9046    80.9753    30.0
20230605.1700     0.4014     3.8389    82.5222    30.0
20230605.1800     0.4037     3.8026    83.3012    30.0
20230605.1900     0.4041     3.7935    83.2847    30.0
20230605.2000     0.4049     3.7896    83.1147    30.0
20230605.2100     0.4067     3.7900    82.9336    30.0
20230605.2200     0.4046     3.8244    82.6100    30.0
20230605.2300     0.4073     3.8356    81.9517    30.0
20230606.0000     0.4127     3.8281    81.6281    30.0
20230606.0100     0.4230     3.7951    82.0011    30.0
20230606.0200     0.4366     3.7609    82.6978    30.0
20230606.0300     0.4456     3.7651    82.5277    30.0
20230606.0400     0.4493     3.7962    81.6994    30.0
20230606.0500     0.4495     3.8389    80.6078    30.0
20230606.0600     0.4467     3.8906    79.4833    30.0
20230606.0700     0.4438     3.9394    78.5508    30.0
20230606.0800     0.4402     3.9908    77.7828    30.0
20230606.0900     0.4374     4.0302    77.1959    30.0
20230606.1000     0.4353     4.0499    76.1701    30.0
20230606.1100     0.4377     4.0721    75.7532    30.0
20230606.1200     0.4366     4.0798    75.7752    30.0
20230606.1300     0.4374     4.0668    76.6748    30.0
20230606.1400     0.4401     4.0363    78.3259    30.0
20230606.1500     0.4400     4.0247    79.3517    30.0
20230606.1600     0.4371     4.0318    79.7795    30.0
20230606.1700     0.4316     4.0587    79.5601    30.0
20230606.1800     0.4250     4.0927    79.0554    30.0
20230606.1900     0.4201     4.1117    78.7867    30.0
20230606.2000     0.4184     4.0988    79.1706    30.0
20230606.2100     0.4186     4.0720    80.1251    30.0
20230606.2200     0.4127     4.1074    80.4487    30.0
20230606.2300     0.4173     4.0544    80.9095    30.0
20230607.0000     0.4288     3.9623    82.2425    30.0
20230607.0100     0.4437     3.8740    84.1349    30.0
20230607.0200     0.4604     3.7929    86.3127    30.0
20230607.0300     0.4773     3.7331    88.1393    30.0
20230607.0400     0.4917     3.7101    88.8853    30.0
20230607.0500     0.4977     3.7395    88.0570    30.0
20230607.0600     0.5004     3.7863    86.7515    30.0
20230607.0700     0.5070     3.8130    85.6599    30.0
20230607.0800     0.5199     3.8158    84.9523    30.0
20230607.0900     0.5309     3.8334    84.0801    30.0
20230607.1000     0.5474     3.8352    83.4493    30.0
20230607.1100     0.5677     3.8375    82.8733    30.0
20230607.1200     0.5853     3.8621    82.0121    30.0
20230607.1300     0.6111     3.8711    81.5349    30.0
20230607.1400     0.6542     3.8429    83.2737    30.0
20230607.1500     0.6959     3.8467    85.6215    30.0
20230607.1600     0.7190     3.9076    86.5595    30.0
20230607.1700     0.7367     3.9791    86.7570    30.0
20230607.1800     0.7496     4.0574    86.3949    30.0
20230607.1900     0.7569     4.1363    85.9122    30.0
20230607.2000     0.7577     4.2177    85.1772    30.0
20230607.2100     0.7569     4.2892    84.6341    30.0
20230607.2200     0.7586     4.3502    83.8113    30.0
20230607.2300     0.9455     4.8742    83.5809    30.0
20230608.0000     0.9351     4.8805    82.9501    30.0
20230608.0100     0.9303     4.8737    82.6265    30.0
20230608.0200     0.9292     4.8594    82.5277    30.0
20230608.0300     0.9245     4.8609    82.2809    30.0
20230608.0400     0.9131     4.8842    81.6171    30.0
20230608.0500     0.8980     4.9147    80.7614    30.0
20230608.0600     0.8808     4.9456    79.8783    30.0
20230608.0700     0.8654     4.9605    79.1542    30.0
20230608.0800     0.8495     4.9707    78.5069    30.0
20230608.0900     0.8323     4.9810    77.8651    30.0
20230608.1000     0.8128     4.9937    77.1630    30.0
20230608.1100     0.7959     4.9886    76.7077    30.0
20230608.1200     0.7803     4.9730    76.4005    30.0
20230608.1300     0.7645     4.9565    76.1427    30.0
20230608.1400     0.7508     4.9259    75.9946    30.0
20230608.1500     0.7389     4.8832    76.0001    30.0
20230608.1600     0.7284     4.8351    76.2195    30.0
20230608.1700     0.7187     4.7829    76.6638    30.0
20230608.1800     0.7098     4.7253    77.4701    30.0
20230608.1900     0.7022     4.6633    78.6605    30.0
20230608.2000     0.6976     4.5877    80.3994    30.0
20230608.2100     0.6934     4.5168    82.3083    30.0
20230608.2200     0.6867     4.4668    84.1020    30.0
20230608.2300     0.6819     4.4124    85.7202    30.0
20230609.0000     0.6768     4.3630    87.1464    30.0
20230609.0100     0.6673     4.3372    87.8102    30.0
20230609.0200     0.6540     4.3291    87.8431    30.0
20230609.0300     0.6404     4.3254    87.5195    30.0
20230609.0400     0.6260     4.3316    86.7241    30.0
20230609.0500     0.6101     4.3501    85.4953    30.0
20230609.0600     0.5962     4.3611    84.1624    30.0
20230609.0700     0.5847     4.3631    82.8623    30.0
20230609.0800     0.5746     4.3626    81.7323    30.0
20230609.0900     0.5651     4.3631    80.7120    30.0
20230609.1000     0.5547     4.3674    79.6150    30.0
20230609.1100     0.5490     4.3483    79.0006    30.0
20230609.1200     0.5449     4.3258    78.7428    30.0
20230609.1300     0.5440     4.2774    79.3462    30.0
20230609.1400     0.5501     4.1870    81.6830    30.0
20230609.1500     0.5561     4.1072    84.4312    30.0
20230609.1600     0.5521     4.0989    85.4679    30.0
20230609.1700     0.5415     4.1277    85.0949    30.0
20230609.1800     0.5297     4.1563    84.3324    30.0
20230609.1900     0.5207     4.1611    84.1514    30.0
20230609.2000     0.5152     4.1395    84.9139    30.0
20230609.2100     0.5134     4.0974    86.7350    30.0
20230609.2200     0.5030     4.1134    87.4975    30.0
20230609.2300     0.5000     4.0777    88.3532    30.0
20230610.0000     0.5004     4.0210    89.7904    30.0
20230610.0100     0.5043     3.9473    92.0614    30.0
20230610.0200     0.5096     3.8724    94.6889    30.0
20230610.0300     0.5099     3.8352    96.1371    30.0
20230610.0400     0.5041     3.8269    96.2029    30.0
20230610.0500     0.4943     3.8358    95.2210    30.0
20230610.0600     0.4823     3.8544    93.6741    30.0
20230610.0700     0.4689     3.8816    91.9023    30.0
20230610.0800     0.4564     3.9043    90.1854    30.0
20230610.0900     0.4455     3.9229    88.5507    30.0
20230610.1000     0.4310     3.9690    86.4498    30.0
20230610.1100     0.4234     3.9711    84.9687    30.0
20230610.1200     0.4205     3.9354    83.6358    30.0
20230610.1300     0.4191     3.8997    82.8568    30.0
20230610.1400     0.4218     3.8385    82.7197    30.0
20230610.1500     0.4298     3.7557    83.9320    30.0
20230610.1600     0.4421     3.6644    86.4772    30.0
20230610.1700     0.4552     3.5914    90.0702    30.0
20230610.1800     0.4634     3.5553    93.5754    30.0
20230610.1900     0.4675     3.5382    96.8282    30.0
20230610.2000     0.4670     3.5354    99.4448    30.0
20230610.2100     0.4648     3.5358   101.6444    30.0
20230610.2200     0.4690     3.5121   105.0015    30.0
20230610.2300     0.4962     3.5593   107.0256    30.0
20230611.0000     0.5024     3.5278   108.3970    30.0
20230611.0100     0.5065     3.5145   109.3021    30.0
20230611.0200     0.5092     3.5160   109.5873    30.0
20230611.0300     0.5091     3.5346   108.7261    30.0
20230611.0400     0.5070     3.5660   106.9159    30.0
20230611.0500     0.5022     3.6096   104.3542    30.0
20230611.0600     0.4940     3.6704   101.0794    30.0
20230611.0700     0.4841     3.7433    97.4920    30.0
20230611.0800     0.4735     3.8227    93.9429    30.0
20230611.0900     0.4635     3.9020    90.8107    30.0
20230611.1000     0.4537     3.9776    87.5304    30.0
20230611.1100     0.4521     3.9915    84.9962    30.0
20230611.1200     0.4504     4.0048    83.5864    30.0
20230611.1300     0.4552     3.9691    83.0982    30.0
20230611.1400     0.4678     3.8868    84.3215    30.0
20230611.1500     0.4867     3.7894    87.6566    30.0
20230611.1600     0.5144     3.6842    93.3505    30.0
20230611.1700     0.5396     3.6329    97.8979    30.0
20230611.1800     0.5590     3.6386    99.8562    30.0
20230611.1900     0.5719     3.6838    99.9165    30.0
20230611.2000     0.5820     3.7493    99.0169    30.0
20230611.2100     0.5915     3.8234    97.7827    30.0
20230611.2200     0.5999     3.9048    96.3291    30.0
20230611.2300     0.6149     3.9695    95.2045    30.0
20230612.0000     0.6336     4.0234    94.6670    30.0
20230612.0100     0.6541     4.0705    94.6231    30.0
20230612.0200     0.6782     4.1068    94.5957    30.0
20230612.0300     0.6986     4.1611    93.6577    30.0
20230612.0400     0.7093     4.2430    91.7048    30.0
20230612.0500     0.7142     4.3355    89.3242    30.0
20230612.0600     0.7214     4.4080    87.0751    30.0
20230612.0700     0.7310     4.4567    85.0730    30.0
20230612.0800     0.7416     4.4907    83.4218    30.0
20230612.0900     0.7471     4.5354    82.3193    30.0
20230612.1000     0.7475     4.5909    81.4690    30.0
20230612.1100     0.7494     4.6304    80.6956    30.0
20230612.1200     0.7577     4.6335    80.1964    30.0
20230612.1300     0.7777     4.5906    80.2019    30.0
20230612.1400     0.8081     4.5261    80.9589    30.0
20230612.1500     0.8473     4.4564    82.7526    30.0
20230612.1600     0.8808     4.4281    84.7329    30.0
20230612.1700     0.8991     4.4476    86.0603    30.0
20230612.1800     0.9010     4.5027    86.4004    30.0
20230612.1900     0.8939     4.5658    86.2578    30.0
20230612.2000     0.8834     4.6208    86.1207    30.0
20230612.2100     0.8720     4.6660    86.1152    30.0
20230612.2200     0.8492     4.7390    85.3801    30.0
20230612.2300     0.8318     4.7784    84.8865    30.0
20230613.0000     0.8211     4.7835    84.6670    30.0
20230613.0100     0.8193     4.7445    84.9797    30.0
20230613.0200     0.8246     4.6811    85.7861    30.0
20230613.0300     0.8317     4.6241    86.6308    30.0
20230613.0400     0.8334     4.6004    86.9709    30.0
20230613.0500     0.8326     4.5940    86.9929    30.0
20230613.0600     0.8274     4.6089    86.5047    30.0
20230613.0700     0.8187     4.6388    85.6544    30.0
20230613.0800     0.8081     4.6727    84.5793    30.0
20230613.0900     0.7989     4.6979    83.4712    30.0
20230613.1000     0.7881     4.7315    82.3467    30.0
20230613.1100     0.8037     4.7631    81.6665    30.0
20230613.1200     0.8096     4.7258    81.2770    30.0
20230613.1300     0.8187     4.6822    80.8711    30.0
20230613.1400     0.8281     4.6511    80.4817    30.0
20230613.1500     0.8357     4.6363    80.4323    30.0
20230613.1600     0.8407     4.6317    81.0137    30.0
20230613.1700     0.8401     4.6523    81.6171    30.0
20230613.1800     0.8314     4.7021    81.7598    30.0
20230613.1900     0.8235     4.7378    82.1108    30.0
20230613.2000     0.8126     4.7752    82.2315    30.0
20230613.2100     0.8034     4.7977    82.2973    30.0
20230613.2200     0.7837     4.8710    81.5458    30.0
20230613.2300     0.7699     4.9028    81.1509    30.0
20230614.0000     0.7634     4.8899    81.2990    30.0
20230614.0100     0.7660     4.8287    82.3522    30.0
20230614.0200     0.7765     4.7401    83.9814    30.0
20230614.0300     0.7818     4.6914    84.8097    30.0
20230614.0400     0.7842     4.6645    84.8097    30.0
20230614.0500     0.7848     4.6502    84.5134    30.0
20230614.0600     0.7798     4.6652    83.9759    30.0
20230614.0700     0.7719     4.6953    83.1750    30.0
20230614.0800     0.7667     4.7131    82.3686    30.0
20230614.0900     0.7611     4.7345    81.5349    30.0
20230614.1000     0.7469     4.7954    80.2458    30.0
20230614.1100     0.7373     4.8220    79.1213    30.0
20230614.1200     0.7292     4.8302    78.1887    30.0
20230614.1300     0.7239     4.8113    77.4921    30.0
20230614.1400     0.7217     4.7672    77.3111    30.0
20230614.1500     0.7190     4.7225    77.3879    30.0
20230614.1600     0.7097     4.7139    77.4153    30.0
20230614.1700     0.6987     4.7076    77.6183    30.0
20230614.1800     0.6881     4.6875    78.1503    30.0
20230614.1900     0.6788     4.6557    78.9073    30.0
20230614.2000     0.6738     4.6014    80.4158    30.0
20230614.2100     0.6662     4.5623    81.7268    30.0
20230614.2200     0.6485     4.5751    82.2589    30.0
20230614.2300     0.6376     4.5454    82.6923    30.0
20230615.0000     0.6276     4.5187    82.7910    30.0
20230615.0100     0.6199     4.4816    83.0653    30.0
20230615.0200     0.6197     4.4091    83.8662    30.0
20230615.0300     0.6222     4.3379    84.5080    30.0
20230615.0400     0.6262     4.2739    84.8316    30.0
20230615.0500     0.6306     4.2179    84.7054    30.0
20230615.0600     0.6360     4.1652    84.2172    30.0
20230615.0700     0.6386     4.1322    83.4657    30.0
20230615.0800     0.6380     4.1153    82.8459    30.0
20230615.0900     0.6373     4.0976    82.3851    30.0
20230615.1000     0.6262     4.1175    81.8036    30.0
20230615.1100     0.6200     4.1163    81.3758    30.0
20230615.1200     0.6157     4.1092    80.6572    30.0
20230615.1300     0.6107     4.1088    80.0099    30.0
20230615.1400     0.6027     4.1229    79.5546    30.0
20230615.1500     0.5922     4.1490    79.0774    30.0
20230615.1600     0.5803     4.1818    78.6550    30.0
20230615.1700     0.5691     4.2092    78.3149    30.0
20230615.1800     0.5600     4.2189    78.1010    30.0
20230615.1900     0.5537     4.2088    78.1065    30.0
20230615.2000     0.5508     4.1770    78.5508    30.0
20230615.2100     0.5485     4.1411    79.2639    30.0
20230615.2200     0.5391     4.1524    79.3078    30.0
20230615.2300     0.5355     4.1223    79.4449    30.0
20230616.0000     0.5374     4.0584    79.8673    30.0
20230616.0100     0.5348     4.0251    80.1800    30.0
20230616.0200     0.5267     4.0270    80.2567    30.0
20230616.0300     0.5156     4.0472    80.0154    30.0
20230616.0400     0.5039     4.0724    79.5327    30.0
20230616.0500     0.4943     4.0842    78.8744    30.0
20230616.0600     0.4867     4.0806    77.9364    30.0
20230616.0700     0.4815     4.0595    76.6035    30.0
20230616.0800     0.4712     4.0802    76.3621    30.0
20230616.0900     0.4606     4.1056    76.3895    30.0
20230616.1000     0.4653     3.9973    74.4148    30.0
20230616.1100     0.5000     4.0979    74.3270    30.0
20230616.1200     0.4971     4.1391    75.4405    30.0
20230616.1300     0.4930     4.1880    76.4608    30.0
20230616.1400     0.4923     4.2126    78.0900    30.0
20230616.1500     0.4978     4.1862    80.5804    30.0
20230616.1600     0.5080     4.1251    83.0159    30.0
20230616.1700     0.5269     4.0153    86.0219    30.0
20230616.1800     0.5519     3.9001    88.4520    30.0
20230616.1900     0.5797     3.8127    89.4284    30.0
20230616.2000     0.6097     3.7503    89.6259    30.0
20230616.2100     0.6360     3.7154    89.6478    30.0
20230616.2200     0.6296     3.7491    89.3626    30.0
20230616.2300     0.6151     3.7845    88.6275    30.0
20230617.0000     0.5949     3.8260    87.4865    30.0
20230617.0100     0.5846     3.8292    86.4224    30.0
20230617.0200     0.5880     3.7917    85.5173    30.0
20230617.0300     0.5912     3.7770    84.7383    30.0
20230617.0400     0.5863     3.8054    84.0636    30.0
20230617.0500     0.5767     3.8580    83.3944    30.0
20230617.0600     0.5664     3.9155    82.7471    30.0
20230617.0700     0.5585     3.9612    82.0615    30.0
20230617.0800     0.5524     4.0016    81.4965    30.0
20230617.0900     0.5462     4.0447    81.0083    30.0
20230617.1000     0.5376     4.1007    80.2951    30.0
20230617.1100     0.5315     4.1473    79.8618    30.0
20230617.1200     0.5267     4.1819    79.4559    30.0
20230617.1300     0.5234     4.2067    79.0719    30.0
20230617.1400     0.5210     4.2207    78.8415    30.0
20230617.1500     0.5204     4.2216    79.0170    30.0
20230617.1600     0.5204     4.2177    79.3023    30.0
20230617.1700     0.5194     4.2204    79.4065    30.0
20230617.1800     0.5171     4.2315    79.3023    30.0
20230617.1900     0.5149     4.2420    79.1267    30.0
20230617.2000     0.5127     4.2492    78.9402    30.0
20230617.2100     0.5112     4.2494    78.8470    30.0
20230617.2200     0.5068     4.2650    78.5892    30.0
20230617.2300     0.5054     4.2650    78.2546    30.0
20230618.0000     0.5086     4.2410    78.1065    30.0
20230618.0100     0.5183     4.1771    78.1558    30.0
20230618.0200     0.5326     4.0981    78.2436    30.0
20230618.0300     0.5467     4.0369    78.1942    30.0
20230618.0400     0.5602     3.9892    78.0571    30.0
20230618.0500     0.5725     3.9570    77.7664    30.0
20230618.0600     0.5809     3.9475    77.4153    30.0
20230618.0700     0.5845     3.9577    76.9765    30.0
20230618.0800     0.5858     3.9743    76.4773    30.0
20230618.0900     0.5900     3.9753    76.1098    30.0
20230618.1000     0.5840     4.0225    75.8629    30.0
20230618.1100     0.5838     4.0365    75.7038    30.0
20230618.1200     0.5830     4.0515    75.6984    30.0
20230618.1300     0.5792     4.0763    75.7422    30.0
20230618.1400     0.5724     4.1131    75.8629    30.0
20230618.1500     0.5639     4.1501    76.0439    30.0
20230618.1600     0.5549     4.1795    76.3072    30.0
20230618.1700     0.5461     4.2001    76.5541    30.0
20230618.1800     0.5379     4.2062    76.8777    30.0
20230618.1900     0.5296     4.2058    77.3056    30.0
20230618.2000     0.5205     4.2027    77.6347    30.0
20230618.2100     0.5097     4.2104    77.8322    30.0
20230618.2200     0.4957     4.2362    78.0626    30.0
20230618.2300     0.4875     4.2075    78.4411    30.0
20230619.0000     0.4812     4.1618    79.7466    30.0
20230619.0100     0.4708     4.1499    80.0922    30.0
20230619.0200     0.4613     4.1314    80.5694    30.0
20230619.0300     0.4505     4.1214    80.7504    30.0
20230619.0400     0.4403     4.1091    80.9040    30.0
20230619.0500     0.4300     4.0958    81.0192    30.0
20230619.0600     0.4202     4.0846    81.0576    30.0
20230619.0700     0.4107     4.0707    80.9699    30.0
20230619.0800     0.4013     4.0571    80.8821    30.0
20230619.0900     0.3914     4.0549    80.8108    30.0
20230619.1000     0.3738     4.1390    80.4268    30.0
20230619.1100     0.3756     4.1786    80.4871    30.0
20230619.1200     0.3676     4.1637    80.5475    30.0
20230619.1300     0.3624     4.1130    80.9369    30.0
20230619.1400     0.3690     3.9397    83.9868    30.0
20230619.1500     0.3795     3.7821    89.9824    30.0
20230619.1600     0.3794     3.7029    94.2665    30.0
20230619.1700     0.3736     3.6728    97.1738    30.0
20230619.1800     0.3641     3.6682    97.3658    30.0
20230619.1900     0.3535     3.6746    96.4223    30.0
20230619.2000     0.3439     3.6775    95.9067    30.0
20230619.2100     0.3345     3.6816    95.4678    30.0
20230619.2200     0.3164     3.7633    95.8354    30.0
20230619.2300     0.3125     3.7215    95.3143    30.0
20230620.0000     0.3098     3.6789    94.6560    30.0
20230620.0100     0.3097     3.6133    93.6631    30.0
20230620.0200     0.3136     3.5305    93.0378    30.0
20230620.0300     0.3153     3.4738    92.0559    30.0
20230620.0400     0.3183     3.4159    91.5458    30.0
20230620.0500     0.3213     3.3672    90.9533    30.0
20230620.0600     0.3219     3.3415    90.3061    30.0
20230620.0700     0.3224     3.3182    89.2090    30.0
20230620.0800     0.3270     3.2765    87.9034    30.0
20230620.0900     0.3291     3.2569    87.5853    30.0
20230620.1000     0.3199     3.2886    86.6747    30.0
20230620.1100     0.3265     3.2366    87.0916    30.0
20230620.1200     0.3556     3.1176    88.3697    30.0
20230620.1300     0.3908     3.0627    88.7976    30.0
20230620.1400     0.4288     3.0577    88.6879    30.0
20230620.1500     0.4590     3.0926    87.9089    30.0
20230620.1600     0.4727     3.1459    87.2891    30.0
20230620.1700     0.4773     3.1974    86.9545    30.0
20230620.1800     0.4764     3.2460    86.8283    30.0
20230620.1900     0.4782     3.2756    87.4865    30.0
20230620.2000     0.4838     3.2966    89.0115    30.0
20230620.2100     0.4839     3.3353    90.0044    30.0
20230620.2200     0.4759     3.3941    89.9001    30.0
20230620.2300     0.4915     3.4940    90.0098    30.0
20230621.0000     0.4992     3.5287    90.2402    30.0
20230621.0100     0.5075     3.5620    90.7010    30.0
20230621.0200     0.5216     3.5713    92.4563    30.0
20230621.0300     0.5339     3.5895    93.7838    30.0
20230621.0400     0.5401     3.6288    94.1239    30.0
20230621.0500     0.5361     3.6978    93.0762    30.0
20230621.0600     0.5252     3.7845    91.1892    30.0
20230621.0700     0.5146     3.8606    89.2583    30.0
20230621.0800     0.5064     3.9172    87.5743    30.0
20230621.0900     0.5002     3.9507    85.9561    30.0
20230621.1000     0.4905     3.9952    83.8223    30.0
20230621.1100     0.4847     4.0135    82.3302    30.0
20230621.1200     0.4811     4.0114    81.1180    30.0
20230621.1300     0.4840     3.9658    79.9880    30.0
20230621.1400     0.4907     3.9042    79.6040    30.0
20230621.1500     0.4989     3.8465    79.7740    30.0
20230621.1600     0.5113     3.7831    80.0483    30.0
20230621.1700     0.5252     3.7340    80.2622    30.0
20230621.1800     0.5382     3.7103    80.0648    30.0
20230621.1900     0.5496     3.7091    79.6588    30.0
20230621.2000     0.5571     3.7343    79.2035    30.0
20230621.2100     0.5647     3.7633    79.2749    30.0
20230621.2200     0.5757     3.7848    79.8563    30.0
20230621.2300     0.5886     3.8050    80.2513    30.0
20230622.0000     0.5978     3.8394    80.4378    30.0
20230622.0100     0.6030     3.8832    80.2677    30.0
20230622.0200     0.6083     3.9203    80.1635    30.0
20230622.0300     0.6147     3.9458    80.3390    30.0
20230622.0400     0.6229     3.9580    80.9205    30.0
20230622.0500     0.6273     3.9817    81.1070    30.0
20230622.0600     0.6282     4.0109    80.9863    30.0
20230622.0700     0.6251     4.0484    80.4597    30.0
20230622.0800     0.6160     4.0991    79.4668    30.0
20230622.0900     0.6049     4.1482    78.3314    30.0
20230622.1000     0.5980     4.1589    77.0642    30.0
20230622.1100     0.6271     4.2084    75.8629    30.0
20230622.1200     0.6237     4.1828    74.5738    30.0
20230622.1300     0.6190     4.1632    73.3506    30.0
20230622.1400     0.6131     4.1518    72.4510    30.0
20230622.1500     0.6076     4.1413    71.9463    30.0
20230622.1600     0.6031     4.1251    72.1219    30.0
20230622.1700     0.6010     4.0928    73.2464    30.0
20230622.1800     0.5969     4.0667    74.7933    30.0
20230622.1900     0.5901     4.0560    76.2140    30.0
20230622.2000     0.5806     4.0628    77.0478    30.0
20230622.2100     0.5718     4.0690    77.6402    30.0
20230622.2200     0.5708     4.0368    78.9567    30.0
20230622.2300     0.5691     4.0125    79.5436    30.0
20230623.0000     0.5661     3.9971    79.7631    30.0
20230623.0100     0.5647     3.9800    79.8234    30.0
20230623.0200     0.5658     3.9578    79.8015    30.0
20230623.0300     0.5688     3.9348    79.7247    30.0
20230623.0400     0.5717     3.9183    79.6479    30.0
20230623.0500     0.5730     3.9129    79.6040    30.0
20230623.0600     0.5670     3.9365    79.2365    30.0
20230623.0700     0.5581     3.9651    78.9018    30.0
20230623.0800     0.5518     3.9730    79.0554    30.0
20230623.0900     0.5469     3.9693    79.6204    30.0
20230623.1000     0.5285     4.0324    78.9841    30.0
20230623.1100     0.5135     4.0739    78.3698    30.0
20230623.1200     0.5004     4.1005    77.9254    30.0
20230623.1300     0.4881     4.1215    77.6128    30.0
20230623.1400     0.4765     4.1344    77.4921    30.0
20230623.1500     0.4669     4.1331    77.5744    30.0
20230623.1600     0.4583     4.1174    78.2326    30.0
20230623.1700     0.4543     4.0685    80.1086    30.0
20230623.1800     0.4509     4.0167    82.3632    30.0
20230623.1900     0.4454     3.9802    84.1185    30.0
20230623.2000     0.4379     3.9595    85.5008    30.0
20230623.2100     0.4291     3.9504    86.4772    30.0
20230623.2200     0.4141     3.9902    86.8064    30.0
20230623.2300     0.4572     4.2272    86.9325    30.0
20230624.0000     0.4527     4.2470    86.5156    30.0
20230624.0100     0.4472     4.2409    86.2907    30.0
20230624.0200     0.4411     4.2144    86.2578    30.0
20230624.0300     0.4329     4.1870    86.1426    30.0
20230624.0400     0.4236     4.1568    86.0384    30.0
20230624.0500     0.4142     4.1207    85.8629    30.0
20230624.0600     0.4056     4.0758    85.5996    30.0
20230624.0700     0.3971     4.0319    85.2430    30.0
20230624.0800     0.3896     3.9844    84.7658    30.0
20230624.0900     0.3821     3.9419    84.1075    30.0
20230624.1000     0.3772     3.8746    81.8366    30.0
20230624.1100     0.3789     3.7772    79.9550    30.0
20230624.1200     0.3776     3.7178    78.5563    30.0
20230624.1300     0.3720     3.7033    77.7554    30.0
20230624.1400     0.3650     3.7069    77.6018    30.0
20230624.1500     0.3596     3.7020    77.6841    30.0
20230624.1600     0.3579     3.6672    78.5837    30.0
20230624.1700     0.3611     3.6072    81.2716    30.0
20230624.1800     0.3614     3.5817    82.9391    30.0
20230624.1900     0.3580     3.5873    83.1969    30.0
20230624.2000     0.3561     3.5878    83.6797    30.0
20230624.2100     0.3597     3.5577    85.9013    30.0
20230624.2200     0.3593     3.5610    89.0609    30.0
20230624.2300     0.3616     3.5418    90.3390    30.0
20230625.0000     0.3613     3.5405    90.5913    30.0
20230625.0100     0.3607     3.5379    90.5200    30.0
20230625.0200     0.3626     3.5170    91.1289    30.0
20230625.0300     0.3635     3.5040    91.6006    30.0
20230625.0400     0.3618     3.5078    91.3812    30.0
20230625.0500     0.3602     3.5099    90.4871    30.0
20230625.0600     0.3613     3.4920    89.3626    30.0
20230625.0700     0.3667     3.4528    87.6840    30.0
20230625.0800     0.3758     3.3996    84.9962    30.0
20230625.0900     0.3855     3.3548    82.0669    30.0
20230625.1000     0.4018     3.2985    77.3275    30.0
20230625.1100     0.4009     3.3197    76.4499    30.0
20230625.1200     0.3921     3.3697    76.6035    30.0
20230625.1300     0.3814     3.4294    76.9929    30.0
20230625.1400     0.3740     3.4693    77.7993    30.0
20230625.1500     0.3714     3.4717    78.9238    30.0
20230625.1600     0.3673     3.5004    79.8837    30.0
20230625.1700     0.3629     3.5383    80.3774    30.0
20230625.1800     0.3589     3.5761    80.4762    30.0
20230625.1900     0.3552     3.6131    80.5091    30.0
20230625.2000     0.3516     3.6530    80.4597    30.0
20230625.2100     0.3483     3.6888    80.4103    30.0
20230625.2200     0.3356     3.8155    80.2293    30.0
20230625.2300     0.3336     3.8308    80.1635    30.0
20230626.0000     0.3314     3.8447    80.1196    30.0
20230626.0100     0.3295     3.8479    80.2019    30.0
20230626.0200     0.3325     3.7863    81.3100    30.0
20230626.0300     0.3304     3.7779    81.8420    30.0
20230626.0400     0.3261     3.7906    81.9463    30.0
20230626.0500     0.3210     3.8104    81.9463    30.0
20230626.0600     0.3159     3.8256    81.8969    30.0
20230626.0700     0.3103     3.8462    81.8585    30.0
20230626.0800     0.3057     3.8534    81.7323    30.0
20230626.0900     0.3027     3.8366    81.3922    30.0
20230626.1000     0.2926     3.9036    78.9293    30.0
20230626.1100     0.2911     3.8673    79.2529    30.0
20230626.1200     0.2875     3.8651    79.6314    30.0
20230626.1300     0.2831     3.8768    80.0428    30.0
20230626.1400     0.2848     3.7953    81.6226    30.0
20230626.1500     0.2920     3.6779    86.4498    30.0
20230626.1600     0.2944     3.6232    89.5984    30.0
20230626.1700     0.2990     3.5550    93.5041    30.0
20230626.1800     0.3056     3.4815    98.1831    30.0
20230626.1900     0.3189     3.3795   105.0948    30.0
20230626.2000     0.3396     3.2712   113.9921    30.0
20230626.2100     0.3592     3.2048   121.7101    30.0
20230626.2200     0.3627     3.2195   125.0014    30.0
20230626.2300     0.3674     3.2172   126.8445    30.0
20230627.0000     0.3682     3.2184   128.1555    30.0
20230627.0100     0.3676     3.2132   129.0716    30.0
20230627.0200     0.3718     3.1864   130.4813    30.0
20230627.0300     0.3758     3.1681   131.4907    30.0
20230627.0400     0.3796     3.1532   131.7924    30.0
20230627.0500     0.3784     3.1525   130.3552    30.0
20230627.0600     0.3738     3.1526   127.3382    30.0
20230627.0700     0.3690     3.1433   122.6427    30.0
20230627.0800     0.3655     3.1275   116.9214    30.0
20230627.0900     0.3633     3.1132   111.3207    30.0
20230627.1000     0.3503     3.1465   106.9324    30.0
20230627.1100     0.3395     3.1732   104.5133    30.0
20230627.1200     0.3315     3.1801   103.2188    30.0
20230627.1300     0.3307     3.1533   104.6943    30.0
20230627.1400     0.3425     3.0935   110.6296    30.0
20230627.1500     0.3658     3.0384   120.3278    30.0
20230627.1600     0.3970     3.0034   130.0315    30.0
20230627.1700     0.4309     3.0014   138.4846    30.0
20230627.1800     0.4577     3.0326   143.9152    30.0
20230627.1900     0.4692     3.0730   146.9541    30.0
20230627.2000     0.4698     3.1078   148.4900    30.0
20230627.2100     0.4662     3.1323   148.8630    30.0
20230627.2200     0.4542     3.1565   147.3216    30.0
20230627.2300     0.4473     3.1554   145.1603    30.0
20230628.0000     0.4503     3.1318   143.2459    30.0
20230628.0100     0.4581     3.1148   141.7210    30.0
20230628.0200     0.4673     3.1135   139.9163    30.0
20230628.0300     0.4726     3.1311   137.5027    30.0
20230628.0400     0.4713     3.1664   134.3266    30.0
20230628.0500     0.4620     3.2226   129.7847    30.0
20230628.0600     0.4524     3.2853   123.8769    30.0
20230628.0700     0.4451     3.3467   116.8446    30.0
20230628.0800     0.4410     3.4023   109.5654    30.0
20230628.0900     0.4402     3.4445   102.8896    30.0
20230628.1000     0.4298     3.5321    97.6675    30.0
20230628.1100     0.4256     3.5842    93.4382    30.0
20230628.1200     0.4197     3.6425    90.7504    30.0
20230628.1300     0.4164     3.6785    89.4064    30.0
20230628.1400     0.4221     3.6532    91.0301    30.0
20230628.1500     0.4374     3.5876    96.5704    30.0
20230628.1600     0.4606     3.5099   104.9741    30.0
20230628.1700     0.4847     3.4572   112.3794    30.0
20230628.1800     0.4983     3.4483   116.4716    30.0
20230628.1900     0.5041     3.4538   118.0788    30.0
20230628.2000     0.5065     3.4587   118.0568    30.0
20230628.2100     0.5100     3.4552   117.7497    30.0
20230628.2200     0.5080     3.4679   116.9652    30.0
20230628.2300     0.5002     3.4926   115.4842    30.0
20230629.0000     0.4915     3.5103   114.3542    30.0
20230629.0100     0.4873     3.5095   114.1402    30.0
20230629.0200     0.4894     3.4906   114.9356    30.0
20230629.0300     0.4922     3.4758   115.6652    30.0
20230629.0400     0.4965     3.4619   116.4661    30.0
20230629.0500     0.4934     3.4749   115.5939    30.0
20230629.0600     0.4829     3.5089   113.0048    30.0
20230629.0700     0.4683     3.5569   109.4063    30.0
20230629.0800     0.4517     3.6154   105.5226    30.0
20230629.0900     0.4353     3.6792   101.7322    30.0
20230629.1000     0.4234     3.7126    96.6966    30.0
20230629.1100     0.4155     3.7272    93.2298    30.0
20230629.1200     0.4036     3.7773    91.1563    30.0
20230629.1300     0.3939     3.8117    90.2018    30.0
20230629.1400     0.3920     3.7886    91.8529    30.0
20230629.1500     0.4008     3.7016    97.4097    30.0
20230629.1600     0.4228     3.5828   108.5890    30.0
20230629.1700     0.4562     3.4699   121.5291    30.0
20230629.1800     0.4952     3.3870   134.1621    30.0
20230629.1900     0.5295     3.3494   143.5531    30.0
20230629.2000     0.5547     3.3428   149.5432    30.0
20230629.2100     0.5670     3.3599   152.6370    30.0
20230629.2200     0.5467     3.4159   151.4412    30.0
20230629.2300     0.5270     3.4373   149.4993    30.0
20230630.0000     0.5063     3.4518   146.7127    30.0
20230630.0100     0.4888     3.4452   143.6299    30.0
20230630.0200     0.4764     3.4247   140.5361    30.0
20230630.0300     0.4635     3.4128   136.9377    30.0
20230630.0400     0.4513     3.4013   132.4780    30.0
20230630.0500     0.4382     3.4012   127.5028    30.0
20230630.0600     0.4254     3.4086   122.0996    30.0
20230630.0700     0.4152     3.4160   116.2028    30.0
20230630.0800     0.4057     3.4304   110.3114    30.0
20230630.0900     0.3966     3.4551   104.9522    30.0
20230630.1000     0.3847     3.4970    98.9675    30.0
20230630.1100     0.3792     3.5118    94.2172    30.0
20230630.1200     0.3730     3.5376    91.0905    30.0
20230630.1300     0.3668     3.5698    89.2967    30.0
20230630.1400     0.3625     3.5857    88.8085    30.0
20230630.1500     0.3621     3.5781    90.2018    30.0
20230630.1600     0.3669     3.5417    93.8551    30.0
20230630.1700     0.3787     3.4771   100.6516    30.0
20230630.1800     0.3993     3.3938   110.5637    30.0
20230630.1900     0.4257     3.3190   121.2823    30.0
20230630.2000     0.4464     3.2905   129.1977    30.0
20230630.2100     0.4561     3.2992   133.5258    30.0
20230630.2200     0.4494     3.3415   134.6119    30.0
20230630.2300     0.4448     3.3554   134.8203    30.0
