2023  5  1  0
2023  5  1  1
2023  5  1  2
2023  5  1  3
2023  5  1  4
2023  5  1  5
2023  5  1  6
2023  5  1  7
2023  5  1  8
2023  5  1  9
2023  5  1 10
2023  5  1 11
2023  5  1 12
2023  5  1 13
2023  5  1 14
2023  5  1 15
2023  5  1 16
2023  5  1 17
2023  5  1 18
2023  5  1 19
2023  5  1 20
2023  5  1 21
2023  5  1 22
2023  5  1 23
2023  5  2  0
2023  5  2  1
2023  5  2  2
2023  5  2  3
2023  5  2  4
2023  5  2  5
2023  5  2  6
2023  5  2  7
2023  5  2  8
2023  5  2  9
2023  5  2 10
2023  5  2 11
2023  5  2 12
2023  5  2 13
2023  5  2 14
2023  5  2 15
2023  5  2 16
2023  5  2 17
2023  5  2 18
2023  5  2 19
2023  5  2 20
2023  5  2 21
2023  5  2 22
2023  5  2 23
2023  5  3  0
2023  5  3  1
2023  5  3  2
2023  5  3  3
2023  5  3  4
2023  5  3  5
2023  5  3  6
2023  5  3  7
2023  5  3  8
2023  5  3  9
2023  5  3 10
2023  5  3 11
2023  5  3 12
2023  5  3 13
2023  5  3 14
2023  5  3 15
2023  5  3 16
2023  5  3 17
2023  5  3 18
2023  5  3 19
2023  5  3 20
2023  5  3 21
2023  5  3 22
2023  5  3 23
2023  5  4  0
2023  5  4  1
2023  5  4  2
2023  5  4  3
2023  5  4  4
2023  5  4  5
2023  5  4  6
2023  5  4  7
2023  5  4  8
2023  5  4  9
2023  5  4 10
2023  5  4 11
2023  5  4 12
2023  5  4 13
2023  5  4 14
2023  5  4 15
2023  5  4 16
2023  5  4 17
2023  5  4 18
2023  5  4 19
2023  5  4 20
2023  5  4 21
2023  5  4 22
2023  5  4 23
2023  5  5  0
2023  5  5  1
2023  5  5  2
2023  5  5  3
2023  5  5  4
2023  5  5  5
2023  5  5  6
2023  5  5  7
2023  5  5  8
2023  5  5  9
2023  5  5 10
2023  5  5 11
2023  5  5 12
2023  5  5 13
2023  5  5 14
2023  5  5 15
2023  5  5 16
2023  5  5 17
2023  5  5 18
2023  5  5 19
2023  5  5 20
2023  5  5 21
2023  5  5 22
2023  5  5 23
2023  5  6  0
2023  5  6  1
2023  5  6  2
2023  5  6  3
2023  5  6  4
2023  5  6  5
2023  5  6  6
2023  5  6  7
2023  5  6  8
2023  5  6  9
2023  5  6 10
2023  5  6 11
2023  5  6 12
2023  5  6 13
2023  5  6 14
2023  5  6 15
2023  5  6 16
2023  5  6 17
2023  5  6 18
2023  5  6 19
2023  5  6 20
2023  5  6 21
2023  5  6 22
2023  5  6 23
2023  5  7  0
2023  5  7  1
2023  5  7  2
2023  5  7  3
2023  5  7  4
2023  5  7  5
2023  5  7  6
2023  5  7  7
2023  5  7  8
2023  5  7  9
2023  5  7 10
2023  5  7 11
2023  5  7 12
2023  5  7 13
2023  5  7 14
2023  5  7 15
2023  5  7 16
2023  5  7 17
2023  5  7 18
2023  5  7 19
2023  5  7 20
2023  5  7 21
2023  5  7 22
2023  5  7 23
2023  5  8  0
2023  5  8  1
2023  5  8  2
2023  5  8  3
2023  5  8  4
2023  5  8  5
2023  5  8  6
2023  5  8  7
2023  5  8  8
2023  5  8  9
2023  5  8 10
2023  5  8 11
2023  5  8 12
2023  5  8 13
2023  5  8 14
2023  5  8 15
2023  5  8 16
2023  5  8 17
2023  5  8 18
2023  5  8 19
2023  5  8 20
2023  5  8 21
2023  5  8 22
2023  5  8 23
2023  5  9  0
2023  5  9  1
2023  5  9  2
2023  5  9  3
2023  5  9  4
2023  5  9  5
2023  5  9  6
2023  5  9  7
2023  5  9  8
2023  5  9  9
2023  5  9 10
2023  5  9 11
2023  5  9 12
2023  5  9 13
2023  5  9 14
2023  5  9 15
2023  5  9 16
2023  5  9 17
2023  5  9 18
2023  5  9 19
2023  5  9 20
2023  5  9 21
2023  5  9 22
2023  5  9 23
2023  5 10  0
2023  5 10  1
2023  5 10  2
2023  5 10  3
2023  5 10  4
2023  5 10  5
2023  5 10  6
2023  5 10  7
2023  5 10  8
2023  5 10  9
2023  5 10 10
2023  5 10 11
2023  5 10 12
2023  5 10 13
2023  5 10 14
2023  5 10 15
2023  5 10 16
2023  5 10 17
2023  5 10 18
2023  5 10 19
2023  5 10 20
2023  5 10 21
2023  5 10 22
2023  5 10 23
2023  5 11  0
2023  5 11  1
2023  5 11  2
2023  5 11  3
2023  5 11  4
2023  5 11  5
2023  5 11  6
2023  5 11  7
2023  5 11  8
2023  5 11  9
2023  5 11 10
2023  5 11 11
2023  5 11 12
2023  5 11 13
2023  5 11 14
2023  5 11 15
2023  5 11 16
2023  5 11 17
2023  5 11 18
2023  5 11 19
2023  5 11 20
2023  5 11 21
2023  5 11 22
2023  5 11 23
2023  5 12  0
2023  5 12  1
2023  5 12  2
2023  5 12  3
2023  5 12  4
2023  5 12  5
2023  5 12  6
2023  5 12  7
2023  5 12  8
2023  5 12  9
2023  5 12 10
2023  5 12 11
2023  5 12 12
2023  5 12 13
2023  5 12 14
2023  5 12 15
2023  5 12 16
2023  5 12 17
2023  5 12 18
2023  5 12 19
2023  5 12 20
2023  5 12 21
2023  5 12 22
2023  5 12 23
2023  5 13  0
2023  5 13  1
2023  5 13  2
2023  5 13  3
2023  5 13  4
2023  5 13  5
2023  5 13  6
2023  5 13  7
2023  5 13  8
2023  5 13  9
2023  5 13 10
2023  5 13 11
2023  5 13 12
2023  5 13 13
2023  5 13 14
2023  5 13 15
2023  5 13 16
2023  5 13 17
2023  5 13 18
2023  5 13 19
2023  5 13 20
2023  5 13 21
2023  5 13 22
2023  5 13 23
2023  5 14  0
2023  5 14  1
2023  5 14  2
2023  5 14  3
2023  5 14  4
2023  5 14  5
2023  5 14  6
2023  5 14  7
2023  5 14  8
2023  5 14  9
2023  5 14 10
2023  5 14 11
2023  5 14 12
2023  5 14 13
2023  5 14 14
2023  5 14 15
2023  5 14 16
2023  5 14 17
2023  5 14 18
2023  5 14 19
2023  5 14 20
2023  5 14 21
2023  5 14 22
2023  5 14 23
2023  5 15  0
2023  5 15  1
2023  5 15  2
2023  5 15  3
2023  5 15  4
2023  5 15  5
2023  5 15  6
2023  5 15  7
2023  5 15  8
2023  5 15  9
2023  5 15 10
2023  5 15 11
2023  5 15 12
2023  5 15 13
2023  5 15 14
2023  5 15 15
2023  5 15 16
2023  5 15 17
2023  5 15 18
2023  5 15 19
2023  5 15 20
2023  5 15 21
2023  5 15 22
2023  5 15 23
2023  5 16  0
2023  5 16  1
2023  5 16  2
2023  5 16  3
2023  5 16  4
2023  5 16  5
2023  5 16  6
2023  5 16  7
2023  5 16  8
2023  5 16  9
2023  5 16 10
2023  5 16 11
2023  5 16 12
2023  5 16 13
2023  5 16 14
2023  5 16 15
2023  5 16 16
2023  5 16 17
2023  5 16 18
2023  5 16 19
2023  5 16 20
2023  5 16 21
2023  5 16 22
2023  5 16 23
2023  5 17  0
2023  5 17  1
2023  5 17  2
2023  5 17  3
2023  5 17  4
2023  5 17  5
2023  5 17  6
2023  5 17  7
2023  5 17  8
2023  5 17  9
2023  5 17 10
2023  5 17 11
2023  5 17 12
2023  5 17 13
2023  5 17 14
2023  5 17 15
2023  5 17 16
2023  5 17 17
2023  5 17 18
2023  5 17 19
2023  5 17 20
2023  5 17 21
2023  5 17 22
2023  5 17 23
2023  5 18  0
2023  5 18  1
2023  5 18  2
2023  5 18  3
2023  5 18  4
2023  5 18  5
2023  5 18  6
2023  5 18  7
2023  5 18  8
2023  5 18  9
2023  5 18 10
2023  5 18 11
2023  5 18 12
2023  5 18 13
2023  5 18 14
2023  5 18 15
2023  5 18 16
2023  5 18 17
2023  5 18 18
2023  5 18 19
2023  5 18 20
2023  5 18 21
2023  5 18 22
2023  5 18 23
2023  5 19  0
2023  5 19  1
2023  5 19  2
2023  5 19  3
2023  5 19  4
2023  5 19  5
2023  5 19  6
2023  5 19  7
2023  5 19  8
2023  5 19  9
2023  5 19 10
2023  5 19 11
2023  5 19 12
2023  5 19 13
2023  5 19 14
2023  5 19 15
2023  5 19 16
2023  5 19 17
2023  5 19 18
2023  5 19 19
2023  5 19 20
2023  5 19 21
2023  5 19 22
2023  5 19 23
2023  5 20  0
2023  5 20  1
2023  5 20  2
2023  5 20  3
2023  5 20  4
2023  5 20  5
2023  5 20  6
2023  5 20  7
2023  5 20  8
2023  5 20  9
2023  5 20 10
2023  5 20 11
2023  5 20 12
2023  5 20 13
2023  5 20 14
2023  5 20 15
2023  5 20 16
2023  5 20 17
2023  5 20 18
2023  5 20 19
2023  5 20 20
2023  5 20 21
2023  5 20 22
2023  5 20 23
2023  5 21  0
2023  5 21  1
2023  5 21  2
2023  5 21  3
2023  5 21  4
2023  5 21  5
2023  5 21  6
2023  5 21  7
2023  5 21  8
2023  5 21  9
2023  5 21 10
2023  5 21 11
2023  5 21 12
2023  5 21 13
2023  5 21 14
2023  5 21 15
2023  5 21 16
2023  5 21 17
2023  5 21 18
2023  5 21 19
2023  5 21 20
2023  5 21 21
2023  5 21 22
2023  5 21 23
2023  5 22  0
2023  5 22  1
2023  5 22  2
2023  5 22  3
2023  5 22  4
2023  5 22  5
2023  5 22  6
2023  5 22  7
2023  5 22  8
2023  5 22  9
2023  5 22 10
2023  5 22 11
2023  5 22 12
2023  5 22 13
2023  5 22 14
2023  5 22 15
2023  5 22 16
2023  5 22 17
2023  5 22 18
2023  5 22 19
2023  5 22 20
2023  5 22 21
2023  5 22 22
2023  5 22 23
2023  5 23  0
2023  5 23  1
2023  5 23  2
2023  5 23  3
2023  5 23  4
2023  5 23  5
2023  5 23  6
2023  5 23  7
2023  5 23  8
2023  5 23  9
2023  5 23 10
2023  5 23 11
2023  5 23 12
2023  5 23 13
2023  5 23 14
2023  5 23 15
2023  5 23 16
2023  5 23 17
2023  5 23 18
2023  5 23 19
2023  5 23 20
2023  5 23 21
2023  5 23 22
2023  5 23 23
2023  5 24  0
2023  5 24  1
2023  5 24  2
2023  5 24  3
2023  5 24  4
2023  5 24  5
2023  5 24  6
2023  5 24  7
2023  5 24  8
2023  5 24  9
2023  5 24 10
2023  5 24 11
2023  5 24 12
2023  5 24 13
2023  5 24 14
2023  5 24 15
2023  5 24 16
2023  5 24 17
2023  5 24 18
2023  5 24 19
2023  5 24 20
2023  5 24 21
2023  5 24 22
2023  5 24 23
2023  5 25  0
2023  5 25  1
2023  5 25  2
2023  5 25  3
2023  5 25  4
2023  5 25  5
2023  5 25  6
2023  5 25  7
2023  5 25  8
2023  5 25  9
2023  5 25 10
2023  5 25 11
2023  5 25 12
2023  5 25 13
2023  5 25 14
2023  5 25 15
2023  5 25 16
2023  5 25 17
2023  5 25 18
2023  5 25 19
2023  5 25 20
2023  5 25 21
2023  5 25 22
2023  5 25 23
2023  5 26  0
2023  5 26  1
2023  5 26  2
2023  5 26  3
2023  5 26  4
2023  5 26  5
2023  5 26  6
2023  5 26  7
2023  5 26  8
2023  5 26  9
2023  5 26 10
2023  5 26 11
2023  5 26 12
2023  5 26 13
2023  5 26 14
2023  5 26 15
2023  5 26 16
2023  5 26 17
2023  5 26 18
2023  5 26 19
2023  5 26 20
2023  5 26 21
2023  5 26 22
2023  5 26 23
2023  5 27  0
2023  5 27  1
2023  5 27  2
2023  5 27  3
2023  5 27  4
2023  5 27  5
2023  5 27  6
2023  5 27  7
2023  5 27  8
2023  5 27  9
2023  5 27 10
2023  5 27 11
2023  5 27 12
2023  5 27 13
2023  5 27 14
2023  5 27 15
2023  5 27 16
2023  5 27 17
2023  5 27 18
2023  5 27 19
2023  5 27 20
2023  5 27 21
2023  5 27 22
2023  5 27 23
2023  5 28  0
2023  5 28  1
2023  5 28  2
2023  5 28  3
2023  5 28  4
2023  5 28  5
2023  5 28  6
2023  5 28  7
2023  5 28  8
2023  5 28  9
2023  5 28 10
2023  5 28 11
2023  5 28 12
2023  5 28 13
2023  5 28 14
2023  5 28 15
2023  5 28 16
2023  5 28 17
2023  5 28 18
2023  5 28 19
2023  5 28 20
2023  5 28 21
2023  5 28 22
2023  5 28 23
2023  5 29  0
2023  5 29  1
2023  5 29  2
2023  5 29  3
2023  5 29  4
2023  5 29  5
2023  5 29  6
2023  5 29  7
2023  5 29  8
2023  5 29  9
2023  5 29 10
2023  5 29 11
2023  5 29 12
2023  5 29 13
2023  5 29 14
2023  5 29 15
2023  5 29 16
2023  5 29 17
2023  5 29 18
2023  5 29 19
2023  5 29 20
2023  5 29 21
2023  5 29 22
2023  5 29 23
2023  5 30  0
2023  5 30  1
2023  5 30  2
2023  5 30  3
2023  5 30  4
2023  5 30  5
2023  5 30  6
2023  5 30  7
2023  5 30  8
2023  5 30  9
2023  5 30 10
2023  5 30 11
2023  5 30 12
2023  5 30 13
2023  5 30 14
2023  5 30 15
2023  5 30 16
2023  5 30 17
2023  5 30 18
2023  5 30 19
2023  5 30 20
2023  5 30 21
2023  5 30 22
2023  5 30 23
2023  5 31  0
2023  5 31  1
2023  5 31  2
2023  5 31  3
2023  5 31  4
2023  5 31  5
2023  5 31  6
2023  5 31  7
2023  5 31  8
2023  5 31  9
2023  5 31 10
2023  5 31 11
2023  5 31 12
2023  5 31 13
2023  5 31 14
2023  5 31 15
2023  5 31 16
2023  5 31 17
2023  5 31 18
2023  5 31 19
2023  5 31 20
2023  5 31 21
2023  5 31 22
2023  5 31 23
2023  6  1  0
2023  6  1  1
2023  6  1  2
2023  6  1  3
2023  6  1  4
2023  6  1  5
2023  6  1  6
2023  6  1  7
2023  6  1  8
2023  6  1  9
2023  6  1 10
2023  6  1 11
2023  6  1 12
2023  6  1 13
2023  6  1 14
2023  6  1 15
2023  6  1 16
2023  6  1 17
2023  6  1 18
2023  6  1 19
2023  6  1 20
2023  6  1 21
2023  6  1 22
2023  6  1 23
2023  6  2  0
2023  6  2  1
2023  6  2  2
2023  6  2  3
2023  6  2  4
2023  6  2  5
2023  6  2  6
2023  6  2  7
2023  6  2  8
2023  6  2  9
2023  6  2 10
2023  6  2 11
2023  6  2 12
2023  6  2 13
2023  6  2 14
2023  6  2 15
2023  6  2 16
2023  6  2 17
2023  6  2 18
2023  6  2 19
2023  6  2 20
2023  6  2 21
2023  6  2 22
2023  6  2 23
2023  6  3  0
2023  6  3  1
2023  6  3  2
2023  6  3  3
2023  6  3  4
2023  6  3  5
2023  6  3  6
2023  6  3  7
2023  6  3  8
2023  6  3  9
2023  6  3 10
2023  6  3 11
2023  6  3 12
2023  6  3 13
2023  6  3 14
2023  6  3 15
2023  6  3 16
2023  6  3 17
2023  6  3 18
2023  6  3 19
2023  6  3 20
2023  6  3 21
2023  6  3 22
2023  6  3 23
2023  6  4  0
2023  6  4  1
2023  6  4  2
2023  6  4  3
2023  6  4  4
2023  6  4  5
2023  6  4  6
2023  6  4  7
2023  6  4  8
2023  6  4  9
2023  6  4 10
2023  6  4 11
2023  6  4 12
2023  6  4 13
2023  6  4 14
2023  6  4 15
2023  6  4 16
2023  6  4 17
2023  6  4 18
2023  6  4 19
2023  6  4 20
2023  6  4 21
2023  6  4 22
2023  6  4 23
2023  6  5  0
2023  6  5  1
2023  6  5  2
2023  6  5  3
2023  6  5  4
2023  6  5  5
2023  6  5  6
2023  6  5  7
2023  6  5  8
2023  6  5  9
2023  6  5 10
2023  6  5 11
2023  6  5 12
2023  6  5 13
2023  6  5 14
2023  6  5 15
2023  6  5 16
2023  6  5 17
2023  6  5 18
2023  6  5 19
2023  6  5 20
2023  6  5 21
2023  6  5 22
2023  6  5 23
2023  6  6  0
2023  6  6  1
2023  6  6  2
2023  6  6  3
2023  6  6  4
2023  6  6  5
2023  6  6  6
2023  6  6  7
2023  6  6  8
2023  6  6  9
2023  6  6 10
2023  6  6 11
2023  6  6 12
2023  6  6 13
2023  6  6 14
2023  6  6 15
2023  6  6 16
2023  6  6 17
2023  6  6 18
2023  6  6 19
2023  6  6 20
2023  6  6 21
2023  6  6 22
2023  6  6 23
2023  6  7  0
2023  6  7  1
2023  6  7  2
2023  6  7  3
2023  6  7  4
2023  6  7  5
2023  6  7  6
2023  6  7  7
2023  6  7  8
2023  6  7  9
2023  6  7 10
2023  6  7 11
2023  6  7 12
2023  6  7 13
2023  6  7 14
2023  6  7 15
2023  6  7 16
2023  6  7 17
2023  6  7 18
2023  6  7 19
2023  6  7 20
2023  6  7 21
2023  6  7 22
2023  6  7 23
2023  6  8  0
2023  6  8  1
2023  6  8  2
2023  6  8  3
2023  6  8  4
2023  6  8  5
2023  6  8  6
2023  6  8  7
2023  6  8  8
2023  6  8  9
2023  6  8 10
2023  6  8 11
2023  6  8 12
2023  6  8 13
2023  6  8 14
2023  6  8 15
2023  6  8 16
2023  6  8 17
2023  6  8 18
2023  6  8 19
2023  6  8 20
2023  6  8 21
2023  6  8 22
2023  6  8 23
2023  6  9  0
2023  6  9  1
2023  6  9  2
2023  6  9  3
2023  6  9  4
2023  6  9  5
2023  6  9  6
2023  6  9  7
2023  6  9  8
2023  6  9  9
2023  6  9 10
2023  6  9 11
2023  6  9 12
2023  6  9 13
2023  6  9 14
2023  6  9 15
2023  6  9 16
2023  6  9 17
2023  6  9 18
2023  6  9 19
2023  6  9 20
2023  6  9 21
2023  6  9 22
2023  6  9 23
2023  6 10  0
2023  6 10  1
2023  6 10  2
2023  6 10  3
2023  6 10  4
2023  6 10  5
2023  6 10  6
2023  6 10  7
2023  6 10  8
2023  6 10  9
2023  6 10 10
2023  6 10 11
2023  6 10 12
2023  6 10 13
2023  6 10 14
2023  6 10 15
2023  6 10 16
2023  6 10 17
2023  6 10 18
2023  6 10 19
2023  6 10 20
2023  6 10 21
2023  6 10 22
2023  6 10 23
2023  6 11  0
2023  6 11  1
2023  6 11  2
2023  6 11  3
2023  6 11  4
2023  6 11  5
2023  6 11  6
2023  6 11  7
2023  6 11  8
2023  6 11  9
2023  6 11 10
2023  6 11 11
2023  6 11 12
2023  6 11 13
2023  6 11 14
2023  6 11 15
2023  6 11 16
2023  6 11 17
2023  6 11 18
2023  6 11 19
2023  6 11 20
2023  6 11 21
2023  6 11 22
2023  6 11 23
2023  6 12  0
2023  6 12  1
2023  6 12  2
2023  6 12  3
2023  6 12  4
2023  6 12  5
2023  6 12  6
2023  6 12  7
2023  6 12  8
2023  6 12  9
2023  6 12 10
2023  6 12 11
2023  6 12 12
2023  6 12 13
2023  6 12 14
2023  6 12 15
2023  6 12 16
2023  6 12 17
2023  6 12 18
2023  6 12 19
2023  6 12 20
2023  6 12 21
2023  6 12 22
2023  6 12 23
2023  6 13  0
2023  6 13  1
2023  6 13  2
2023  6 13  3
2023  6 13  4
2023  6 13  5
2023  6 13  6
2023  6 13  7
2023  6 13  8
2023  6 13  9
2023  6 13 10
2023  6 13 11
2023  6 13 12
2023  6 13 13
2023  6 13 14
2023  6 13 15
2023  6 13 16
2023  6 13 17
2023  6 13 18
2023  6 13 19
2023  6 13 20
2023  6 13 21
2023  6 13 22
2023  6 13 23
2023  6 14  0
2023  6 14  1
2023  6 14  2
2023  6 14  3
2023  6 14  4
2023  6 14  5
2023  6 14  6
2023  6 14  7
2023  6 14  8
2023  6 14  9
2023  6 14 10
2023  6 14 11
2023  6 14 12
2023  6 14 13
2023  6 14 14
2023  6 14 15
2023  6 14 16
2023  6 14 17
2023  6 14 18
2023  6 14 19
2023  6 14 20
2023  6 14 21
2023  6 14 22
2023  6 14 23
2023  6 15  0
2023  6 15  1
2023  6 15  2
2023  6 15  3
2023  6 15  4
2023  6 15  5
2023  6 15  6
2023  6 15  7
2023  6 15  8
2023  6 15  9
2023  6 15 10
2023  6 15 11
2023  6 15 12
2023  6 15 13
2023  6 15 14
2023  6 15 15
2023  6 15 16
2023  6 15 17
2023  6 15 18
2023  6 15 19
2023  6 15 20
2023  6 15 21
2023  6 15 22
2023  6 15 23
2023  6 16  0
2023  6 16  1
2023  6 16  2
2023  6 16  3
2023  6 16  4
2023  6 16  5
2023  6 16  6
2023  6 16  7
2023  6 16  8
2023  6 16  9
2023  6 16 10
2023  6 16 11
2023  6 16 12
2023  6 16 13
2023  6 16 14
2023  6 16 15
2023  6 16 16
2023  6 16 17
2023  6 16 18
2023  6 16 19
2023  6 16 20
2023  6 16 21
2023  6 16 22
2023  6 16 23
2023  6 17  0
2023  6 17  1
2023  6 17  2
2023  6 17  3
2023  6 17  4
2023  6 17  5
2023  6 17  6
2023  6 17  7
2023  6 17  8
2023  6 17  9
2023  6 17 10
2023  6 17 11
2023  6 17 12
2023  6 17 13
2023  6 17 14
2023  6 17 15
2023  6 17 16
2023  6 17 17
2023  6 17 18
2023  6 17 19
2023  6 17 20
2023  6 17 21
2023  6 17 22
2023  6 17 23
2023  6 18  0
2023  6 18  1
2023  6 18  2
2023  6 18  3
2023  6 18  4
2023  6 18  5
2023  6 18  6
2023  6 18  7
2023  6 18  8
2023  6 18  9
2023  6 18 10
2023  6 18 11
2023  6 18 12
2023  6 18 13
2023  6 18 14
2023  6 18 15
2023  6 18 16
2023  6 18 17
2023  6 18 18
2023  6 18 19
2023  6 18 20
2023  6 18 21
2023  6 18 22
2023  6 18 23
2023  6 19  0
2023  6 19  1
2023  6 19  2
2023  6 19  3
2023  6 19  4
2023  6 19  5
2023  6 19  6
2023  6 19  7
2023  6 19  8
2023  6 19  9
2023  6 19 10
2023  6 19 11
2023  6 19 12
2023  6 19 13
2023  6 19 14
2023  6 19 15
2023  6 19 16
2023  6 19 17
2023  6 19 18
2023  6 19 19
2023  6 19 20
2023  6 19 21
2023  6 19 22
2023  6 19 23
2023  6 20  0
2023  6 20  1
2023  6 20  2
2023  6 20  3
2023  6 20  4
2023  6 20  5
2023  6 20  6
2023  6 20  7
2023  6 20  8
2023  6 20  9
2023  6 20 10
2023  6 20 11
2023  6 20 12
2023  6 20 13
2023  6 20 14
2023  6 20 15
2023  6 20 16
2023  6 20 17
2023  6 20 18
2023  6 20 19
2023  6 20 20
2023  6 20 21
2023  6 20 22
2023  6 20 23
2023  6 21  0
2023  6 21  1
2023  6 21  2
2023  6 21  3
2023  6 21  4
2023  6 21  5
2023  6 21  6
2023  6 21  7
2023  6 21  8
2023  6 21  9
2023  6 21 10
2023  6 21 11
2023  6 21 12
2023  6 21 13
2023  6 21 14
2023  6 21 15
2023  6 21 16
2023  6 21 17
2023  6 21 18
2023  6 21 19
2023  6 21 20
2023  6 21 21
2023  6 21 22
2023  6 21 23
2023  6 22  0
2023  6 22  1
2023  6 22  2
2023  6 22  3
2023  6 22  4
2023  6 22  5
2023  6 22  6
2023  6 22  7
2023  6 22  8
2023  6 22  9
2023  6 22 10
2023  6 22 11
2023  6 22 12
2023  6 22 13
2023  6 22 14
2023  6 22 15
2023  6 22 16
2023  6 22 17
2023  6 22 18
2023  6 22 19
2023  6 22 20
2023  6 22 21
2023  6 22 22
2023  6 22 23
2023  6 23  0
2023  6 23  1
2023  6 23  2
2023  6 23  3
2023  6 23  4
2023  6 23  5
2023  6 23  6
2023  6 23  7
2023  6 23  8
2023  6 23  9
2023  6 23 10
2023  6 23 11
2023  6 23 12
2023  6 23 13
2023  6 23 14
2023  6 23 15
2023  6 23 16
2023  6 23 17
2023  6 23 18
2023  6 23 19
2023  6 23 20
2023  6 23 21
2023  6 23 22
2023  6 23 23
2023  6 24  0
2023  6 24  1
2023  6 24  2
2023  6 24  3
2023  6 24  4
2023  6 24  5
2023  6 24  6
2023  6 24  7
2023  6 24  8
2023  6 24  9
2023  6 24 10
2023  6 24 11
2023  6 24 12
2023  6 24 13
2023  6 24 14
2023  6 24 15
2023  6 24 16
2023  6 24 17
2023  6 24 18
2023  6 24 19
2023  6 24 20
2023  6 24 21
2023  6 24 22
2023  6 24 23
2023  6 25  0
2023  6 25  1
2023  6 25  2
2023  6 25  3
2023  6 25  4
2023  6 25  5
2023  6 25  6
2023  6 25  7
2023  6 25  8
2023  6 25  9
2023  6 25 10
2023  6 25 11
2023  6 25 12
2023  6 25 13
2023  6 25 14
2023  6 25 15
2023  6 25 16
2023  6 25 17
2023  6 25 18
2023  6 25 19
2023  6 25 20
2023  6 25 21
2023  6 25 22
2023  6 25 23
2023  6 26  0
2023  6 26  1
2023  6 26  2
2023  6 26  3
2023  6 26  4
2023  6 26  5
2023  6 26  6
2023  6 26  7
2023  6 26  8
2023  6 26  9
2023  6 26 10
2023  6 26 11
2023  6 26 12
2023  6 26 13
2023  6 26 14
2023  6 26 15
2023  6 26 16
2023  6 26 17
2023  6 26 18
2023  6 26 19
2023  6 26 20
2023  6 26 21
2023  6 26 22
2023  6 26 23
2023  6 27  0
2023  6 27  1
2023  6 27  2
2023  6 27  3
2023  6 27  4
2023  6 27  5
2023  6 27  6
2023  6 27  7
2023  6 27  8
2023  6 27  9
2023  6 27 10
2023  6 27 11
2023  6 27 12
2023  6 27 13
2023  6 27 14
2023  6 27 15
2023  6 27 16
2023  6 27 17
2023  6 27 18
2023  6 27 19
2023  6 27 20
2023  6 27 21
2023  6 27 22
2023  6 27 23
2023  6 28  0
2023  6 28  1
2023  6 28  2
2023  6 28  3
2023  6 28  4
2023  6 28  5
2023  6 28  6
2023  6 28  7
2023  6 28  8
2023  6 28  9
2023  6 28 10
2023  6 28 11
2023  6 28 12
2023  6 28 13
2023  6 28 14
2023  6 28 15
2023  6 28 16
2023  6 28 17
2023  6 28 18
2023  6 28 19
2023  6 28 20
2023  6 28 21
2023  6 28 22
2023  6 28 23
2023  6 29  0
2023  6 29  1
2023  6 29  2
2023  6 29  3
2023  6 29  4
2023  6 29  5
2023  6 29  6
2023  6 29  7
2023  6 29  8
2023  6 29  9
2023  6 29 10
2023  6 29 11
2023  6 29 12
2023  6 29 13
2023  6 29 14
2023  6 29 15
2023  6 29 16
2023  6 29 17
2023  6 29 18
2023  6 29 19
2023  6 29 20
2023  6 29 21
2023  6 29 22
2023  6 29 23
2023  6 30  0
2023  6 30  1
2023  6 30  2
2023  6 30  3
2023  6 30  4
2023  6 30  5
2023  6 30  6
2023  6 30  7
2023  6 30  8
2023  6 30  9
2023  6 30 10
2023  6 30 11
2023  6 30 12
2023  6 30 13
2023  6 30 14
2023  6 30 15
2023  6 30 16
2023  6 30 17
2023  6 30 18
2023  6 30 19
2023  6 30 20
2023  6 30 21
2023  6 30 22
2023  6 30 23
